151,162,132,146,146,141,154,130,154,163,133,152,145,150,153,160,146,159,149,149,147,147,150,167,144,150,146,137,134,140,145,138,154,151,162,133,145,148,146,169,134,141,142,157,143,184,145,149,144,130,154,144,143,154,134,157,136,146,140,137,159,145,146,138,148,130,148,127,142,151,148,154,156,150,158,160,147,152,143,153,144,147,149,161,154,137,159,153,172,149,152,163,146,142,143,136,148,134,147,128,147,150,144,140,159,128,139,144,157,160,134,163,144,148,161,139,154,135,163,143,147,147,142,162,137,153,155,150,145,164,163,147,137,155,144,159,141,153,151,151,150,158,153,145,141,141,153,148,129,174,151,159,157,141,160,154,139,135,152,132,165,157,163,155,142,134,140,144,143,154,151,134,134,145,125,154,156,153,153,161,150,154,164,175,163,152,157,171,139,141,166,150,126,172,157,163,149,152,153,158,134,161,165,165,142,161,125,148,141,149,166,133,150,148,169,131,144,143,141,143,146,148,146,153,145,148,154,163,150,148,129,140,144,160,157,146,154,145,162,163,159,153,146,136,160,163,163,158,145,135,150,153,141,160,168,147,147,150,157,139,151,145,160,156,162,164,142,178,149,147,140,148,154,158,144,139,144,146,160,145,151,171,162,148,133,150,160,165,164,151,165,157,141,147,159,150,144,166,148,121,139,153,157,139,166,159,154,126,171,163,137,154,153,150,138,137,150,140,143,141,146,144,146,155,151,162,143,136,150,150,147,155,146,137,166,168,156,139,163,157,127,156,150,139,163,146,157,161,154,163,158,171,180,157,125,148,161,149,142,136,155,144,147,158,163,148,139,144,143,131,154,142,144,153,134,131,156,154,162,155,141,149,155,162,158,143,150,164,170,150,138,164,148,148,168,144,147,155,163,153,138,148,139,147,160,146,141,149,148,148,154,149,151,156,131,151,151,151,160,137,154,133,156,140,146,148,144,167,147,142,155,148,156,139,160,175,147,170,160,145,149,150,161,159,154,144,154,156,156,151,149,151,175,151,161,152,149,149,149,144,160,151,166,141,148,152,148,138,140,149,154,162,143,161,160,156,150,165,148,156,164,150,145,152,154,147,129,134,147,163,148,133,144,136,148,161,142,141,143,138,153,135,154,155,168,140,166,159,156,154,161,147,145,141,142,153,154,153,157,141,152,144,136,151,164,145,158,149,145,151,149,141,145,139,143,153,137,133,158,163,157,142,149,151,154,139,151,151,155,162,141,147,143,138,161,162,146,153,141,151,148,152,163,140,143,145,144,169,163,150,149,150,174,132,130,155,136,152,163,155,145,146,148,151,151,158,134,131,157,165,137,122,152,135,149,139,166,146,131,145,144,153,158,153,134,164,136,164,168,138,139,145,146,134,163,156,140,152,146,160,149,161,167,161,122,137,132,147,141,158,165,154,145,138,140,163,128,137,161,136,143,152,178,143,149,159,139,153,161,146,174,147,140,154,153,164,137,174,148,153,149,153,165,165,149,168,157,149,138,134,150,171,150,145,142,158,156,142,138,171,136,158,156,175,149,148,134,158,135,151,139,156,136,147,141,134,155,150,163,131,158,158,152,163,141,163,162,138,156,137,159,146,166,149,152,156,147,141,165,152,146,163,158,148,161,158,144,160,167,165,150,163,154,149,148,146,146,150,144,140,144,151,162,136,151,137,140,165,152,147,151,145,156,155,162,175,148,163,157,133,163,151,157,152,155,137,150,167,138,149,143,133,172,156,138,152,144,129,162,163,162,148,135,150,152,161,156,136,149,150,157,160,149,143,164,142,148,146,146,156,148,160,159,158,139,150,140,157,154,173,149,171,153,157,154,143,150,153,137,150,161,133,151,142,157,165,161,147,152,151,140,126,146,143,183,132,141,155,147,137,150,146,152,164,135,136,126,147,139,164,150,150,156,146,139,150,129,153,147,150,148,147,156,143,153,149,161,147,126,160,150,147,166,139,148,138,120,148,135,139,161,140,158,139,153,156,155,144,137,161,150,151,141,176,152,146,146,146,144,163,158,136,161,145,154,136,139,150,136,146,157,144,153,146,138,154,153,167,153,146,151,146,152,149,150,152,172,139,150,150,137,153,146,143,156,147,165,151,145,145,144,152,145,140,161,168,152,123,161,157,157,157,135,153,156,152,154,158,158,140,149,167,148,149,135,147,151,146,153,146,173,151,152,154,138,162,132,167,138,148,147,153,132,153,146,141,143,158,161,142,167,136,169,144,142,137,148,144,150,150,152,161,161,179,139,141,152,149,136,143,152,148,144,133,152,166,130,156,157,156,160,160,156,122,138,135,135,136,135,158,150,166,162,156,139,148,154,158,150,153,127,159,173,151,154,155,138,144,152,162,142,167,135,167,153,141,154,164,140,157,139,145,137,144,163,163,145,153,154,148,147,164,160,157,159,157,149,174,136,143,153,161,152,148,126,137,150,158,135,140,157,139,149,147,160,148,151,152,143,142,158,157,166,166,149,154,175,162,153,143,148,159,136,154,142,154,159,146,151,149,139,158,163,156,156,138,170,155,152,142,141,161,148,138,143,135,154,140,140,137,128,154,166,157,152,156,147,169,158,142,159,152,145,142,149,138,162,151,155,152,157,172,156,137,136,171,150,160,148,162,154,141,148,127,138,162,137,143,135,158,150,153,154,161,164,144,159,150,158,147,148,137,151,151,145,157,144,147,145,137,151,165,144,140,144,154,146,152,149,163,153,144,152,151,149,146,139,170,144,151,156,168,158,147,131,146,156,168,154,159,151,149,130,160,167,150,155,138,153,161,142,150,147,145,159,150,149,135,138,144,142,156,148,154,134,142,151,162,160,165,148,153,135,154,146,165,153,161,142,150,158,165,151,161,138,164,148,126,152,155,143,175,135,142,143,130,161,156,140,150,132,141,172,148,120,136,141,155,149,148,159,155,150,138,161,159,153,159,159,151,141,141,156,162,135,154,146,145,125,147,151,162,154,144,153,144,160,157,150,157,143,144,162,136,138,132,137,131,142,146,145,159,145,144,141,155,149,127,137,148,145,172,140,148,158,159,155,162,167,151,144,151,154,130,145,147,159,149,173,153,153,166,140,136,150,149,164,153,140,166,161,168,165,132,153,158,140,137,161,147,142,136,155,151,158,145,136,139,148,151,138,148,152,150,162,150,150,131,159,147,167,135,149,154,163,155,142,154,139,154,164,137,142,141,145,150,140,163,149,134,156,163,148,126,123,156,126,146,146,153,138,158,168,149,137,143,156,145,151,154,143,161,142,155,156,148,124,154,140,147,129,141,139,128,157,133,143,146,154,170,161,135,162,163,137,135,142,144,149,155,148,173,137,148,144,141,141,154,143,160,153,145,144,157,145,159,149,151,123,134,153,159,143,143,154,125,159,137,160,143,160,160,151,145,136,143,150,161,157,150,160,146,136,164,149,132,158,151,139,161,143,123,188,140,135,155,157,143,149,136,148,141,139,153,150,154,163,143,147,142,161,149,147,160,155,145,142,139,152,148,147,161,146,140,144,139,140,172,160,154,143,153,145,159,149,132,159,161,150,150,143,152,130,153,142,142,162,150,138,152,154,176,164,141,133,149,157,147,163,138,139,133,150,150,140,171,134,156,137,154,156,151,147,157,131,152,143,135,150,151,141,146,150,146,139,154,165,155,147,141,153,163,145,177,133,143,150,159,141,161,150,152,163,137,152,145,155,139,140,160,167,154,150,155,142,143,141,146,144,149,143,159,147,148,139,146,152,136,144,159,152,147,153,155,153,139,133,159,140,153,149,146,138,160,140,144,133,150,138,141,146,146,126,143,161,163,174,151,163,146,156,168,150,140,165,166,144,163,164,144,139,149,141,168,161,141,140,155,136,135,145,134,154,149,161,146,145,165,159,141,166,166,152,124,151,141,154,132,152,146,151,138,144,161,159,157,145,150,161,179,165,162,144,148,137,161,148,148,148,153,144,152,135,167,150,141,130,133,177,134,147,168,152,166,155,147,155,157,149,151,155,149,158,151,150,155,147,146,158,138,144,157,144,146,158,143,138,152,159,137,140,139,141,136,166,142,138,130,155,148,146,154,163,153,144,128,144,143,165,155,144,136,135,155,132,145,150,152,150,165,143,152,146,144,139,145,144,161,138,154,149,165,149,155,150,147,154,157,158,173,145,122,141,154,133,134,150,146,150,131,162,159,139,152,155,146,152,143,141,163,160,128,145,163,149,159,166,159,142,165,140,147,161,163,155,145,151,159,143,139,150,167,142,151,163,148,165,137,145,155,165,135,162,164,171,145,149,155,158,174,163,152,150,149,157,147,146,168,147,140,145,143,170,158,156,147,160,141,165,143,157,156,149,145,168,154,165,153,150,132,156,139,137,133,148,156,147,144,175,155,154,143,155,158,146,148,144,158,147,144,161,142,147,146,152,147,145,141,144,139,159,146,153,129,174,153,147,135,171,140,145,141,149,149,159,170,146,137,152,143,148,146,167,149,157,134,150,149,137,147,162,129,161,146,150,157,155,146,151,154,140,150,153,139,143,169,153,155,159,160,151,138,161,153,145,137,157,157,140,151,141,151,154,150,168,163,163,127,163,143,162,145,154,141,141,167,156,158,144,153,171,147,153,141,161,149,178,152,149,157,146,154,125,162,150,146,152,153,163,155,154,157,139,125,167,154,150,161,149,142,133,163,164,132,148,147,141,146,150,147,141,140,161,147,146,144,137,156,161,133,151,149,144,164,151,166,157,142,146,155,127,143,152,147,156,149,151,150,152,148,164,150,138,142,156,147,137,149,156,165,154,141,149,163,156,143,162,137,153,138,145,158,155,136,149,152,145,155,155,166,157,148,134,153,136,154,157,152,151,150,147,153,147,154,163,157,160,164,149,154,163,154,134,153,152,150,143,158,154,146,147,140,155,153,166,137,163,149,159,146,173,133,152,143,151,160,161,156,143,144,157,142,148,157,146,170,155,139,161,173,141,152,148,155,140,150,156,157,156,149,156,154,132,132,153,130,142,141,150,149,146,160,158,151,160,145,154,156,153,161,148,169,157,141,160,142,163,144,179,125,151,155,157,148,169,147,141,153,154,134,158,149,151,143,132,169,147,137,151,145,145,158,156,157,149,156,142,159,162,149,160,133,160,145,143,163,151,158,152,155,144,156,155,161,146,157,148,157,142,140,149,165,140,147,144,149,135,151,149,149,147,158,144,150,158,154,153,168,139,142,158,153,154,147,158,158,159,141,164,130,134,147,156,156,173,170,152,149,160,145,160,140,145,140,135,134,162,140,169,149,164,129,150,122,138,148,150,150,145,157,155,145,163,158,157,156,156,148,144,169,145,159,146,172,153,139,161,144,158,149,155,136,139,152,159,167,167,140,158,142,142,156,144,162,147,152,155,152,148,154,136,160,161,142,147,159,158,130,134,148,133,144,153,153,163,146,145,145,137,142,177,148,144,155,147,155,135,138,158,144,148,153,160,153,156,160,143,150,164,153,150,152,144,144,142,142,159,147,148,171,138,146,142,152,171,137,135,146,138,148,134,155,155,139,164,142,155,135,163,150,145,145,155,166,120,145,154,151,142,161,161,154,141,155,146,142,145,135,139,156,170,148,149,135,150,136,166,147,131,155,146,158,149,159,170,149,164,150,130,147,150,134,152,152,150,154,155,159,145,156,173,162,125,160,149,155,153,143,139,143,164,151,130,143,153,171,150,155,145,140,150,142,151,163,159,163,159,140,148,144,144,161,146,146,135,125,160,148,158,135,153,143,168,176,140,153,146,147,150,132,156,124,148,149,160,148,154,132,159,148,164,144,143,148,135,148,160,140,159,160,131,149,152,152,175,140,154,156,156,147,144,158,160,147,154,162,156,136,156,151,152,151,145,126,160,165,140,157,148,145,159,139,162,152,163,150,160,155,145,128,153,165,156,152,154,156,144,154,141,142,148,130,120,158,174,145,151,152,153,148,154,159,165,139,139,151,147,149,169,134,144,144,148,159,148,148,152,139,138,155,138,153,135,155,163,138,143,171,151,149,166,157,141,140,145,144,163,145,132,156,159,154,138,159,151,147,141,136,127,147,144,165,150,150,164,143,142,160,169,153,157,142,152,133,134,152,163,145,138,150,159,156,161,155,134,144,134,137,166,149,144,166,158,131,153,146,158,153,140,168,141,154,147,138,145,149,165,136,152,139,142,157,147,159,175,129,139,150,128,144,151,152,153,142,145,155,157,161,146,138,151,152,136,160,142,138,149,154,141,129,150,155,146,162,156,150,142,158,145,139,142,154,148,157,158,151,160,141,146,132,149,154,137,157,130,153,124,149,162,163,149,153,152,157,135,154,144,157,143,146,144,144,146,140,149,154,136,165,143,121,129,168,145,172,161,149,127,148,141,148,148,146,149,160,157,156,150,136,148,145,134,154,142,134,136,132,151,169,163,141,137,139,144,167,141,164,129,151,161,143,139,156,154,135,147,158,141,153,157,144,140,169,155,139,160,167,158,149,167,146,151,172,157,160,155,154,140,161,115,178,141,140,155,139,157,147,158,151,128,135,162,133,154,141,149,153,133,163,150,144,149,134,151,133,160,176,156,142,136,160,135,139,163,145,161,164,146,144,126,164,133,147,145,155,147,147,146,146,143,138,132,148,133,147,152,161,154,157,170,162,149,130,151,152,139,148,145,179,149,140,151,148,147,146,156,154,134,143,140,144,147,151,146,177,152,147,135,152,152,142,138,146,132,158,134,147,150,149,150,151,167,163,146,166,172,138,152,145,138,142,132,146,140,150,154,138,139,138,162,144,144,143,140,131,158,156,148,146,127,152,153,145,148,159,136,153,141,158,146,149,142,135,140,139,159,142,137,137,158,136,138,150,152,138,154,158,123,140,148,169,158,151,152,144,150,163,156,135,152,149,151,141,162,141,152,135,169,140,156,161,153,158,139,153,150,146,135,141,160,156,158,165,156,149,128,145,135,147,160,145,160,146,175,136,167,139,128,159,138,162,158,149,148,151,168,133,158,163,156,138,155,141,157,159,135,145,152,163,139,145,158,154,129,161,148,147,144,153,154,157,151,152,159,150,133,168,170,155,141,157,146,134,142,150,164,158,153,156,154,152,147,152,143,146,145,149,141,135,165,154,161,170,167,141,129,138,163,161,150,149,160,138,146,150,151,129,156,149,139,155,153,141,164,143,135,155,139,153,140,159,148,155,177,165,157,149,148,187,127,155,155,156,149,143,147,172,147,155,154,143,147,145,169,150,162,150,157,165,155,162,157,165,160,154,158,155,151,161,149,145,153,151,155,150,143,156,170,138,160,152,152,133,145,161,148,141,161,151,154,151,150,158,154,142,159,155,142,149,135,141,150,160,146,139,146,149,151,138,156,147,158,134,146,150,159,136,151,145,146,135,160,145,156,150,146,145,146,146,129,142,145,141,163,137,169,151,150,158,150,149,136,160,133,136,134,151,165,152,133,154,174,135,138,150,153,152,141,163,148,146,140,152,142,151,134,142,160,143,149,147,143,129,160,168,145,137,152,167,152,118,147,167,163,161,145,142,145,157,138,159,132,151,186,159,153,157,152,141,152,150,148,155,146,152,135,136,142,153,136,143,152,138,135,139,139,146,140,158,153,141,153,155,145,146,144,160,151,140,128,147,150,175,140,141,141,156,145,160,140,150,150,140,140,145,149,147,162,146,145,144,171,144,157,140,152,151,155,142,143,149,154,153,165,141,149,167,151,143,146,156,132,140,164,158,165,166,152,133,130,132,145,151,171,147,143,156,149,149,153,150,142,177,151,156,153,147,154,137,154,154,149,157,148,152,145,169,158,139,160,149,151,154,149,151,147,152,145,133,148,165,168,140,141,163,130,134,140,145,165,146,144,156,168,138,163,147,143,164,153,136,154,143,166,168,135,153,155,134,150,147,160,150,154,163,154,170,140,142,145,140,138,146,135,144,151,143,145,151,145,144,139,128,144,159,139,149,147,133,147,148,164,149,146,145,156,163,154,155,167,146,149,157,152,163,148,155,118,137,156,158,142,140,160,150,157,146,150,158,149,143,156,124,142,147,157,157,164,137,153,161,148,148,146,154,165,146,144,180,148,157,133,131,144,144,165,155,138,159,131,147,151,135,139,126,153,142,165,158,154,159,168,143,168,146,140,158,139,142,145,141,143,137,138,153,143,160,151,147,131,142,136,130,157,143,164,149,152,158,142,140,161,164,154,165,155,153,148,146,152,163,157,142,138,150,145,154,161,154,143,163,145,154,164,145,134,146,149,130,149,149,163,145,176,152,155,161,155,144,145,139,146,150,145,154,168,142,183,131,166,149,147,154,142,138,139,148,151,141,147,161,157,139,155,139,140,136,158,159,128,156,158,165,151,157,138,160,154,160,161,143,188,137,150,161,152,150,174,150,171,146,149,132,138,148,145,147,154,147,138,148,152,134,152,138,151,142,142,161,152,142,151,169,150,157,143,140,164,152,160,133,140,138,143,139,146,142,172,151,150,155,145,142,152,138,154,149,152,144,161,156,154,137,156,132,157,163,143,160,151,150,139,136,171,139,161,161,158,155,136,161,146,141,139,135,148,132,165,135,160,127,145,136,156,165,152,132,153,134,151,136,136,177,143,149,141,149,137,144,162,137,147,156,152,138,144,139,167,164,154,138,162,132,151,137,165,160,129,145,141,144,163,162,156,152,152,150,151,142,151,133,156,155,119,152,128,141,154,152,153,143,153,139,149,154,141,151,130,155,135,151,148,147,150,151,161,153,144,148,141,156,147,156,146,176,165,150,165,145,146,139,156,161,151,155,160,171,138,153,145,140,151,140,135,173,145,152,152,164,165,138,142,150,131,161,142,144,146,149,140,156,142,147,157,152,151,154,153,148,145,147,143,153,137,156,161,144,155,144,146,147,131,144,151,147,137,149,144,152,158,151,143,143,158,157,148,154,153,138,139,136,144,147,150,144,150,155,152,134,147,139,157,156,152,165,139,144,148,142,133,142,141,161,153,139,171,136,148,148,141,160,139,135,149,154,146,145,151,143,153,144,153,140,148,143,159,152,174,135,156,143,139,150,128,157,159,136,153,142,148,147,160,167,144,161,145,145,160,167,153,157,150,140,150,134,152,166,151,159,154,173,159,160,170,153,135,157,152,141,142,151,137,149,137,155,154,176,146,145,161,144,148,144,169,162,157,148,153,141,152,153,145,139,148,165,148,147,145,128,166,159,140,168,142,166,130,158,162,144,155,153,172,154,143,166,146,139,149,136,162,147,155,143,160,139,162,163,152,149,142,134,149,141,131,168,150,136,141,171,148,153,153,162,135,149,161,148,153,127,152,141,136,136,156,170,153,147,152,155,141,155,156,157,147,147,149,142,139,163,141,150,145,158,131,151,156,140,127,156,167,131,144,167,138,156,157,154,150,154,151,152,168,158,155,151,135,160,151,137,140,146,143,139,158,145,151,137,159,161,155,146,147,146,147,146,136,153,158,121,144,155,163,142,143,149,151,136,163,143,166,143,167,149,164,155,141,159,145,123,158,152,138,135,139,153,164,149,164,122,154,142,146,145,147,159,140,154,143,150,147,159,166,150,155,150,131,141,119,150,148,155,154,155,160,158,148,151,149,166,139,160,138,159,162,133,153,144,145,150,153,154,149,154,165,155,168,157,140,148,147,160,168,145,166,152,144,158,158,151,149,150,177,144,145,149,158,170,154,152,130,157,148,154,161,151,138,168,172,164,142,161,165,147,142,144,149,155,152,152,150,154,148,155,138,158,149,154,162,158,137,149,149,169,141,152,139,145,148,160,144,153,142,156,129,143,148,168,157,150,153,160,144,156,150,155,143,159,156,147,165,139,142,142,135,164,150,152,155,135,153,151,136,148,151,146,164,159,149,143,150,141,164,151,145,146,148,174,152,138,151,146,162,158,150,134,147,154,156,142,163,144,152,149,162,169,154,155,141,135,153,150,162,151,166,151,165,150,146,142,150,126,136,164,152,153,155,153,146,143,156,164,137,167,143,156,151,151,153,149,164,160,152,142,159,145,165,155,164,137,139,157,149,145,147,156,167,130,133,148,150,155,129,154,152,140,142,158,144,153,144,136,155,142,142,153,139,147,146,163,166,163,135,162,147,149,150,154,144,167,148,177,167,163,160,140,160,133,165,149,150,149,149,150,148,153,157,174,157,143,144,160,153,164,152,170,146,136,131,152,153,139,156,135,160,153,163,157,157,140,152,142,151,149,145,166,133,149,154,152,137,145,166,154,157,153,135,137,149,157,132,135,151,146,159,141,150,158,151,129,149,136,153,140,137,148,155,149,151,147,132,135,162,142,152,148,142,135,151,169,140,149,152,140,152,159,166,166,157,177,158,140,131,157,149,168,144,144,153,126,162,161,161,154,145,160,158,156,147,166,144,133,162,169,159,160,138,139,165,154,150,161,150,147,149,164,152,164,145,144,130,163,147,146,143,146,150,147,138,169,156,145,145,142,152,148,140,155,152,140,148,140,145,169,157,145,136,162,155,155,150,157,162,176,154,144,150,172,147,155,146,140,145,151,157,161,137,146,170,165,158,145,152,129,159,169,151,147,139,144,147,156,135,147,150,149,139,160,135,151,132,138,149,141,140,150,176,155,152,133,142,156,144,151,147,152,156,167,150,138,144,150,165,118,145,155,145,139,152,133,142,138,133,151,159,149,149,148,160,158,134,133,148,153,134,146,135,126,158,139,153,156,170,148,151,169,173,145,156,161,142,146,135,149,152,142,151,148,159,147,140,149,159,139,140,154,150,150,163,146,145,160,151,172,160,150,140,152,151,138,147,174,120,136,150,159,135,159,142,154,164,146,135,152,131,154,152,156,150,140,150,146,148,149,149,148,166,154,156,150,141,146,147,152,158,143,154,156,144,152,142,141,121,145,157,148,149,134,145,145,158,148,141,169,153,142,162,145,145,137,139,145,149,152,148,129,156,148,150,150,151,130,145,122,140,158,152,161,152,143,152,148,145,151,148,156,162,170,141,153,148,159,125,150,137,148,148,135,156,150,143,158,140,167,165,138,147,151,150,147,168,161,147,162,156,151,157,153,154,140,138,134,158,149,160,146,151,147,137,137,138,155,174,147,152,150,149,133,159,152,159,155,159,152,155,150,150,139,137,137,153,173,158,164,152,127,145,150,157,154,158,161,158,146,132,144,136,151,166,147,156,154,160,151,133,156,150,143,151,162,136,164,155,136,169,165,155,142,133,130,158,138,154,153,164,142,150,150,156,160,180,154,169,163,133,127,154,143,141,153,156,149,123,144,150,160,146,143,160,164,157,135,145,156,165,128,164,146,157,146,173,135,158,149,149,147,153,155,160,143,149,155,157,164,148,159,154,139,149,157,140,152,140,164,146,144,146,147,136,171,155,166,156,143,144,175,167,152,152,154,153,143,148,144,156,182,138,132,149,139,156,154,147,142,155,164,160,130,134,154,146,149,146,156,162,157,144,148,156,158,140,142,155,144,149,151,159,147,150,159,146,138,148,153,144,169,146,147,132,155,147,143,151,142,159,153,145,147,148,162,166,135,138,152,155,154,148,152,141,158,168,145,168,146,142,137,145,146,148,147,157,139,150,153,134,149,145,148,153,151,143,149,154,167,155,125,159,158,144,164,159,155,153,127,143,159,145,137,148,143,124,149,152,140,144,155,158,146,141,135,141,155,143,147,137,143,151,158,145,148,155,144,144,144,146,154,154,140,142,150,156,133,152,161,141,168,147,141,158,151,159,147,146,143,141,155,151,175,155,157,141,159,153,159,140,172,152,145,158,152,164,142,142,156,161,142,151,141,155,144,144,156,156,160,150,149,150,152,159,149,146,153,143,149,160,152,138,155,144,158,151,147,138,147,151,156,144,160,168,135,152,167,146,154,150,141,145,171,164,145,159,156,134,158,149,150,140,153,150,155,149,133,144,142,146,165,161,147,133,165,161,155,156,143,151,154,136,143,166,165,176,153,148,133,151,161,164,151,150,158,160,143,152,158,142,145,158,119,154,164,154,131,131,151,156,146,155,139,142,173,155,151,143,158,139,165,153,165,131,156,155,135,138,140,152,154,146,137,172,150,157,135,162,148,158,159,169,172,139,148,138,148,151,144,159,151,152,161,154,165,151,153,149,126,151,152,152,156,128,157,169,154,150,178,161,127,128,161,163,148,156,146,150,135,143,152,144,142,155,159,144,148,155,142,152,172,155,153,177,127,145,149,164,154,164,143,136,158,149,149,150,150,154,150,143,142,132,154,140,160,152,158,168,159,160,133,138,155,135,146,156,163,133,136,148,142,156,155,129,147,159,147,147,165,144,150,135,155,161,156,150,149,152,143,151,147,150,163,164,145,153,141,163,154,151,148,145,152,153,157,152,161,163,142,158,149,152,155,142,147,147,142,136,169,152,156,141,160,138,138,139,141,145,141,156,136,152,156,147,160,139,136,153,147,161,147,147,151,155,147,128,151,148,151,165,140,143,144,143,158,153,134,137,154,161,144,145,163,146,144,149,140,149,175,149,148,156,160,152,145,144,150,146,153,136,155,145,154,141,140,154,138,141,138,142,152,141,148,145,156,141,146,156,136,153,140,163,137,152,146,149,137,138,154,145,150,143,139,143,158,138,142,148,161,149,140,155,134,154,138,155,151,145,153,147,153,162,138,153,140,143,127,141,153,164,162,127,172,148,139,150,143,139,170,163,136,135,145,156,145,150,165,141,159,156,153,151,151,149,137,157,141,149,152,146,155,158,162,150,158,150,140,147,128,134,131,147,154,147,148,155,149,161,156,157,147,150,141,155,147,160,155,139,146,146,153,142,145,166,158,162,165,164,159,159,136,152,132,162,151,145,153,175,136,142,158,148,169,147,148,168,150,155,135,156,140,156,134,154,153,159,143,158,149,141,160,142,153,150,143,132,153,170,156,146,151,129,150,142,139,151,136,147,143,148,163,160,147,149,145,163,153,154,147,161,144,144,148,142,139,155,141,146,143,158,150,136,140,146,153,165,151,150,144,144,148,143,149,152,154,159,150,151,150,138,154,154,164,161,159,150,141,149,152,158,153,151,131,171,176,144,161,148,160,144,150,159,136,151,154,139,156,160,151,154,141,161,164,145,166,153,137,141,169,139,149,155,143,146,148,132,154,146,154,158,161,140,134,158,168,150,149,147,142,152,164,152,153,155,161,141,140,150,154,160,150,152,143,154,147,159,161,142,154,154,131,151,152,155,143,151,166,166,150,140,168,154,159,161,161,149,137,125,162,147,154,151,137,159,148,139,148,145,165,149,143,136,150,158,140,161,135,147,113,148,149,153,150,147,164,151,152,144,152,150,161,138,146,144,152,158,136,158,143,143,142,146,149,167,151,140,140,160,138,141,152,139,145,154,164,163,142,152,144,157,145,157,148,149,136,159,126,160,152,144,156,139,134,148,145,152,143,157,150,165,146,158,145,159,146,153,154,163,150,155,151,160,163,142,145,147,138,126,138,139,156,142,133,157,141,173,159,136,148,168,165,145,158,158,157,156,163,141,143,159,140,135,155,147,147,144,137,138,137,148,137,149,142,151,149,153,132,168,160,139,172,154,145,151,153,153,152,160,157,157,172,148,132,135,140,151,153,155,163,133,132,141,141,153,149,156,166,154,136,149,152,146,144,153,152,129,130,147,138,155,172,159,132,165,125,171,172,143,152,140,137,157,161,156,140,128,147,154,159,173,144,158,135,135,154,171,138,152,148,151,162,140,151,135,153,145,140,137,163,142,157,139,160,136,144,160,171,166,152,145,147,158,138,140,151,153,151,157,140,138,151,146,141,143,147,167,148,141,149,164,153,178,134,148,130,165,173,161,148,145,171,146,156,149,145,147,165,157,138,153,139,149,146,152,144,163,146,143,142,139,158,156,153,138,146,153,158,157,156,151,142,153,149,144,141,155,148,146,153,135,147,150,144,146,163,145,154,142,152,132,155,147,150,129,155,158,178,149,135,135,153,132,165,153,163,145,155,151,144,136,139,151,146,148,153,135,155,166,167,141,144,137,153,156,162,161,150,155,151,150,148,164,164,140,149,129,168,146,153,171,157,164,155,144,139,154,142,144,162,116,153,163,150,134,135,149,149,156,137,144,140,147,160,158,161,156,143,162,153,149,151,140,156,152,152,149,160,153,171,163,163,134,160,152,132,148,155,173,150,145,155,136,152,147,140,149,159,139,159,142,140,161,151,163,165,152,137,145,157,151,157,135,149,146,172,172,152,146,143,148,163,158,139,152,135,169,149,146,149,133,148,168,155,155,162,162,142,137,148,133,147,139,160,153,169,147,152,142,170,154,135,157,149,158,154,152,165,140,156,137,142,148,140,156,142,144,133,134,158,139,159,135,162,154,150,158,151,150,144,133,150,151,133,169,155,141,157,147,136,146,156,150,147,160,147,158,147,141,155,150,168,154,155,157,130,158,174,136,163,176,155,149,151,151,169,149,150,153,141,154,140,141,144,140,145,144,148,158,146,158,137,138,147,151,150,157,155,145,144,157,148,158,150,138,144,144,152,158,167,150,156,158,148,142,135,147,142,128,168,148,135,181,150,156,161,147,154,155,159,140,154,162,166,160,143,150,142,128,149,155,152,144,153,177,153,146,149,154,132,154,140,156,136,155,142,138,150,163,143,162,136,157,184,156,145,145,154,146,147,146,145,137,150,163,126,148,126,152,139,166,155,160,148,141,161,147,144,150,150,155,139,145,143,177,156,159,143,160,137,140,155,139,146,155,168,148,146,162,151,141,149,156,153,157,162,146,156,133,143,149,136,142,160,157,133,157,162,158,155,143,151,150,159,158,151,147,136,143,142,165,162,150,150,139,144,153,165,154,160,143,160,159,143,152,141,155,147,144,167,134,153,164,154,150,145,157,153,127,140,144,153,131,164,138,128,147,151,148,148,149,164,156,166,131,156,149,151,143,138,141,140,140,150,136,137,134,139,145,156,157,149,157,154,155,148,151,170,150,135,147,165,161,148,146,126,150,139,152,157,158,138,141,164,126,141,151,150,123,154,160,146,141,149,153,157,159,163,138,147,157,128,153,125,149,155,160,133,158,153,141,158,147,145,150,165,124,155,148,138,148,132,147,165,153,145,144,161,153,150,158,150,183,136,160,134,168,159,168,146,133,144,146,172,140,143,155,135,148,152,140,138,145,140,160,134,128,164,150,147,154,144,153,160,147,158,149,150,170,151,151,140,152,159,152,155,155,163,138,142,153,154,136,153,151,132,148,146,130,134,157,150,148,146,145,140,154,159,142,132,147,142,152,151,161,138,155,153,153,138,148,163,143,134,163,139,147,167,164,147,123,140,123,152,144,130,127,148,149,152,148,157,162,136,137,140,131,153,159,152,139,148,155,152,140,151,135,154,147,150,143,169,135,141,162,146,161,150,127,154,154,141,131,147,138,139,155,162,155,171,148,154,157,137,161,139,153,153,143,157,152,155,142,139,147,146,160,146,160,145,134,150,137,159,146,148,144,162,145,165,144,134,146,154,141,146,146,155,155,149,149,150,142,168,140,152,160,137,153,160,148,155,156,164,152,139,156,149,151,145,145,164,155,162,149,151,145,144,141,149,156,135,154,161,141,153,136,157,144,158,154,159,158,157,129,120,142,149,141,144,154,152,166,141,148,148,143,143,161,153,143,135,157,156,157,146,154,156,149,147,141,171,174,148,145,128,154,143,161,148,129,138,145,129,134,147,151,137,151,174,133,149,133,148,170,148,155,140,147,153,150,147,139,138,160,156,149,140,162,143,138,151,142,150,161,161,160,139,144,137,154,144,165,163,165,143,172,150,152,146,166,159,162,151,157,158,153,148,161,163,161,145,150,155,160,143,131,138,141,147,155,150,154,149,143,158,172,145,148,152,146,136,143,145,166,149,165,166,147,161,135,159,146,159,139,157,150,150,143,152,155,155,158,144,143,137,141,150,142,130,150,152,156,140,138,155,150,150,145,163,155,139,140,149,161,162,147,138,138,140,179,143,166,142,148,154,149,159,142,157,159,161,141,164,156,154,138,150,148,147,162,144,128,159,157,148,153,136,171,139,153,147,141,154,133,158,162,162,162,152,149,155,154,159,154,148,152,142,146,167,138,169,141,117,132,157,141,157,164,160,155,149,164,163,140,149,146,150,138,158,157,139,147,127,139,152,156,150,144,149,146,158,155,148,153,149,139,153,148,153,152,146,155,156,162,144,128,123,162,136,160,154,148,147,143,137,143,164,150,140,143,142,138,175,158,161,155,154,133,156,154,130,134,135,163,158,161,140,154,154,141,142,146,154,145,131,142,145,160,150,157,137,151,150,155,145,136,161,137,133,161,156,132,145,149,150,146,133,152,158,149,150,150,155,141,158,155,146,153,125,138,136,148,140,154,148,143,151,134,154,154,136,139,160,163,145,144,155,146,163,157,148,152,150,151,138,151,154,146,168,144,176,151,150,150,149,157,147,156,130,160,141,141,167,137,143,156,140,157,143,147,147,162,140,143,145,169,149,155,151,169,156,140,152,157,170,150,137,146,143,156,145,164,163,156,177,131,184,154,147,155,153,152,154,142,182,145,141,147,144,143,143,167,166,153,162,137,159,158,161,162,135,177,152,149,162,140,141,159,133,167,169,152,137,153,157,151,150,147,167,137,145,164,148,164,176,149,156,164,153,154,158,161,152,151,152,144,157,139,134,154,149,158,147,144,179,135,155,136,140,155,148,153,138,141,143,144,147,143,148,151,151,165,153,139,155,140,154,143,146,131,149,146,151,135,152,140,152,171,151,144,152,122,135,140,164,144,156,143,139,153,133,149,157,151,161,156,149,158,136,144,152,163,151,147,144,163,152,148,156,164,172,137,158,143,165,167,142,133,145,160,136,156,147,147,161,148,147,155,155,164,146,144,152,159,160,156,151,150,157,147,158,149,159,148,150,136,151,151,140,143,161,153,144,147,143,153,151,156,151,139,152,146,158,141,153,129,158,169,152,134,151,142,151,154,145,155,140,142,141,143,145,141,141,154,128,149,153,143,169,147,145,136,146,150,139,152,144,161,152,135,140,146,148,158,141,150,137,144,147,143,139,137,122,150,153,172,161,148,146,142,151,137,164,155,150,155,159,156,142,154,152,145,143,154,121,129,160,153,148,149,147,181,166,139,154,156,144,139,160,144,160,158,151,161,159,167,145,150,147,165,139,137,162,144,147,146,131,171,128,164,129,153,162,139,144,157,145,153,159,170,159,159,132,143,157,146,153,145,168,144,135,153,151,140,147,159,136,144,157,154,162,149,143,156,154,151,166,163,135,183,141,147,148,159,162,145,153,143,153,126,139,165,153,147,157,149,142,142,147,148,141,158,146,152,164,143,164,154,161,159,133,174,143,163,148,156,166,171,135,133,149,144,133,168,147,146,148,138,150,161,135,142,146,140,171,148,144,142,178,163,145,132,157,143,146,158,125,151,153,148,164,150,147,131,140,146,138,164,147,155,145,146,168,143,165,143,152,154,110,148,144,147,154,150,163,144,159,157,156,131,174,135,161,151,140,160,157,138,146,167,145,141,149,147,153,144,156,154,138,150,136,154,155,153,135,150,140,151,125,158,154,143,163,145,148,146,149,141,157,165,144,159,154,150,144,137,156,152,151,152,136,143,137,141,139,147,156,158,150,151,153,147,129,152,140,147,160,159,140,151,137,162,144,150,142,139,149,141,165,149,151,157,152,147,154,155,163,174,151,142,143,160,146,154,137,155,160,149,128,144,160,169,141,143,155,148,151,127,145,155,137,142,154,136,140,158,144,159,149,156,144,128,123,163,142,146,161,148,143,144,170,147,156,153,143,143,152,171,152,140,148,160,169,138,145,160,151,144,159,147,150,153,157,171,145,144,157,150,137,151,150,151,135,140,148,163,141,151,168,153,156,146,157,160,149,144,159,142,143,167,149,155,152,135,152,165,152,136,145,146,153,152,169,151,148,146,137,157,141,151,148,144,143,152,158,140,147,172,151,153,139,157,148,143,136,146,161,116,158,150,171,136,158,170,143,151,151,157,149,157,152,164,140,143,147,148,127,163,163,150,145,162,139,145,173,151,155,154,152,144,158,157,155,145,147,164,158,148,163,129,139,143,153,147,140,136,165,147,140,152,153,160,141,145,158,152,136,149,147,160,140,150,158,150,146,141,157,155,140,158,140,138,150,162,133,140,139,156,160,165,143,152,159,154,148,159,162,145,147,145,145,144,160,136,150,158,162,172,160,156,161,157,136,161,157,155,154,161,142,158,155,149,140,152,149,151,144,143,161,165,139,154,154,138,155,159,162,142,156,152,141,150,162,153,164,148,154,144,155,142,151,145,143,151,143,149,159,138,141,166,145,156,165,146,131,143,137,162,144,144,139,161,162,156,152,168,143,165,145,153,159,171,142,139,141,163,140,151,157,146,143,150,141,164,166,144,162,146,142,151,145,165,140,156,160,159,131,154,162,161,151,142,144,148,158,144,147,149,156,161,156,154,149,158,154,159,156,138,160,151,153,151,138,149,132,139,154,147,164,166,163,140,134,158,149,152,137,158,150,152,157,145,146,145,158,168,155,143,169,157,157,151,153,156,141,148,143,136,158,149,144,151,152,149,146,157,132,134,139,144,147,144,180,145,139,155,156,150,123,153,174,148,140,151,147,152,146,160,152,147,137,156,173,138,167,155,148,165,125,144,164,141,158,143,155,134,141,154,146,115,146,156,165,152,158,148,148,155,168,135,138,159,149,163,163,143,156,141,142,157,155,163,152,159,161,153,140,151,168,159,152,148,157,150,137,162,145,154,150,142,156,150,160,150,158,138,138,155,133,126,139,145,144,129,158,149,176,160,136,150,146,153,139,138,146,155,159,155,146,156,157,166,149,135,147,150,139,139,135,151,148,154,158,164,146,144,154,141,158,162,150,158,160,162,170,148,139,154,154,139,155,154,142,157,135,162,140,153,154,152,159,161,146,151,168,150,154,151,149,152,161,148,144,157,155,136,175,152,167,172,135,147,154,135,147,162,140,162,151,144,154,153,157,162,153,152,158,162,149,144,148,148,150,155,154,136,143,137,156,164,144,166,154,139,158,142,140,159,135,144,140,151,146,156,146,142,152,157,139,155,137,142,157,129,144,158,160,157,145,155,138,152,154,139,145,153,156,140,150,164,141,153,136,146,159,148,148,134,138,150,136,140,153,136,148,154,136,154,137,159,154,179,147,146,134,141,152,162,128,138,133,137,146,158,146,129,149,144,172,145,156,144,136,159,146,135,140,152,148,151,157,131,143,150,145,158,144,153,145,147,144,168,140,173,142,136,129,135,150,150,161,135,144,151,138,153,154,178,146,150,137,156,152,129,152,158,156,144,158,154,135,144,134,122,158,150,163,138,158,158,142,148,148,186,146,165,149,161,157,162,147,139,142,152,151,152,162,164,141,130,146,143,160,149,149,133,153,139,161,143,161,163,154,148,156,148,145,140,149,151,183,133,134,133,141,155,150,169,147,143,152,156,150,159,144,147,158,144,139,139,156,156,159,160,170,146,141,161,156,167,139,156,154,151,151,136,123,143,166,143,130,147,129,141,136,141,147,162,157,135,147,140,161,141,158,156,163,145,140,156,141,147,158,137,164,130,149,159,137,145,146,147,160,139,142,163,137,137,150,135,146,157,161,146,155,147,156,177,149,146,175,127,151,146,132,143,150,138,162,173,142,145,141,146,160,134,139,149,141,168,154,156,156,166,153,163,141,148,147,158,141,153,152,144,160,142,125,151,142,150,151,130,150,140,159,163,148,159,149,139,148,146,143,143,140,141,150,153,151,143,147,142,150,151,170,147,147,145,138,151,161,152,164,132,167,152,129,132,143,161,156,153,145,152,161,175,146,148,156,157,124,153,163,155,131,156,144,164,145,142,132,163,146,153,144,178,148,145,152,154,158,163,160,156,170,145,139,144,152,150,155,155,149,152,157,158,140,134,149,165,158,140,122,159,168,147,145,157,143,153,164,143,135,125,145,146,150,159,145,146,136,128,167,160,137,149,164,154,136,145,166,156,159,133,162,152,148,156,145,156,137,146,145,132,151,172,159,141,166,141,147,153,133,173,141,136,150,160,153,146,162,162,144,153,155,157,158,136,157,156,151,144,125,135,177,168,136,151,145,127,148,160,149,140,132,137,161,157,150,163,133,155,141,169,146,140,145,147,159,173,158,127,154,167,135,123,152,157,169,162,154,130,154,166,161,148,138,141,157,155,139,156,146,144,139,148,155,146,151,163,167,153,145,147,154,162,161,131,147,151,141,139,147,145,158,148,160,145,142,158,163,148,156,139,155,139,145,154,141,158,157,169,154,163,163,147,155,166,142,150,136,141,150,163,156,149,148,150,149,176,161,152,125,144,150,140,167,143,139,134,144,157,155,155,147,138,166,151,135,160,162,144,146,139,154,150,144,158,146,159,149,134,143,171,151,134,154,145,144,141,159,157,135,162,134,124,148,151,137,164,134,123,150,157,160,162,143,139,147,164,158,170,158,157,151,153,156,160,166,141,159,149,150,147,143,160,162,125,143,145,144,147,157,155,151,143,148,144,156,151,147,165,149,151,153,156,137,138,160,152,140,157,152,137,158,154,147,165,135,144,150,165,151,148,146,153,144,186,152,137,147,157,151,151,149,159,147,156,140,160,168,145,150,150,155,152,146,142,164,154,167,142,157,136,156,128,139,154,150,155,144,141,155,155,151,143,165,150,151,158,159,129,146,152,151,153,164,153,130,143,144,138,158,147,149,149,146,142,156,173,144,165,148,144,161,159,159,155,161,149,162,158,160,158,144,160,170,147,174,143,138,146,145,135,159,145,146,160,140,153,149,154,157,153,137,156,159,144,151,150,139,165,163,143,147,168,142,137,145,149,163,149,137,150,152,155,151,148,147,158,145,153,139,149,159,134,158,134,142,155,149,148,154,160,163,151,153,154,154,153,151,148,140,141,177,153,139,156,166,148,143,133,150,125,157,135,145,135,151,165,168,147,154,148,160,159,136,149,159,139,143,159,151,148,131,139,133,149,136,158,159,151,143,154,154,141,153,144,144,154,137,153,124,152,150,153,141,154,154,138,147,163,152,147,151,161,148,141,148,125,157,154,143,134,152,145,137,151,157,156,147,156,163,145,166,147,154,154,162,144,151,154,139,143,169,141,143,145,175,141,137,167,150,175,153,157,140,151,154,158,145,160,157,144,138,136,148,148,144,158,131,139,128,149,157,165,153,141,162,160,140,151,150,145,151,163,146,155,145,151,137,162,146,156,151,157,166,144,155,149,153,147,144,167,132,158,149,149,152,151,154,142,160,152,160,159,152,123,161,144,148,153,156,142,154,154,128,149,158,136,159,158,151,156,149,155,157,164,141,152,162,171,145,152,157,137,140,157,148,146,139,157,153,155,145,157,131,142,157,137,145,146,151,152,155,147,148,142,145,164,139,146,157,169,148,129,175,161,153,160,130,122,150,152,143,154,143,161,143,159,158,156,164,153,157,144,145,170,142,144,136,172,154,135,163,137,160,142,134,148,143,145,180,144,137,152,145,165,135,144,139,162,161,149,147,143,138,137,166,148,153,164,155,151,150,161,128,146,136,150,150,153,151,143,167,137,135,135,151,147,164,170,149,148,162,144,139,150,158,139,144,168,159,151,151,154,143,149,146,155,160,134,170,153,153,139,155,155,155,154,139,142,157,158,145,159,147,156,137,144,144,142,135,142,136,155,149,172,146,139,139,169,156,143,136,159,140,144,151,140,147,154,152,144,152,148,134,144,163,160,156,133,150,141,155,155,144,158,149,147,143,151,143,161,143,143,147,149,150,145,160,150,148,154,138,150,152,163,136,150,147,147,146,155,155,145,167,162,128,150,134,158,152,156,153,153,152,163,148,160,149,153,143,167,144,149,141,142,135,162,158,157,173,144,172,157,155,157,148,153,144,141,138,135,145,163,139,158,156,163,151,155,146,133,148,156,153,155,136,153,139,149,166,134,144,153,140,136,145,130,158,149,143,142,147,152,147,164,157,147,169,164,161,146,157,151,161,157,144,155,150,144,150,142,164,159,135,161,157,158,144,146,143,162,139,154,158,150,154,147,145,150,161,130,150,147,155,152,153,170,145,145,148,142,146,146,150,167,154,158,137,160,142,155,161,157,142,138,139,155,139,145,153,153,165,167,132,149,143,171,142,142,136,140,160,147,147,129,155,144,144,131,153,144,150,165,141,161,161,147,159,159,152,146,146,151,148,152,155,144,144,139,153,151,148,138,154,148,139,149,149,140,144,153,158,146,150,144,152,124,149,164,147,157,158,131,135,143,157,140,153,156,141,155,159,144,154,139,147,153,147,178,138,161,130,158,152,139,147,136,157,153,148,160,144,157,160,159,155,141,154,160,155,147,168,144,152,161,151,139,144,145,136,151,170,120,161,148,139,150,154,143,138,142,156,152,153
172,158,137,138,144,145,149,150,140,143,148,148,167,141,135,151,138,152,151,151,155,145,146,162,153,141,159,143,150,147,162,145,139,170,141,161,160,166,139,159,148,136,165,146,155,154,151,144,164,144,144,143,161,141,155,137,165,145,149,163,142,162,143,148,140,137,135,153,161,168,155,174,148,143,153,128,163,153,180,150,131,158,146,149,134,154,157,156,148,144,136,149,154,146,166,150,157,167,162,123,152,143,141,145,128,152,165,138,153,148,151,168,148,166,145,141,163,158,165,141,141,150,168,141,165,141,138,156,145,156,139,134,173,133,161,144,160,157,171,136,141,138,146,164,155,133,149,152,165,131,141,131,132,155,154,172,148,149,150,162,166,155,176,149,149,157,164,156,147,154,172,165,152,155,143,150,156,158,157,149,141,165,143,133,147,154,169,169,152,154,164,139,134,169,155,156,133,140,144,151,134,166,159,145,153,152,164,146,149,148,148,161,154,141,138,155,137,142,155,148,141,155,156,148,163,146,145,156,137,140,163,150,149,167,129,144,165,149,146,143,152,159,148,139,159,141,143,156,130,162,164,149,159,156,149,162,155,163,155,137,157,153,168,149,158,169,162,148,161,152,137,143,152,139,158,142,146,154,139,163,139,143,138,161,153,163,157,166,131,157,149,142,146,143,160,145,172,144,149,139,151,148,149,152,155,160,160,146,156,151,169,147,146,154,145,166,155,154,163,134,134,149,134,140,146,142,143,146,160,145,154,137,167,140,163,146,146,148,138,139,136,152,153,139,146,148,167,147,136,159,151,140,159,146,144,138,176,166,148,156,140,158,131,165,162,150,158,159,155,144,162,162,153,148,149,140,155,139,135,145,165,140,146,147,148,149,148,166,141,146,148,152,143,156,177,152,133,155,148,146,155,152,153,141,148,161,150,141,156,146,152,146,144,133,137,139,158,145,159,154,158,161,148,137,144,149,157,148,163,168,155,140,150,159,154,148,152,138,130,156,147,140,151,140,138,148,155,145,142,147,141,133,149,148,148,141,132,140,156,127,152,151,140,147,146,149,154,119,159,162,148,165,156,155,153,142,151,152,134,146,155,143,167,161,169,149,143,148,146,149,155,163,156,170,152,159,165,125,158,147,148,167,148,154,138,170,163,133,146,149,151,157,158,134,146,153,144,166,135,163,167,162,148,172,153,154,143,146,137,137,128,136,149,150,130,136,151,142,146,142,146,141,157,149,171,166,138,144,148,133,152,149,140,155,140,132,157,158,159,146,168,145,167,160,142,156,156,129,152,168,127,147,144,142,141,148,150,147,154,129,150,139,160,142,134,148,163,146,148,133,149,155,153,137,146,160,156,148,146,177,153,151,148,148,137,138,159,156,152,146,151,159,165,166,147,161,132,153,152,142,148,147,126,140,137,122,153,155,149,160,146,155,129,147,148,139,148,156,140,146,135,139,148,157,143,155,156,168,134,136,174,158,138,135,155,145,141,149,170,153,149,148,144,152,168,156,140,148,166,147,158,162,160,134,138,150,145,156,160,153,167,174,161,156,161,146,138,157,157,154,156,140,152,144,152,153,166,162,145,147,152,165,159,155,145,152,156,154,171,154,151,154,157,138,156,141,139,147,172,142,154,138,145,143,133,139,147,159,144,147,131,144,152,154,165,156,134,152,139,152,148,142,158,153,138,139,148,147,157,139,151,162,166,149,155,155,166,157,158,148,153,161,143,139,164,181,159,152,140,159,139,148,130,139,139,155,140,155,159,155,162,152,159,143,150,142,154,144,160,144,138,143,147,145,146,159,150,141,157,138,159,139,172,132,142,143,167,138,161,153,146,158,161,144,165,141,144,157,148,129,140,147,151,165,140,142,155,163,154,156,163,153,153,148,133,132,153,151,153,142,161,143,152,151,170,149,153,144,167,149,133,143,130,140,162,161,131,167,146,140,149,163,142,151,147,138,133,139,149,139,164,133,164,149,160,169,165,164,126,144,158,161,172,167,150,146,145,164,131,141,156,155,130,153,137,155,138,134,148,134,155,154,146,152,153,145,148,152,143,149,139,154,131,147,151,143,156,168,155,168,154,144,155,159,143,146,177,158,149,153,141,149,147,152,147,159,143,150,152,157,143,133,158,164,143,147,166,157,139,149,138,168,137,143,153,159,158,156,140,142,146,160,151,145,152,148,137,160,141,132,147,150,155,147,143,174,183,155,129,167,140,152,152,152,145,177,150,165,163,174,135,146,151,165,175,144,141,138,147,154,152,164,164,152,152,148,152,157,150,152,145,143,141,136,152,150,146,156,148,151,139,166,147,145,156,150,148,139,151,141,172,155,143,148,147,136,151,136,156,146,151,161,173,174,156,153,146,142,141,135,155,149,157,163,156,154,142,135,151,157,155,138,137,156,127,143,165,158,155,129,150,156,136,138,163,154,144,149,142,136,171,162,157,141,173,137,175,148,156,138,149,144,152,152,126,146,138,139,159,151,151,141,167,154,153,141,152,137,145,146,149,146,156,134,157,171,124,147,162,164,143,135,158,168,157,146,141,148,140,140,141,150,162,155,143,143,156,148,160,147,149,157,156,140,157,159,149,151,152,159,154,136,163,139,143,149,130,158,146,164,154,150,160,143,170,123,129,144,137,148,135,139,148,157,152,172,151,134,160,131,151,151,129,154,155,151,168,146,152,149,149,124,138,153,134,150,151,165,140,150,169,157,162,145,154,139,147,155,154,146,149,125,147,148,152,151,139,139,161,139,160,142,147,149,156,145,146,131,137,159,139,149,158,148,155,143,155,135,163,145,143,132,153,145,140,169,149,147,155,148,140,139,154,148,153,148,151,158,171,144,140,153,144,142,146,177,152,141,145,139,156,141,146,172,140,169,163,146,142,150,162,166,154,140,147,150,149,146,153,173,147,158,169,145,153,152,152,156,141,142,156,154,153,148,150,142,152,143,146,139,119,147,151,133,150,152,155,162,133,132,142,150,143,156,149,147,151,141,165,134,167,146,166,155,144,139,146,148,127,153,167,158,142,154,144,150,159,154,180,144,140,157,161,149,143,166,159,147,169,153,145,139,153,171,141,148,155,141,160,150,156,142,138,152,163,144,139,155,154,157,157,161,159,146,157,152,154,155,170,144,151,148,146,134,145,147,145,136,151,132,149,142,159,164,164,162,154,167,153,139,157,135,162,162,152,155,151,128,160,132,155,152,155,145,141,134,169,146,140,148,149,142,167,149,162,167,143,151,140,150,145,160,154,146,150,164,141,140,151,154,144,152,138,149,140,144,140,158,163,129,143,158,161,145,146,140,138,130,141,158,154,147,133,137,148,147,130,147,159,164,155,126,130,156,133,152,146,139,148,145,148,149,144,176,161,161,142,151,143,145,150,141,150,142,165,161,135,150,150,133,128,168,167,130,166,158,147,152,151,148,149,160,158,150,154,121,150,142,163,153,148,151,156,132,143,141,156,156,166,149,150,157,148,135,159,153,130,139,154,135,162,132,150,151,147,158,152,138,137,143,136,148,136,153,146,153,150,149,125,148,167,164,157,141,177,143,152,144,141,157,152,149,160,150,148,146,157,157,161,145,140,149,154,151,150,162,140,161,162,136,149,144,139,156,153,133,164,158,172,155,125,143,144,138,138,157,133,134,133,143,136,156,118,157,151,125,143,149,159,145,168,154,146,138,152,143,144,143,154,133,152,166,147,158,143,149,167,146,140,147,126,147,159,150,154,174,167,127,135,154,138,131,158,150,151,156,155,136,147,124,151,154,132,144,136,166,149,149,146,131,169,146,143,147,174,151,137,146,147,143,151,160,146,143,146,148,143,157,150,151,157,151,146,152,145,151,139,171,138,153,144,135,151,162,147,182,149,141,149,147,165,158,144,150,157,140,147,145,168,153,159,173,135,148,160,154,147,141,155,148,148,151,137,129,143,146,148,161,153,142,146,139,153,142,162,159,157,160,158,151,158,130,137,143,144,149,134,139,156,142,159,155,143,154,154,151,138,135,155,160,136,152,141,170,152,132,147,136,149,143,162,155,135,162,164,137,139,157,148,145,153,148,136,137,149,158,148,158,146,149,159,163,137,157,175,161,169,158,157,148,134,134,145,146,134,137,144,139,154,165,149,150,131,150,154,155,145,159,151,128,159,160,161,158,145,160,157,148,136,163,150,155,153,163,161,149,150,137,156,164,151,171,153,151,163,156,141,156,163,155,150,135,156,148,147,162,147,145,158,159,149,138,153,148,164,130,155,157,145,135,148,165,176,158,132,167,143,136,161,144,157,149,165,158,146,134,132,133,162,158,150,155,140,159,163,172,133,143,144,147,130,150,163,151,143,142,149,144,152,140,150,149,140,157,144,156,167,153,132,148,155,159,138,147,153,147,156,148,154,155,161,135,151,149,161,168,152,118,149,152,144,141,160,153,150,143,158,148,149,141,151,146,141,149,155,159,155,157,147,148,151,148,155,145,166,144,141,135,142,171,155,147,138,137,149,135,152,143,170,142,152,155,183,141,162,128,138,141,143,174,140,144,155,160,132,120,157,145,137,154,136,155,144,149,138,167,131,142,148,138,150,132,140,149,138,138,140,146,153,164,148,157,186,155,164,148,152,160,162,158,145,144,143,153,154,151,148,148,167,160,154,152,155,123,161,150,120,143,144,168,150,141,157,159,157,153,166,170,164,151,136,148,147,151,150,134,160,156,149,129,155,141,142,152,146,146,147,162,148,139,177,149,147,135,134,135,148,120,148,161,147,154,142,153,155,162,150,143,146,148,135,159,164,148,152,157,156,163,167,152,161,163,136,155,152,165,142,155,149,138,141,152,135,171,150,161,165,148,161,151,166,171,143,173,160,163,171,151,142,163,149,152,171,154,170,153,132,144,135,152,165,145,136,141,136,145,160,154,140,143,152,145,149,148,155,168,145,148,166,153,144,146,145,146,128,138,161,145,158,141,156,137,153,155,152,147,158,142,163,167,129,151,162,154,162,153,129,161,159,161,142,143,132,119,143,152,141,139,137,150,142,146,135,155,158,143,148,137,160,151,158,127,140,153,138,152,155,147,133,145,150,179,133,147,156,158,134,145,153,170,148,156,134,155,173,154,153,142,141,158,168,158,155,137,139,146,147,149,143,149,155,148,169,147,140,156,160,154,145,166,174,153,157,151,150,154,149,156,157,151,162,139,139,162,141,141,148,166,142,120,168,149,175,145,168,149,144,144,146,146,135,144,158,157,163,144,142,158,162,152,135,156,144,149,151,150,147,158,142,158,158,124,155,147,149,149,160,140,138,140,133,152,151,150,151,140,143,163,151,146,148,151,141,138,156,172,150,148,142,140,133,163,138,149,154,153,171,157,126,150,144,152,151,133,137,144,144,155,146,140,137,155,145,143,144,150,140,158,156,155,139,136,158,158,141,159,154,160,150,147,148,151,139,156,163,139,162,146,145,149,160,149,153,153,175,153,141,130,169,137,160,148,165,150,146,157,158,145,143,144,141,129,145,139,146,150,153,153,159,150,133,153,165,136,150,151,153,139,149,147,154,142,158,154,144,137,150,150,166,151,159,148,146,151,152,151,136,155,177,142,139,166,148,145,143,155,154,153,157,140,150,126,147,144,158,160,154,150,155,147,147,152,140,153,149,155,151,150,144,145,147,168,144,145,163,149,153,160,164,150,145,152,149,148,179,149,146,156,153,138,148,164,149,165,149,145,151,147,165,149,153,161,138,152,152,172,143,149,137,172,142,152,141,135,147,150,154,150,152,153,143,151,157,151,160,144,157,157,148,155,141,154,164,165,147,154,163,137,150,155,145,147,140,157,152,149,140,163,160,145,154,147,141,150,171,166,150,138,144,160,128,136,146,151,156,151,154,146,165,163,158,166,149,144,151,150,157,140,139,146,142,145,158,154,143,149,178,165,163,157,160,144,163,155,150,133,163,141,138,157,152,147,156,151,148,133,167,162,144,143,151,176,142,124,135,129,147,134,159,154,161,167,151,148,164,148,143,144,150,163,144,146,150,135,150,146,147,144,154,144,136,138,139,152,160,146,140,159,161,157,134,161,143,140,164,145,162,135,138,149,147,158,155,150,143,124,153,141,153,169,145,153,146,155,150,171,161,151,140,151,153,145,144,139,159,150,148,129,173,155,148,143,142,150,168,149,167,147,153,145,156,145,133,153,143,160,157,146,144,161,170,132,152,157,152,154,151,152,160,148,141,144,131,153,157,155,151,159,148,144,155,147,160,163,160,150,167,154,146,151,152,146,153,154,160,140,161,156,144,149,152,157,156,165,158,126,133,140,131,150,154,149,135,154,147,147,147,155,145,136,171,140,157,144,164,159,165,152,142,144,166,157,162,137,146,143,137,156,144,169,168,165,165,158,155,151,144,157,150,156,150,149,160,158,155,159,163,149,149,146,154,127,156,135,150,145,142,147,124,151,159,168,156,157,151,140,150,149,149,154,146,143,135,148,148,155,156,154,137,173,127,159,142,151,152,151,155,159,165,145,147,150,153,149,157,160,184,151,157,136,142,156,153,140,137,139,162,150,124,138,147,150,151,162,150,142,148,141,141,144,156,153,151,157,154,146,152,152,152,143,166,152,144,150,137,163,150,155,157,154,150,141,147,159,153,156,143,149,137,150,139,144,146,146,146,169,160,162,156,152,151,154,150,161,154,148,155,156,119,138,162,150,155,154,137,163,133,154,132,132,146,157,138,127,140,155,158,145,148,159,150,161,160,160,143,134,152,145,163,145,161,148,141,173,153,165,143,155,148,164,150,139,156,154,151,149,132,142,142,161,144,159,157,146,135,150,139,149,160,141,140,149,139,147,144,155,139,161,147,163,141,122,137,169,147,151,153,138,172,157,141,140,141,134,156,134,160,152,151,159,156,151,155,135,141,141,159,155,148,144,141,158,150,170,145,162,159,156,158,143,136,148,161,141,165,145,164,163,148,161,164,166,137,157,138,160,141,144,144,151,160,146,148,139,147,144,151,149,155,148,162,141,142,133,152,135,147,163,150,151,156,156,146,145,146,157,170,145,152,140,151,152,149,161,131,138,134,161,157,159,144,144,143,162,142,164,141,154,128,153,156,149,155,156,161,166,151,145,165,147,141,148,141,151,150,131,152,163,137,154,161,153,138,154,142,147,144,143,144,165,155,142,152,131,139,148,159,134,147,147,161,145,146,162,145,158,141,163,146,169,164,167,154,149,147,154,155,144,160,156,161,157,151,155,139,140,161,155,146,155,165,161,135,148,157,148,154,165,156,143,148,144,143,145,156,150,140,152,152,150,161,152,156,159,165,150,127,147,142,157,148,165,140,147,134,141,142,144,151,136,144,144,159,156,145,124,138,135,154,151,149,157,155,146,140,136,147,160,144,165,151,150,129,150,129,152,155,117,155,153,146,144,143,143,157,145,142,145,140,138,147,156,148,160,165,148,158,134,152,160,141,141,135,153,163,147,158,141,148,151,149,148,161,142,142,153,137,157,150,148,147,127,157,151,139,147,149,157,145,147,145,146,165,138,151,163,151,144,149,145,176,176,162,150,142,148,153,157,132,138,151,159,151,155,162,134,155,139,144,161,147,156,144,133,148,162,160,160,138,162,146,155,141,145,139,161,141,155,140,161,144,157,147,160,141,164,150,140,135,150,157,147,132,131,139,151,150,150,169,143,163,143,154,153,153,150,140,151,148,149,164,149,146,153,148,153,155,168,164,142,151,142,156,153,133,137,158,142,154,150,160,172,155,161,153,154,151,158,155,132,159,153,162,136,164,161,151,157,148,175,146,164,170,157,146,151,142,150,149,154,158,154,139,148,159,137,136,141,170,145,167,142,140,149,159,149,137,153,141,155,155,139,155,152,145,131,141,138,166,152,169,156,143,167,157,143,150,146,145,152,152,150,148,155,165,161,158,166,145,144,153,135,145,151,139,173,143,161,132,149,152,148,185,148,123,134,167,141,147,153,153,140,141,169,152,154,150,158,141,151,148,162,147,153,152,126,136,150,149,159,167,134,152,159,156,142,162,137,142,137,150,149,134,135,156,131,138,135,164,150,146,167,157,150,140,150,162,157,146,154,146,147,141,161,166,133,151,175,163,155,131,153,149,134,139,132,143,150,144,156,147,148,152,160,150,154,148,149,161,135,147,168,173,149,147,164,134,146,149,161,155,143,153,164,144,148,165,157,140,136,142,146,154,137,143,147,150,160,137,144,136,165,158,133,150,163,137,147,151,141,141,145,144,142,161,156,159,129,156,147,149,160,146,135,149,156,147,156,164,148,166,149,148,147,147,168,141,165,145,144,142,164,163,154,130,141,141,161,155,136,160,153,142,159,140,159,171,141,151,152,158,152,157,154,159,152,150,173,152,142,147,151,158,148,165,138,128,151,144,158,164,140,141,149,175,149,136,153,155,144,155,171,144,141,151,165,145,153,149,131,153,175,161,145,150,154,163,160,161,157,135,146,144,145,155,150,151,146,145,160,142,154,154,143,148,139,143,155,151,136,152,134,158,143,159,137,132,139,140,155,148,159,145,148,145,148,161,152,149,172,162,138,145,171,146,148,148,153,159,137,146,161,175,156,136,145,135,148,144,158,164,151,162,145,157,146,151,137,147,142,159,152,154,136,145,145,137,142,138,153,168,164,140,158,162,154,143,152,141,141,144,165,144,147,147,137,135,152,155,165,147,144,164,156,132,145,147,169,148,131,145,140,140,152,137,139,142,137,152,146,139,165,128,135,159,177,154,138,161,153,152,151,169,143,142,146,156,138,145,161,163,149,150,147,140,141,154,145,145,142,162,150,144,140,159,157,156,158,146,153,132,139,139,133,175,153,145,164,155,159,150,160,142,153,170,147,161,151,162,161,147,150,162,150,123,151,142,150,154,130,139,164,158,147,157,155,151,154,146,164,133,156,138,161,165,153,152,144,153,160,142,140,179,143,138,150,159,144,155,136,138,164,138,151,149,153,135,161,158,153,142,156,138,146,177,144,146,160,137,148,150,151,144,154,142,158,145,146,149,138,151,135,142,148,140,142,154,145,155,159,155,152,141,155,165,142,156,146,156,151,141,153,145,144,146,156,149,163,148,170,154,140,131,143,148,122,150,155,152,151,142,148,148,133,146,140,132,159,149,142,130,157,140,140,128,154,157,160,155,154,151,144,138,173,154,153,152,159,153,131,154,154,144,153,132,140,156,162,151,159,149,156,173,146,146,169,141,167,141,152,146,160,165,165,159,140,158,158,155,140,152,156,155,127,155,142,157,156,151,145,143,159,153,152,152,142,158,162,152,141,139,160,142,149,142,136,162,154,152,160,168,136,163,142,153,146,150,145,148,155,150,127,152,158,141,154,165,144,161,167,152,149,140,146,150,148,156,154,150,158,128,139,152,138,143,148,147,141,154,155,152,157,141,154,133,145,143,150,143,141,140,156,149,150,137,156,157,141,170,152,156,139,162,155,152,147,174,150,156,147,140,137,144,164,146,128,154,148,147,160,133,149,156,151,161,142,171,171,158,155,178,151,147,172,149,143,141,124,133,155,166,143,162,158,153,148,149,132,150,151,157,150,158,138,160,157,173,152,152,146,149,139,159,162,149,151,162,139,137,145,162,150,156,143,147,174,147,136,139,133,143,151,168,149,157,146,164,150,148,164,149,159,132,156,154,158,138,154,152,144,149,140,134,145,171,168,145,122,146,154,170,142,141,134,144,161,164,143,149,127,172,158,166,149,135,143,144,150,141,157,153,150,150,137,139,151,160,163,153,134,153,171,152,161,165,165,144,163,156,143,148,131,153,137,161,190,148,157,155,148,161,146,148,141,163,150,152,165,152,136,139,154,153,131,143,152,151,138,154,125,139,157,163,146,139,141,150,150,170,151,148,154,163,144,167,135,148,146,158,153,156,132,151,153,164,161,149,150,141,143,144,145,160,143,144,148,164,162,153,156,140,154,145,143,145,151,160,146,142,152,147,147,163,142,144,138,150,160,139,135,143,170,131,172,164,138,171,145,159,136,144,159,137,150,162,139,156,165,127,135,146,151,150,145,154,145,145,147,136,148,177,154,142,161,165,154,166,153,151,152,146,146,148,165,147,132,152,141,152,142,157,152,158,154,160,133,158,147,128,143,134,144,137,148,147,146,148,149,161,144,159,135,147,154,148,132,148,150,147,135,132,154,162,166,158,152,150,148,141,171,134,145,163,179,159,154,151,134,140,149,146,158,128,157,159,140,163,146,144,153,150,149,152,148,161,156,144,154,147,154,154,145,148,146,164,143,147,157,139,143,154,163,150,149,139,149,138,137,136,135,147,146,140,159,160,161,155,146,138,148,171,162,140,155,147,152,149,122,162,155,138,147,142,148,154,152,153,138,149,160,170,153,159,155,157,141,151,170,150,122,141,120,148,157,155,136,147,146,162,154,143,163,146,145,169,154,161,144,146,148,162,145,139,139,150,118,168,153,153,183,150,140,171,150,143,137,138,154,134,139,137,140,153,142,170,141,132,159,137,151,153,145,138,152,142,150,152,155,148,139,140,150,148,141,159,139,143,144,158,154,149,154,152,152,174,166,153,149,155,146,154,165,156,145,155,161,160,157,153,154,146,155,159,132,158,137,145,153,155,156,144,143,163,157,149,148,167,151,147,150,141,124,155,156,154,148,157,150,163,148,176,155,161,155,136,159,149,165,160,150,157,141,165,146,124,144,142,148,138,154,133,138,147,149,160,139,137,137,139,143,153,135,155,156,155,157,148,149,155,144,153,143,149,145,143,136,137,159,145,146,159,156,150,149,159,175,133,141,137,156,142,155,138,151,140,150,156,144,159,146,147,155,164,150,139,153,151,143,134,165,146,139,150,161,139,133,144,137,141,145,161,141,151,143,157,152,147,148,128,159,153,151,141,133,162,154,144,142,155,152,133,142,165,166,150,151,136,157,147,161,151,160,166,137,149,150,150,149,135,157,146,157,136,149,159,152,158,150,136,137,140,142,148,148,155,144,146,129,155,136,142,159,174,130,139,124,151,137,149,158,152,155,140,145,160,137,145,142,135,153,148,146,129,127,130,156,152,147,139,120,150,148,131,148,156,163,157,143,128,148,147,151,141,153,168,169,156,123,145,150,167,124,165,170,145,142,155,153,151,136,172,154,140,162,154,140,159,157,147,159,139,151,138,155,147,160,151,139,155,143,166,145,149,146,160,140,146,136,146,158,150,148,151,157,138,151,137,155,158,153,151,149,135,135,145,147,162,143,141,166,156,144,172,161,155,148,144,155,149,145,143,158,137,151,140,165,162,176,148,158,140,150,157,134,149,139,154,153,164,144,142,159,140,155,155,146,146,171,148,148,135,151,149,147,154,161,134,160,139,154,138,140,150,158,146,146,156,149,160,133,144,135,143,137,134,149,158,150,144,161,166,137,152,151,144,130,154,166,151,160,157,158,156,153,144,138,150,150,151,161,142,146,136,162,143,154,151,141,132,146,136,145,144,162,153,149,171,145,161,157,156,134,152,141,141,170,158,158,154,157,151,148,162,144,157,140,151,167,139,150,172,171,161,144,148,172,171,166,166,142,155,142,149,140,154,138,162,161,154,138,141,159,135,147,134,158,149,140,142,148,151,146,151,143,142,159,133,153,137,136,156,173,150,156,165,136,170,170,142,164,150,149,154,129,159,141,127,155,146,146,137,147,165,148,131,145,163,171,130,155,153,145,148,126,151,139,140,162,156,136,149,137,149,170,151,149,153,159,143,169,157,159,144,150,140,143,160,157,138,159,154,143,136,156,158,142,157,133,146,170,154,141,145,146,150,132,160,149,158,144,137,144,149,148,140,154,166,156,161,171,162,149,158,143,150,178,150,162,143,153,145,171,158,147,156,149,162,160,147,136,162,151,155,140,151,147,139,143,145,158,147,155,136,153,143,158,148,143,125,157,159,148,157,151,166,169,143,145,152,160,144,156,141,127,154,154,158,144,155,148,145,127,162,141,155,149,140,148,154,148,148,153,152,146,179,141,148,159,154,148,150,158,146,142,146,142,145,145,147,131,139,158,162,140,146,151,141,148,164,146,169,149,150,141,158,140,137,144,154,153,173,133,148,147,140,148,146,156,143,158,145,141,142,149,145,163,138,136,137,154,143,148,150,147,151,165,160,149,136,155,160,150,143,141,135,153,153,149,150,152,154,148,163,154,165,142,153,136,162,164,140,148,153,159,153,170,144,133,171,150,149,150,163,150,159,135,136,158,168,147,140,143,150,153,159,147,150,142,152,155,138,145,145,149,150,159,151,169,158,136,168,156,152,160,164,145,132,144,164,155,143,145,136,145,142,151,151,141,161,143,168,158,151,166,147,148,153,149,152,161,137,134,140,153,140,164,152,141,157,144,166,145,143,137,138,148,143,138,157,149,153,168,155,152,165,171,149,145,146,148,165,148,154,160,149,182,141,143,150,170,171,137,151,147,166,149,144,147,147,167,154,151,138,163,150,139,158,150,144,160,154,151,159,154,148,141,154,141,158,153,130,138,175,157,163,150,149,150,149,140,137,156,154,155,151,150,166,140,149,147,145,156,133,153,145,153,155,152,135,155,137,158,152,134,143,153,149,163,158,151,154,139,142,130,144,169,146,161,129,169,133,141,151,143,164,144,151,135,150,137,147,149,146,133,154,146,164,150,188,151,155,143,151,159,140,153,160,162,133,161,126,152,164,174,144,158,148,157,166,140,150,157,149,150,164,129,153,146,140,153,133,150,146,150,141,141,150,141,149,145,143,132,131,167,152,138,156,126,156,160,142,144,148,140,147,142,134,170,152,151,161,149,143,154,156,158,164,146,163,136,153,146,169,147,139,148,155,148,146,152,161,169,148,141,152,132,151,145,142,141,143,156,138,151,152,135,140,156,165,157,166,158,154,147,126,143,149,158,157,141,139,123,133,170,157,162,127,135,152,160,145,145,142,156,148,147,132,152,149,142,154,148,145,152,181,166,152,147,163,151,156,136,143,138,153,143,143,149,145,149,136,150,148,157,149,168,144,143,146,155,142,148,136,168,148,157,141,128,128,139,156,136,151,148,137,159,173,166,143,159,147,150,145,151,148,142,166,165,147,138,163,157,155,136,143,144,157,138,159,161,135,144,131,157,147,150,141,129,148,141,148,156,158,154,141,142,154,135,167,164,131,143,131,160,155,157,153,152,140,126,147,135,158,144,159,142,157,159,146,152,140,150,159,141,147,166,143,144,158,164,135,150,147,157,159,163,149,148,148,139,135,170,152,152,160,156,149,130,151,151,142,134,138,168,147,151,148,150,145,144,147,157,148,162,155,143,156,170,163,143,153,138,145,152,151,129,147,146,155,133,152,142,141,137,141,141,161,152,140,158,149,167,150,136,155,165,168,137,158,152,128,154,148,144,151,163,131,151,134,145,146,130,138,152,147,144,146,166,139,176,143,151,153,154,162,152,164,153,145,150,163,150,164,148,150,152,155,161,154,132,148,150,149,169,166,158,166,147,158,144,154,148,140,151,152,153,166,143,144,164,163,148,165,147,158,135,151,148,157,157,138,168,171,155,165,142,141,126,136,136,128,153,136,159,157,144,163,155,152,146,129,143,165,163,150,141,137,153,156,150,144,152,146,148,150,140,149,155,148,167,141,159,159,136,140,138,162,150,137,134,144,167,144,149,151,147,140,159,144,168,152,154,139,119,134,146,148,143,148,143,151,154,150,164,138,130,158,152,138,156,145,148,161,139,150,172,151,141,165,134,147,147,148,161,153,126,140,144,140,156,145,167,161,168,165,141,139,159,161,154,143,142,141,130,144,151,169,151,152,139,141,133,149,159,161,151,160,127,139,143,154,152,137,150,151,137,159,157,138,151,123,138,153,150,152,145,147,142,167,147,173,150,157,134,153,158,157,147,137,163,143,138,168,156,159,143,143,155,157,158,144,140,158,145,161,167,137,154,149,156,144,142,147,146,161,142,158,153,145,149,149,168,170,150,135,137,156,136,137,158,155,145,148,160,138,147,122,136,147,156,161,129,155,151,134,139,139,147,152,147,157,158,157,143,137,152,149,140,142,148,146,151,179,167,157,160,136,158,182,161,158,146,147,149,143,151,148,149,147,170,144,138,154,145,164,142,139,146,158,153,161,147,134,133,159,134,169,164,144,144,143,155,147,129,145,148,140,158,153,146,155,148,135,136,150,148,166,144,151,135,152,137,155,158,154,142,134,152,145,149,149,152,145,142,137,141,156,148,162,138,154,138,164,145,140,148,137,130,141,169,151,156,129,145,156,147,157,145,153,150,151,142,144,148,145,161,147,169,159,143,159,160,182,143,143,143,133,150,145,157,140,135,156,162,180,132,153,145,137,148,153,152,143,157,140,161,151,163,154,144,139,147,144,149,128,155,155,156,162,140,155,145,156,146,138,155,147,153,173,144,141,152,150,150,147,157,151,155,156,145,152,136,149,151,136,148,156,154,146,148,147,165,146,142,168,139,152,147,140,168,141,138,151,154,168,167,147,154,158,136,133,147,144,158,142,139,147,145,162,162,147,141,160,159,153,156,137,154,149,140,147,160,150,154,151,157,155,160,169,163,152,153,159,148,137,145,159,149,160,147,151,152,148,144,166,141,153,146,166,143,167,146,140,164,150,149,132,158,163,153,152,147,149,142,153,153,166,144,172,162,152,132,168,155,150,146,157,145,150,161,138,152,144,162,154,154,141,147,150,151,149,149,160,146,152,162,136,136,157,146,152,152,156,154,168,149,159,154,133,155,171,144,152,154,172,148,155,146,134,139,153,162,148,135,146,133,170,155,150,149,152,149,156,146,156,150,128,159,158,147,159,144,147,149,151,132,162,154,147,155,134,146,153,172,159,140,139,150,152,172,183,144,158,149,144,150,154,163,140,145,153,164,149,157,157,142,155,137,142,140,153,129,158,152,140,154,157,139,156,149,138,168,159,153,151,133,158,139,144,137,144,151,156,146,146,169,159,139,154,143,143,145,155,167,160,146,179,155,133,163,165,137,141,166,144,154,148,160,143,161,145,146,141,156,158,136,157,144,135,140,136,153,157,144,148,141,159,152,148,150,166,155,150,141,138,134,152,152,144,153,146,164,140,149,148,164,145,157,134,164,153,140,130,147,153,164,145,172,155,135,156,150,157,152,157,155,148,133,147,153,146,138,152,149,156,151,150,158,140,131,144,146,145,153,155,161,144,144,162,147,141,158,140,145,160,153,155,148,149,151,157,134,145,161,150,152,154,161,159,162,149,156,158,149,157,161,164,154,153,143,146,137,162,156,169,130,154,155,142,131,143,138,132,156,138,153,161,138,173,151,150,149,155,169,137,127,155,149,161,137,162,155,140,149,141,152,146,129,153,140,143,167,166,169,139,153,132,151,150,154,147,135,144,159,146,129,163,145,161,172,138,166,159,144,145,146,141,149,136,168,151,146,154,160,142,136,141,143,150,163,140,159,148,156,123,139,139,156,148,165,158,157,142,155,156,145,165,153,158,150,135,165,139,145,140,140,151,130,153,131,159,148,130,141,137,149,139,147,150,139,146,148,153,140,145,165,154,151,150,154,149,128,163,131,159,137,145,149,145,149,157,115,160,152,142,143,149,164,153,153,152,160,159,149,140,140,153,151,146,157,147,146,135,152,156,148,161,143,154,159,159,169,156,174,142,148,148,152,147,146,146,146,159,164,134,161,155,141,146,157,148,156,163,159,149,145,156,164,164,156,141,146,129,136,167,152,162,148,157,167,157,150,155,151,162,141,140,138,148,151,150,156,135,142,158,145,158,153,155,146,156,155,141,170,152,157,154,141,135,139,167,141,152,155,152,161,151,152,157,165,143,154,140,151,159,158,150,136,158,148,136,162,145,142,153,147,126,158,155,152,143,167,169,154,145,149,139,144,170,137,144,134,141,151,143,146,128,140,134,155,133,148,154,151,144,149,149,146,148,150,156,147,137,150,144,160,131,139,149,149,153,134,137,140,140,152,147,153,146,161,138,144,150,122,162,157,152,133,168,145,147,148,151,146,153,143,126,140,158,145,148,151,138,134,145,166,148,136,151,142,142,159,153,149,153,132,155,176,138,157,157,145,166,163,168,154,140,143,146,128,153,143,150,170,151,150,148,134,153,161,143,158,137,136,150,147,143,157,148,156,157,146,150,138,146,140,160,143,168,138,133,150,150,153,136,142,146,150,153,144,156,151,155,156,143,151,162,163,148,162,161,144,160,159,145,139,149,155,143,147,143,154,164,163,131,141,155,163,150,137,152,165,172,153,155,126,144,147,155,144,159,148,141,152,145,149,143,149,162,165,159,149,154,146,153,155,150,152,144,144,131,157,142,148,135,140,162,146,144,161,141,157,152,145,142,144,176,150,155,155,153,168,157,127,145,161,145,175,145,156,159,145,162,143,148,130,135,158,158,146,162,134,149,151,175,150,151,130,155,145,145,157,167,147,133,142,157,148,139,154,159,140,155,161,145,152,151,133,152,160,158,142,143,147,161,136,153,159,153,165,148,157,163,146,159,135,147,144,153,146,143,160,166,153,140,131,154,147,165,158,153,133,152,160,143,134,143,141,153,145,176,146,161,159,140,160,151,133,147,140,152,141,161,157,142,157,167,159,153,147,135,140,137,158,145,135,171,138,151,159,159,154,134,139,143,166,154,149,162,147,159,153,141,161,138,143,159,138,149,156,150,148,138,146,162,150,115,133,149,140,137,139,144,156,120,152,165,163,149,153,135,145,134,134,159,143,154,163,140,148,155,139,149,152,139,154,134,141,151,143,154,162,157,129,153,132,133,173,141,154,140,150,155,162,143,164,173,141,175,148,154,157,148,152,141,145,155,121,156,135,141,155,168,156,161,132,149,154,146,154,157,160,144,151,145,160,161,158,182,146,145,154,153,177,160,158,167,143,155,145,162,154,156,158,151,152,137,133,140,158,135,144,142,169,154,132,148,149,148,154,137,133,147,158,164,161,155,135,156,137,138,162,133,136,153,152,159,143,148,124,152,153,130,132,155,160,162,158,146,150,153,150,154,141,167,137,145,161,149,136,168,143,149,137,162,154,157,146,162,152,154,138,128,146,149,144,164,139,151,118,141,137,158,138,144,153,141,154,154,156,159,124,166,143,153,143,163,148,154,146,139,152,137,127,148,162,151,151,148,133,139,154,134,159,147,157,141,156,159,152,146,150,161,149,155,138,143,150,162,157,151,153,142,142,140,127,155,119,136,154,152,148,171,151,149,140,152,151,132,140,159,152,135,136,151,175,156,159,161,161,161,157,146,151,158,166,167,150,170,150,158,128,159,140,152,165,132,147,154,160,144,154,171,144,148,166,145,146,157,170,141,163,153,130,144,140,163,146,148,143,146,154,151,136,143,147,156,159,151,147,152,153,133,133,152,162,146,144,137,151,166,139,149,171,142,166,142,148,162,156,152,144,145,145,148,152,146,142,131,166,145,153,138,150,141,140,148,157,138,151,155,162,163,158,144,155,142,141,147,142,161,160,165,151,162,165,166,142,160,162,157,162,157,146,156,159,145,159,150,150,137,140,145,138,148,154,162,158,138,152,157,163,150,139,161,152,152,141,165,158,154,163,148,140,150,149,153,150,156,143,159,156,146,153,151,156,161,130,156,142,138,149,126,161,139,162,146,148,151,135,137,156,138,141,134,161,135,139,152,144,160,153,157,156,154,143,147,161,135,152,147,159,134,138,145,156,131,144,149,141,149,147,173,149,161,148,136,160,145,163,156,151,149,131,156,159,142,164,148,157,150,163,144,166,142,150,158,149,148,159,153,139,150,153,156,140,149,151,130,153,136,131,139,144,146,157,167,137,145,162,144,160,148,152,153,158,148,137,153,149,139,145,158,151,147,160,163,168,167,149,149,144,153,145,152,144,154,155,152,169,157,146,142,149,139,143,163,165,153,157,150,158,168,141,149,149,148,157,143,148,121,141,139,156,138,143,156,137,162,147,153,127,146,138,155,149,151,165,146,159,155,147,146,145,144,156,137,133,133,156,133,171,148,159,166,155,130,153,157,152,140,140,145,164,178,142,145,137,165,149,162,149,134,158,142,156,139,153,150,159,152,153,147,160,149,171,184,138,147,146,159,146,141,146,159,143,167,177,145,149,149,142,158,139,169,160,138,136,154,154,153,174,161,144,141,151,170,150,169,162,160,155,137,153,157,147,154,129,139,138,150,138,140,169,161,153,147,167,167,161,138,155,157,152,135,152,165,157,136,158,134,155,158,141,140,160,123,139,156,156,156,151,166,156,158,161,151,149,146,148,155,140,141,141,146,155,151,150,140,145,160,157,160,166,139,167,145,156,150,160,137,142,143,139,148,145,138,143,161,141,146,133,132,187,152,147,144,153,151,159,153,165,148,145,158,148,159,121,133,158,144,141,146,166,146,149,150,146,164,159,161,149,149,168,127,153,167,151,132,159,153,166,142,137,147,150,149,173,138,160,152,141,152,150,147,143,151,132,147,156,153,145,152,167,144,160,154,140,135,155,139,148,149,161,147,148,142,161,137,144,156,147,170,156,153,142,132,145,145,150,163,154,151,151,129,162,140,157,129,133,144,150,131,140,145,142,152,149,148,140,147,144,148,164,157,150,162,153,147,137,157,150,143,153,149,146,140,147,159,157,151,150,136,131,161,156,148,141,144,153,146,164,157,139,151,143,155,159,148,142,138,143,151,156,149,144,161,160,152,160,164,131,147,144,156,156,133,161,143,142,130,154,134,168,162,138,136,154,153,160,151,170,138,157,146,139,145,158,166,162,152,161,138,149,147,133,164,161,159,152,134,151,169,150,159,142,151,140,142,161,150,167,143,148,155,143,134,153,157,132,177,155,168,152,140,162,143,159,134,147,140,152,167,156,144,156,153,128,166,144,149,136,151,140,153,152,170,166,137,135,140,153,147,155,150,157,138,141,136,167,147,156,145,155,144,145,140,174,132,164,153,160,138,141,159,138,159,138,145,155,162,142,155,149,133,146,159,163,134,145,157,148,147,177,150,149,155,156,122,148,153,143,147,152,163,129,142,156,152,172,151,151,150,145,148,151,154,157,154,134,173,157,139,135,152,158,172,139,129,161,156,153,150,162,157,124,140,139,157,148,157,152,152,156,137,149,152,155,148,146,136,154,158,145,136,152,154,148,142,150,169,162,186,152,155,156,141,158,150,134,147,142,150,148,151,154,130,140,154,120,142,167,146,141,159,156,127,148,142,141,152,146,134,162,159,159,157,158,144,147,156,158,157,163,144,151,126,148,149,153,147,153,163,158,125,145,154,146,152,161,149,151,145,150,151,140,153,151,156,172,139,163,145,151,137,150,145,151,126,156,139,163,166,129,165,149,148,126,148,145,155,149,138,144,146,145,145,145,133,157,144,150,154,154,154,156,150,147,135,153,154,136,144,155,145,155,155,158,159,165,160,160,150,143,147,158,139,130,143,150,138,135,146,144,139,148,153,155,149,128,157,155,140,148,142,152,167,148,153,158,147,158,148,126,142,147,144,149,149,149,158,147,139,143,158,168,154,170,154,143,159,160,152,148,163,165,154,138,151,133,143,156,139,148,141,131,153,150,140,140,160,134,138,156,130,148,147,145,140,152,154,152,153,135,150,153,149,142,147,139,135,149,158,151,132,148,151,151,145,164,154,165,137,156,140,145,165,150,174,168,153,147,157,163,149,158,157,154,123,150,151,162,152,138,158,138,153,138,151,164,166,153,153,135,147,134,152,135,142,128,160,159,144,154,140,156,158,146,151,132,153,151,142,165,156,157,159,147,162,154,160,153,128,151,139,144,149,172,153,156,138,139,176,161,156,156,165,153,149,141,147,132,156,144,156,143,157,150,153,140,148,156,148,177,161,157,167,144,161,152,145,140,151,132,127,142,148,134,130,150,134,139,144,143,139,150,137,153,152,148,148,128,153,151,145,150,132,150,154,168,145,149,150,159,146,124,152,142,153,133,138,137,139,152,161,146,158,128,147,153,156,136,156,163,115,134,156,139,144,162,153,141,151,153,147,141,148,148,154,166,146,157,149,156,139,159,141,152,155,146,153,141,144,140,147,154,146,144,129,139,159,129,151,161,136,163,159,168,145,150,154,158,141,143,145,152,158,144,147,160,128,153,152,149,156,160,144,137,153,158,158,139,148,151,150,156,155,140,148,171,171,142,156,152,141,160,156,148,174,161,132,158,158,152,152,139,144,148,143,154,158,142,142,146,149,142,156,153,145,134,142,138,151,153,161,154,134,152,153,142,156,170,137,143,155,148,169,156,166,159,140,157,143,155,145,150,154,155,140,153,153,151,155,138,163,156,147,151,141,157,133,147,150,164,160,140,166,160,157,159,140,157,151,169,145,135,152,158,157,145,141,155,161,144,151,159,138,172,158,152,153,146,137,141,136,158,162,135,142,144,137,163,126,131,147,157,147,143,148,152,149,153,139,170,159,182,148,154,143,156,151,136,152,123,148,149,159,137,146,160,136,151,147,144,155,142,127,164,126,189,144,130,144,149,171,158,169,154,136,141,151,146,148,141,146,149,156,148,130,142,145,152,143,150,155,158,138,161,143,138,139,139,138,162,147,141,150,135,145,156,147,146,145,125,144,153,160,134,148,152,165,137,129,141,149,172,139,142,153,164,153,148,143,149,141,149,150,131,178,135,143,158,138,174,156,144,157,170,149,171,155,155,150,154,148,154,141,136,146,139,171,159,164,145,142,152,149,149,159,158,151,164,154,146,122,134,142,142,142,161,150,161,160,149,163,140,144,155,149,148,152,142,134,156,143,146,164,154,159,143,151,142,137,158,155,148,154,149,158,136,153,127,148,153,162,161,159,157,168,151,146,146,136,151,152,149,132,160,130,149,140,138,152,152,161,149,147,135,143,154,150,155,145,145,153,153,156,146,160,143,137,147,144,146,148,140,143,142,152,155,154,150,157,165,163,145,144,158,159,162,160,141,146,158,149,160,146,144,158,146,155,158,142,151,151,159,145,171,154,147,160,161,143,160,141,157,148,166,154,160,150,159,169,135,145,143,161,161,152,135,153,162,155,149,145,161,151,149,167,160,154,162,157,156,164,160,145,150,141,147,165,156,159,142,159,162,150,169,144,138,159,148,138,155,151,154,148,151,148,146,148,151,159,142,147,149,141,146,137,138,142,135,147,136,158,144,144,156,158,147,153,148,150,155,147,131,176,141,141,147,155,157,153,154,138,160,156,158,148,151,145,147,119,151,150,146,151,140,165,158,156,132,165,152,135,151,165,163,145,144,149,165,160,146,137,154,168,147,138,146,156,161,141,150,160,160,152,150,133,147,157,159,129,138,152,144,144,160,158,138,158,144,152,168,143,162,166,128,151,155,130,164,148,154,158,174,141,140,160,140,154,173,149,148,132,162,154,136,147,163,149,157,144,144,154,128,150,149,144,147,150,160,150,144,154,151,153,153,154,157,151,154,141,132,129,151,156,140,147,158,133,162,161,165,151,154,149,159,149,159,160,146,152,143,136,126,154,156,156,152,132,162,152,156,147,160,157,148,154,144,142,154,140,139,155,147,170,140,154,148,155,158,155,150,136,134,141,151,147,159,142,158,152,158,151,135,145,160,129,158,144,160,154,138,149,147,138,153,134,148,160,162,153,154,164,150,154,145,139,160,156,145,146,140,149,163,149,152,144,146,158,129,159,148,151,130,152,150,168,133,160,149,154,152,153,151,153,165,157,158,135,147,161,150,150,171,159,170,169,140,148,162,145,148,141,141,167,145,167,160,150,131,158,154,155,125,157,150,144,167,157,143,154,143,151,148,162,150,129,153,154,144,154,145,142,132,150,157,152,139,138,148,133,162,147,142,136,157,141,141,142,130,171,134,151,141,137,147,151,147,153,144,162,160,150,154,160,121,147,137,155,149,141,167,143,154,140,157,149,137,146,126,138,148,168,143,136,147,150,152,175,145,142,146,156,151,158,163,142,142,131,156,168,145,144,143,141,150,141,138,169,152,175,165,150,146,135,149,149,136,142,160,141,150,174,156,143,153,141,154,149,153,134,154,123,150,154,144,149,146,147,149,147,156,144,148,158,145,144,138,146,159,142,165,164,152,167,121,144,146,146,144,138,153,152,148,135,161,142,162,142,155,147,157,155,148,148,136,156,141,145,166,151,167,154,149,152,146,141,139,144,144,147,167,171,146,154,153,138,132,141,137,165,159,128,154,158,161,145,153,153,153,154,141,156,157,158,151,132,142,156,155,137,157,134,144,152,152,144,154,143,157,168,149,138,151,145,129,158,166,138,150,147,153,154,137,140,161,155,148,152,149,167,164,142,166,138,179,129,134,150,133,146,140,147,153,124,141,157,137,157,166,158,135,167,156,140,160,143,156,153,146,154,151,156,156,140,142,159,146,150,161,162,152,168,157,144,144,158,152,148,150,139,142,126,159,159,134,146,152,154,147,129,162,139,176,140,146,166,150,166,145,154,130,120,162,166,142,166,152
150,140,162,153,147,167,140,155,130,146,156,135,137,154,150,157,157,140,155,161,144,166,152,144,162,145,147,138,150,144,155,129,149,157,133,149,158,153,134,158,168,146,138,152,141,137,160,148,151,139,157,168,157,155,161,148,157,144,146,152,149,135,139,141,157,134,156,142,150,137,131,148,144,138,158,157,161,145,145,138,158,146,156,157,138,142,150,169,151,150,140,141,140,163,150,140,139,147,135,167,154,148,140,148,154,150,157,164,142,148,170,149,156,147,169,139,152,149,153,158,165,150,152,141,132,159,128,164,137,144,157,133,145,157,160,155,143,143,148,160,132,158,167,158,148,155,144,155,152,134,131,145,154,148,137,140,150,140,143,152,152,144,152,158,130,130,142,128,147,157,151,140,157,141,166,141,156,160,162,141,158,162,149,160,167,139,155,149,162,143,152,147,140,155,165,172,145,143,138,162,148,163,154,159,138,144,160,139,142,149,154,138,156,145,150,134,160,139,153,165,141,143,158,143,152,161,152,148,149,155,165,136,138,134,147,127,159,156,151,125,131,146,143,153,154,144,157,147,147,161,149,155,138,148,145,164,150,140,143,148,158,155,154,153,146,145,147,155,147,169,157,155,131,136,145,148,140,139,132,139,126,136,147,135,153,146,142,150,158,140,159,139,151,157,142,137,143,150,144,147,154,157,147,150,145,155,142,149,156,160,154,141,156,161,148,154,154,148,153,146,158,168,152,139,169,142,151,158,155,143,139,148,166,162,150,153,136,166,131,153,164,144,137,141,157,163,181,138,132,143,145,154,139,157,144,143,153,150,144,142,156,148,145,146,157,160,151,154,145,171,163,129,149,156,138,168,140,129,154,160,150,153,148,157,152,142,163,135,163,147,160,149,132,150,164,144,138,149,157,150,162,145,153,144,152,139,140,144,158,134,137,151,151,137,150,161,155,153,145,135,160,139,148,172,170,158,142,159,146,142,157,146,141,160,135,144,157,147,164,141,144,139,132,145,149,148,158,131,170,141,149,150,144,146,138,152,132,156,134,142,140,139,153,152,170,147,144,150,129,131,138,142,152,164,123,138,142,159,148,142,169,149,148,166,148,168,149,139,142,144,143,152,154,149,136,151,143,144,149,138,149,154,144,159,147,151,160,153,139,149,138,149,154,157,140,159,141,152,136,143,144,141,138,137,165,143,123,155,154,138,155,156,160,147,147,141,141,160,172,162,167,126,137,146,161,131,158,157,139,151,134,145,147,139,147,158,146,148,146,155,150,164,151,152,149,143,160,166,163,130,147,142,148,159,157,154,149,148,128,139,164,138,133,169,144,159,140,138,161,153,151,148,156,148,160,141,159,142,161,137,156,152,145,158,140,143,138,141,151,134,130,149,147,140,147,149,147,156,141,150,154,163,146,161,136,139,157,154,152,144,159,151,152,156,149,164,144,151,142,160,161,137,143,147,159,139,153,151,156,155,153,153,149,150,153,141,163,160,147,151,152,137,146,166,154,148,153,152,144,139,152,162,143,144,143,148,146,160,141,163,147,164,153,155,155,147,152,131,145,148,143,157,161,174,159,147,152,134,152,156,160,156,159,143,161,139,147,149,156,147,158,155,154,159,156,158,146,159,157,139,159,135,139,138,163,158,165,140,171,143,144,168,154,153,167,129,151,148,138,155,144,154,164,166,158,161,138,141,145,163,162,151,162,150,139,144,143,138,150,153,150,136,155,153,156,150,156,157,172,173,141,129,164,141,164,140,153,145,154,158,158,142,166,169,160,146,165,177,157,146,151,146,127,159,124,162,145,158,144,140,148,155,155,155,161,154,138,154,164,149,156,128,140,146,153,168,146,163,144,164,132,130,150,145,151,175,142,159,159,132,133,138,153,146,134,133,157,150,139,152,138,139,151,145,149,143,152,151,159,134,147,176,149,161,143,173,140,157,146,156,160,147,137,151,152,142,155,160,136,165,149,155,157,138,159,155,143,158,173,150,150,152,147,143,142,150,161,147,151,172,160,157,144,157,162,137,146,157,158,167,136,159,149,167,155,126,144,152,157,139,156,149,159,151,136,153,154,141,143,153,149,136,152,157,149,143,157,143,144,145,138,163,152,162,152,160,140,153,162,154,141,154,159,143,144,163,151,154,148,156,139,143,152,164,138,140,158,146,136,165,156,133,147,172,147,143,151,154,153,128,156,146,142,156,150,161,159,164,150,136,134,143,151,155,142,148,153,145,168,152,145,169,142,134,144,156,141,165,137,142,150,150,143,151,147,140,146,165,151,149,149,166,145,155,147,159,141,165,132,162,133,156,153,153,158,135,161,160,159,130,158,168,138,164,160,163,146,134,143,157,126,142,152,168,156,171,148,144,139,150,167,144,152,145,152,155,144,147,142,173,144,135,137,137,157,156,131,158,155,142,158,139,155,156,155,147,141,137,146,146,157,137,170,155,145,176,152,151,137,154,145,137,143,147,144,147,145,158,157,164,147,139,144,150,144,134,152,170,156,140,153,160,147,160,144,161,138,154,163,161,125,152,134,137,149,151,144,140,145,146,147,141,159,156,146,171,149,146,170,148,154,152,171,150,163,150,162,144,158,164,155,152,133,152,135,123,145,131,151,157,146,144,151,146,150,148,140,134,150,156,167,145,146,158,169,163,133,153,156,153,143,158,170,155,146,154,181,143,140,149,144,146,156,140,138,125,152,161,168,150,149,136,150,145,134,136,159,155,148,148,150,153,163,127,144,145,135,148,141,155,138,133,158,141,153,144,135,153,138,135,144,155,172,145,135,151,148,154,134,149,147,147,162,143,151,150,152,154,151,153,140,161,153,142,145,170,137,163,149,151,162,166,144,142,150,151,171,162,155,152,156,148,161,159,143,141,145,164,138,160,150,148,135,145,162,145,157,135,127,155,133,146,151,134,150,155,147,141,150,152,132,147,147,168,149,165,140,157,165,140,159,155,153,154,151,161,153,140,151,164,156,160,157,150,153,138,132,157,151,142,153,167,146,156,146,139,156,144,152,155,160,142,152,131,157,149,154,150,162,135,135,151,150,163,163,161,130,156,138,146,145,131,140,153,143,146,151,151,161,139,126,144,136,164,145,150,146,159,160,153,156,158,155,150,129,139,163,145,152,158,156,137,152,165,174,155,162,150,138,163,138,151,157,141,149,134,156,174,172,167,135,167,134,153,145,162,118,141,152,152,126,139,150,154,132,126,151,146,148,156,150,150,153,146,140,166,147,170,159,140,150,143,145,138,134,169,155,144,127,144,148,144,154,150,149,139,149,153,154,150,154,161,132,155,132,153,152,155,149,142,151,150,159,138,155,152,143,166,152,141,136,147,160,142,150,147,163,155,155,159,149,137,158,151,158,138,150,146,148,134,168,149,138,142,162,139,138,167,173,166,173,156,155,148,152,140,145,155,141,156,140,146,136,136,161,143,140,143,135,165,149,142,145,142,142,157,143,146,149,138,147,148,161,160,159,161,142,169,130,159,166,152,138,143,142,146,149,155,161,149,149,150,147,146,129,147,168,156,147,139,148,167,150,139,151,141,160,143,156,128,132,160,141,157,150,157,145,145,166,145,145,143,150,156,153,162,142,160,140,154,156,140,161,161,141,157,147,152,145,139,162,141,134,157,151,154,153,130,160,162,158,144,159,145,167,156,144,115,154,156,166,134,154,139,152,148,153,139,137,154,138,171,143,138,147,152,148,150,144,141,150,144,145,131,148,153,156,144,137,137,158,151,158,171,147,156,139,131,138,146,163,149,148,152,160,165,146,146,149,147,146,158,154,137,145,144,155,149,144,157,160,147,159,131,155,135,140,142,133,136,149,160,147,143,156,153,142,146,150,156,149,138,147,151,148,142,159,164,146,141,149,147,150,164,155,144,161,146,143,141,167,144,141,150,143,155,156,147,144,142,144,164,147,163,146,149,140,153,152,135,154,156,150,148,150,158,144,157,140,163,148,155,153,148,165,142,140,151,157,153,147,142,151,141,149,160,145,141,146,149,146,145,157,140,150,166,146,129,153,165,165,157,143,146,146,149,135,138,161,142,151,147,147,136,135,152,156,129,149,148,151,148,150,147,158,152,140,159,141,149,137,146,150,158,136,138,169,148,148,145,157,153,170,158,146,162,129,138,143,157,154,159,149,158,153,162,137,148,128,130,155,153,162,147,153,128,151,144,133,159,145,138,147,145,157,148,129,163,137,138,153,148,153,159,141,137,150,151,146,155,155,138,145,131,157,152,155,152,153,167,164,165,141,143,156,125,148,134,149,146,129,133,149,152,139,165,161,145,155,165,156,133,146,158,170,146,147,165,148,152,152,142,153,126,159,158,146,145,143,159,151,165,149,166,166,150,149,141,140,146,163,131,160,155,172,174,149,145,126,170,142,158,145,159,166,152,146,157,159,146,150,140,145,156,149,154,165,143,153,159,174,133,154,143,150,147,148,159,141,144,159,144,142,132,142,130,152,138,157,162,145,139,160,157,151,137,161,152,163,167,138,146,150,157,154,127,156,153,160,156,160,152,162,152,170,148,153,152,144,151,148,143,143,153,147,152,159,144,133,150,138,152,150,134,138,151,134,124,141,140,148,162,153,164,141,139,153,160,152,144,143,149,147,152,159,175,171,154,132,170,150,130,165,162,162,159,148,143,138,166,140,169,142,149,151,140,132,141,150,156,140,150,147,146,134,149,147,170,142,158,159,157,170,153,141,150,155,151,150,144,143,161,145,150,159,155,154,151,124,166,150,154,145,144,137,144,140,154,151,167,147,138,140,153,148,152,156,162,171,140,150,159,146,154,146,140,145,149,143,152,161,141,146,159,152,155,132,136,141,148,149,175,143,125,154,138,153,149,152,152,169,157,171,148,154,144,142,134,135,156,154,152,159,148,150,155,133,136,151,157,158,138,163,156,138,156,141,170,169,155,135,139,154,154,132,131,160,152,154,153,150,139,142,154,154,125,154,164,152,153,135,138,151,147,149,163,152,152,143,149,151,159,151,136,134,128,145,170,151,143,156,148,136,159,167,130,166,159,159,144,144,139,166,137,142,143,163,155,157,149,152,171,139,146,154,152,151,158,148,149,160,143,159,140,139,155,158,161,155,122,138,169,140,142,129,146,160,168,161,141,146,163,144,157,146,155,156,143,141,172,126,151,143,138,117,151,150,149,139,152,143,154,156,145,143,147,146,149,148,148,164,152,146,147,149,133,148,150,155,153,173,166,154,137,139,158,144,167,149,150,154,164,168,162,139,160,159,143,135,150,137,143,153,149,160,154,150,149,141,144,152,158,150,152,161,138,150,150,152,146,141,168,146,160,151,141,145,147,155,159,155,155,143,154,161,157,143,150,148,158,150,152,138,157,142,139,148,158,151,147,147,159,164,148,143,151,136,143,156,162,164,149,142,143,157,164,130,144,157,148,154,144,149,166,153,138,141,148,141,166,155,152,159,165,161,159,141,148,144,149,152,161,152,138,154,155,155,155,144,154,127,159,152,154,158,152,145,140,150,148,158,157,147,147,150,154,166,169,147,151,150,140,148,134,145,154,157,150,135,160,134,143,151,134,139,147,157,141,136,160,151,141,145,155,150,157,168,136,147,140,143,138,168,137,151,154,162,147,148,152,154,140,146,143,140,148,152,143,158,142,156,134,156,146,154,140,148,148,162,150,145,158,143,155,135,136,140,147,156,155,144,133,146,145,153,137,129,146,148,141,170,150,154,156,166,145,142,124,146,145,144,157,151,152,136,131,143,152,156,155,179,137,171,130,151,140,157,154,169,156,154,145,159,151,150,146,146,139,151,159,152,168,150,138,133,156,141,160,138,149,163,148,138,154,150,140,148,147,159,183,145,147,162,165,140,154,155,140,154,149,127,146,154,152,136,136,142,145,148,156,155,162,149,148,143,143,144,154,146,169,150,156,149,160,156,146,150,156,141,156,164,142,155,147,141,147,143,142,148,141,144,156,151,165,151,162,147,147,149,157,152,142,149,140,141,154,146,143,141,149,166,130,135,141,145,144,149,156,136,142,132,144,159,148,160,131,138,140,150,148,160,153,143,137,154,158,126,156,146,142,155,147,131,158,145,139,162,150,162,145,134,163,156,179,149,154,153,166,161,148,144,152,158,150,146,159,146,152,155,148,160,147,159,167,132,142,153,135,153,149,146,153,148,141,135,163,147,140,153,136,156,145,139,153,147,162,165,152,149,146,145,154,130,161,160,148,147,158,173,130,142,139,156,138,165,142,168,149,147,141,166,153,144,148,126,152,137,153,165,161,143,150,156,133,140,139,153,139,148,138,153,162,140,155,144,139,155,133,154,141,153,133,146,143,136,143,146,137,147,141,153,155,145,152,154,143,150,132,157,165,126,162,134,135,148,175,142,166,156,163,142,158,145,165,147,142,150,140,160,136,149,169,145,144,153,120,146,156,145,156,167,150,151,152,149,127,141,141,160,140,148,148,150,145,150,127,143,138,140,143,160,140,150,150,131,142,149,159,170,162,146,145,129,148,146,161,153,140,150,146,147,156,152,143,154,167,174,141,157,155,140,146,160,168,152,156,153,152,147,140,158,152,142,142,146,166,161,141,134,152,141,161,165,157,133,143,147,147,133,144,155,142,153,150,149,137,130,159,165,141,165,158,147,157,163,148,136,161,151,160,153,145,127,138,153,143,146,159,149,160,148,163,132,141,139,140,138,163,143,152,133,159,155,159,157,145,137,150,154,164,135,157,138,146,141,156,129,143,149,137,165,158,157,150,147,144,160,154,148,158,143,159,162,156,137,157,140,144,158,150,134,153,149,158,156,151,153,150,143,150,153,152,145,144,148,149,146,138,152,158,135,148,157,138,150,168,153,130,133,160,142,159,143,148,146,160,157,151,141,156,159,180,137,142,153,158,152,152,155,141,153,141,151,155,163,157,142,130,162,146,153,151,145,161,153,144,154,140,147,161,156,151,155,136,160,150,133,155,147,162,149,146,150,140,151,149,151,141,154,156,139,151,144,161,151,140,134,151,150,150,167,149,156,158,158,147,152,148,171,140,154,162,144,137,140,137,155,162,150,144,160,142,149,140,163,150,151,146,141,154,149,154,138,162,165,152,124,146,140,154,144,162,158,156,165,132,140,160,132,167,162,150,161,134,135,160,162,148,164,150,139,143,160,158,138,147,155,164,170,157,144,141,152,149,152,162,128,159,136,145,153,155,156,152,159,152,156,133,171,147,154,150,159,155,157,138,124,135,151,161,154,158,141,172,144,157,155,158,130,161,161,151,142,139,134,152,138,155,158,145,148,136,155,162,161,144,143,144,149,135,157,156,156,137,132,147,142,137,139,145,159,145,144,158,152,145,149,141,145,142,149,136,139,145,150,147,145,159,137,169,154,155,153,161,159,161,148,154,149,155,145,122,145,155,147,145,165,119,158,145,157,162,159,156,157,146,149,143,163,155,151,156,151,160,143,143,152,139,148,143,151,157,144,182,144,146,143,141,158,145,159,152,151,154,145,159,171,134,144,142,133,163,147,148,138,141,154,133,140,182,159,158,153,156,157,166,135,159,157,163,146,152,133,148,144,155,137,143,154,136,158,162,145,147,157,140,170,146,144,146,144,151,158,143,156,153,156,160,143,153,160,150,153,130,137,149,157,154,157,128,150,135,154,145,143,155,161,145,152,166,141,152,157,153,157,160,142,157,154,158,144,165,157,158,181,164,165,154,162,132,140,158,132,167,146,160,156,149,145,137,152,128,171,136,163,141,149,172,136,144,156,166,144,140,162,159,137,164,160,152,161,133,144,138,149,171,145,153,145,158,144,167,155,167,125,151,141,154,146,148,150,154,177,135,156,149,157,160,136,160,161,138,136,136,151,143,139,158,160,152,152,124,142,150,163,151,141,149,138,151,158,163,150,161,144,153,134,150,163,157,171,146,169,145,148,151,164,151,160,127,155,150,152,141,148,153,163,148,155,153,140,134,140,149,156,163,150,153,146,143,162,151,147,130,151,152,143,144,148,148,161,176,149,135,155,153,136,148,132,167,132,163,149,150,161,158,141,155,140,139,138,145,157,148,144,138,158,131,139,130,151,158,139,139,146,151,149,142,143,138,146,155,140,156,152,157,146,162,138,141,143,149,163,163,143,144,151,149,138,164,143,150,150,144,144,164,153,163,158,161,165,165,150,137,146,166,174,155,142,150,151,153,136,172,137,143,161,136,134,163,155,142,153,143,147,141,151,163,155,142,149,159,143,136,149,138,152,141,152,151,151,155,149,150,138,139,148,149,142,147,138,147,139,156,147,142,150,153,148,152,153,136,164,147,146,145,146,142,153,143,154,149,154,158,156,128,139,158,147,161,159,160,141,153,159,164,145,143,155,142,157,148,166,138,156,132,154,136,162,154,147,149,148,163,128,153,158,130,153,167,155,151,141,134,138,144,138,151,157,147,148,169,151,173,132,169,158,157,154,137,133,139,143,145,131,144,140,163,144,145,138,131,167,150,158,147,147,154,168,145,152,139,157,163,134,148,155,124,156,148,160,132,124,145,151,138,147,159,137,128,173,157,147,146,140,137,148,161,159,164,132,162,142,163,148,141,148,168,155,151,149,158,149,147,158,157,150,138,158,149,160,140,143,156,146,152,145,148,157,163,154,145,154,139,143,140,149,157,151,149,147,138,148,142,160,159,144,163,166,150,154,147,145,159,137,151,147,139,137,153,155,154,145,154,135,157,144,160,158,145,149,135,155,164,146,151,132,154,135,162,141,158,159,153,156,158,169,171,155,155,139,157,153,153,148,141,154,157,147,163,148,163,141,138,145,172,148,150,140,145,171,148,154,153,132,139,145,147,164,144,159,158,164,151,141,136,139,142,141,144,131,158,164,144,140,140,136,146,142,139,155,161,159,142,156,147,144,164,141,142,149,150,151,159,136,165,129,136,143,127,155,160,140,148,143,134,148,135,164,155,163,149,120,135,150,149,147,147,143,154,140,157,155,152,155,129,146,146,129,132,141,156,158,167,151,152,140,157,142,148,140,153,150,162,146,145,142,164,149,154,148,124,144,146,143,152,157,149,133,157,148,153,160,160,150,155,152,160,156,134,152,145,149,157,142,130,147,160,147,169,158,130,162,135,152,145,153,143,149,136,150,168,151,170,152,151,140,152,166,163,156,139,165,166,141,165,161,149,151,145,146,150,130,154,146,158,147,148,144,144,155,153,156,151,156,160,143,149,162,160,159,158,172,161,162,154,155,152,154,155,143,147,129,158,133,143,173,134,146,158,149,151,144,154,152,143,150,163,166,146,155,166,154,147,146,141,143,164,138,138,150,137,161,147,157,140,151,162,133,153,144,146,137,133,155,162,166,146,166,136,155,135,155,156,146,150,164,157,147,161,141,145,125,153,142,148,137,160,142,154,155,147,151,170,147,159,152,141,136,160,171,154,148,145,160,159,147,166,146,149,145,147,179,155,146,146,169,152,131,153,152,146,138,151,149,142,141,145,156,140,133,126,137,141,151,126,144,153,147,161,155,155,168,158,136,154,151,153,144,153,152,158,128,128,149,154,156,162,157,150,162,140,156,169,152,166,151,155,165,160,153,132,150,132,129,149,151,157,151,148,144,157,142,153,145,174,175,139,159,162,144,171,144,144,153,146,141,148,142,145,155,139,158,127,139,139,140,166,145,145,144,130,161,133,143,153,147,137,132,143,146,152,147,137,159,164,151,148,159,148,154,146,136,157,139,152,143,150,151,135,145,137,147,151,163,147,157,144,161,141,135,158,164,139,164,135,158,172,161,156,141,141,147,143,167,156,172,162,153,152,156,157,167,163,146,154,168,142,163,147,130,139,151,143,160,153,146,142,142,157,143,146,136,140,150,144,167,157,147,155,141,144,149,152,135,139,138,155,146,148,155,136,158,161,151,140,148,161,152,150,152,146,151,161,151,157,157,161,150,163,154,148,142,147,173,151,152,147,140,144,146,143,142,148,154,145,159,142,160,141,141,146,146,145,134,150,128,146,149,149,164,152,162,153,151,168,129,157,159,134,142,117,148,153,146,133,158,158,137,157,155,150,142,155,153,129,134,155,149,142,150,163,147,167,154,157,162,166,171,147,167,160,153,141,153,128,131,160,164,154,169,147,132,134,158,156,164,161,160,156,160,156,169,132,148,149,153,152,170,154,144,158,164,153,181,134,162,138,146,146,166,141,156,145,145,163,160,140,148,147,155,147,160,159,145,128,142,167,154,145,153,156,158,155,160,139,154,147,123,153,150,156,132,148,147,140,155,141,173,146,150,147,143,151,140,140,144,149,139,142,143,156,147,160,158,145,130,145,165,164,142,157,137,140,152,135,158,143,153,156,159,154,167,160,173,154,148,156,150,161,152,152,165,154,144,147,159,120,140,140,165,140,152,145,181,135,145,157,125,147,145,147,142,154,147,162,156,157,149,141,156,153,167,147,161,157,166,154,149,157,156,144,157,159,137,155,153,146,165,150,153,149,151,143,155,140,157,149,163,153,144,146,150,142,159,165,153,166,144,140,153,154,163,159,141,135,172,142,175,146,147,149,156,154,144,141,144,151,157,142,160,162,145,152,136,144,160,137,140,155,161,134,156,143,151,162,167,143,151,137,143,154,154,156,158,133,150,136,157,142,152,144,152,150,151,134,157,160,161,129,138,149,154,154,155,154,146,141,156,151,157,138,123,139,150,140,157,140,158,153,134,137,146,140,146,175,146,135,138,173,130,138,135,150,139,152,155,163,154,163,150,140,153,139,144,155,137,143,140,159,132,132,141,142,148,161,134,170,144,146,144,155,153,146,158,148,149,148,155,150,142,143,136,145,159,145,131,164,153,143,154,153,148,152,148,134,146,143,160,146,145,149,145,145,153,156,132,157,152,149,152,151,146,173,153,161,145,148,142,154,150,175,133,142,154,144,141,139,149,137,154,148,162,152,154,147,154,159,151,152,156,162,150,159,141,139,133,145,161,138,164,157,164,137,163,153,154,163,148,171,132,150,143,136,140,144,147,127,141,140,155,138,146,146,149,174,145,142,152,178,149,150,145,156,145,160,148,137,142,151,142,161,154,160,150,133,153,147,143,145,146,151,145,149,149,149,158,142,153,168,158,153,161,151,134,151,128,154,156,159,163,153,147,144,146,160,148,161,143,139,166,171,153,128,157,140,142,146,155,159,142,150,145,146,153,166,151,144,141,168,131,161,152,156,143,160,149,144,135,146,144,162,117,127,164,166,149,137,149,160,149,149,147,161,154,164,144,142,152,141,153,140,158,131,150,142,138,150,163,163,151,144,153,142,148,147,171,162,157,141,129,146,163,150,161,149,146,141,153,137,153,150,156,166,137,156,156,136,167,150,148,147,143,148,152,157,150,155,131,133,146,145,137,168,147,149,143,133,135,142,131,143,164,159,142,149,149,151,137,150,148,152,147,145,132,152,165,157,152,145,153,149,154,139,155,149,148,145,166,132,141,146,143,146,131,162,150,153,161,143,148,134,143,155,171,145,168,136,153,144,143,133,155,154,148,171,167,159,161,167,158,155,163,150,154,145,143,164,141,145,148,154,139,142,160,144,133,178,157,167,155,149,134,139,147,146,153,135,155,140,146,162,139,144,148,151,129,161,148,167,143,154,169,161,164,140,177,140,158,151,144,139,133,117,162,157,135,149,151,141,155,169,147,142,155,155,150,152,136,136,140,143,140,154,160,152,151,154,145,131,154,167,142,166,149,149,130,157,138,152,163,139,152,136,156,145,143,141,131,162,146,159,150,152,148,161,142,138,132,148,142,142,149,157,151,145,152,159,149,139,127,154,156,145,174,138,153,146,158,142,143,147,143,132,157,144,150,125,127,150,150,144,170,157,136,154,136,156,151,153,150,161,147,152,158,148,158,152,164,151,155,168,163,147,168,145,163,174,142,140,146,165,163,139,149,140,168,149,134,140,150,147,126,151,143,138,155,131,142,171,163,147,159,144,152,162,148,143,150,157,155,164,155,154,152,137,153,132,162,145,142,145,153,160,146,152,139,138,170,159,152,132,151,157,151,153,158,143,147,153,134,142,130,141,154,149,165,168,133,154,157,163,166,163,155,139,149,164,151,139,136,160,144,130,173,170,143,154,155,160,146,150,148,155,162,150,165,167,151,144,161,164,151,146,129,140,143,169,150,141,162,150,149,145,151,146,145,154,156,156,154,139,154,161,168,145,165,154,164,154,154,133,149,136,145,149,142,145,156,139,153,153,137,147,155,148,161,152,144,145,148,169,148,139,148,164,137,160,127,159,152,150,125,147,133,169,143,149,143,155,138,133,163,146,139,146,149,141,152,155,151,145,141,139,136,151,141,152,166,161,141,145,137,150,151,155,146,152,148,161,143,128,152,152,168,159,150,137,159,150,168,171,137,132,140,163,168,146,155,166,152,141,157,151,136,143,136,156,152,146,132,160,150,128,148,160,153,154,143,150,149,135,156,154,133,160,137,167,148,172,151,152,142,135,144,157,124,138,144,152,161,168,144,143,143,139,152,137,145,155,141,167,161,144,153,142,148,151,158,152,139,162,164,144,141,152,147,153,136,152,150,146,141,152,144,156,152,134,153,156,141,143,144,153,153,136,147,146,140,147,147,144,166,151,173,153,160,133,150,148,174,145,135,145,161,144,156,158,156,156,135,164,168,127,162,138,147,142,147,144,160,158,151,144,151,158,151,152,157,154,143,150,139,151,147,177,135,147,160,134,143,165,150,136,158,150,137,136,143,164,158,148,159,162,157,148,137,153,168,149,135,158,151,134,150,138,152,143,132,147,137,148,144,143,134,167,139,149,165,153,162,133,148,147,147,144,149,149,130,158,141,143,143,151,142,173,156,166,148,149,135,148,145,156,160,154,137,149,170,127,140,142,137,155,151,142,141,137,152,146,142,156,155,162,139,148,145,137,165,127,143,141,152,151,150,153,149,162,148,154,156,135,153,154,139,136,141,136,125,149,160,124,145,127,161,155,145,138,158,161,141,144,145,131,150,166,152,150,150,137,161,137,148,162,148,180,152,147,142,156,154,153,140,154,170,148,151,149,132,152,155,158,155,142,144,149,146,163,147,151,158,162,166,140,155,130,156,174,148,150,160,175,156,154,124,172,131,151,170,145,141,163,170,166,153,146,135,155,147,150,144,162,160,136,150,145,152,151,161,150,153,152,158,166,137,154,142,146,167,163,158,142,163,151,143,138,142,168,137,158,133,145,163,142,157,160,143,153,146,165,138,157,145,184,135,155,157,154,153,141,158,155,158,158,162,161,141,151,147,161,177,156,153,147,159,153,135,152,144,153,152,155,150,151,160,143,157,155,141,141,144,147,136,147,141,157,141,149,153,169,150,157,128,139,139,155,155,158,151,143,149,161,172,161,160,154,155,136,156,157,144,142,152,171,141,147,157,162,155,153,157,152,165,135,154,158,147,145,131,158,174,147,149,152,173,150,151,170,151,160,153,147,155,142,147,140,128,153,137,149,169,161,160,151,147,149,153,145,143,157,145,135,152,147,147,156,131,144,161,160,142,162,149,164,160,144,140,152,156,157,132,153,148,147,147,143,161,152,154,142,169,168,140,144,152,150,144,144,133,158,161,149,142,130,141,149,157,150,140,161,142,146,152,156,147,151,165,128,140,155,165,151,158,158,132,154,155,147,147,150,146,154,149,143,134,146,156,135,142,155,163,132,137,135,152,139,139,138,153,147,159,158,157,147,150,134,138,155,153,148,157,139,139,141,145,159,163,155,145,159,141,163,144,187,164,135,140,142,166,147,150,158,149,169,151,144,156,158,149,156,148,137,149,131,149,150,138,155,150,154,145,152,156,163,151,139,135,153,146,129,155,174,148,158,144,170,149,156,161,147,139,133,162,161,154,137,152,165,148,148,148,145,168,147,158,166,150,169,124,160,152,160,133,158,152,137,126,150,171,145,150,150,164,142,136,150,146,160,140,148,144,153,140,142,136,161,148,167,161,126,145,166,145,145,149,148,153,154,163,165,142,126,147,145,148,165,143,144,146,153,156,141,150,164,143,145,143,150,155,125,151,156,155,158,131,149,154,156,139,138,153,148,143,162,163,147,158,148,135,146,154,142,137,144,132,151,171,149,141,158,149,124,139,151,147,143,155,137,166,148,138,151,145,127,154,139,167,156,149,151,146,157,140,162,157,166,160,141,167,142,124,135,136,149,141,142,141,154,152,150,158,152,148,163,146,152,156,168,156,144,145,166,140,137,151,157,152,135,151,155,137,163,156,158,144,147,158,157,138,153,142,149,134,151,149,159,142,136,151,137,150,129,155,155,150,153,154,151,150,161,136,136,165,157,147,150,134,145,159,147,146,150,132,154,142,153,156,157,141,149,158,129,156,158,152,148,160,156,155,149,140,150,147,171,127,151,158,158,160,155,133,139,145,144,149,153,155,154,145,159,175,156,143,162,167,155,140,150,153,148,150,140,158,165,153,149,152,148,139,157,144,145,152,137,138,162,146,135,146,138,136,149,147,152,135,151,157,150,154,173,166,168,148,150,144,126,145,130,147,166,145,160,143,151,152,129,144,136,138,127,132,155,159,166,153,164,151,150,145,158,151,149,138,156,140,148,155,149,127,149,154,148,151,148,142,153,146,153,149,145,144,152,143,150,164,152,145,159,152,161,155,153,147,145,149,151,152,156,155,149,163,143,169,160,130,148,141,160,173,156,160,144,143,133,159,157,153,147,137,159,150,156,146,146,148,159,134,161,141,145,164,150,156,148,151,153,154,153,153,150,131,165,144,150,141,148,152,148,144,176,162,151,164,159,148,150,161,144,132,135,145,163,163,163,163,140,137,143,148,148,154,148,149,149,144,164,171,145,138,145,148,158,140,150,145,142,137,152,152,159,157,141,145,148,138,143,143,150,148,145,139,146,143,155,154,147,152,168,145,176,142,146,163,147,147,152,138,136,159,149,150,157,124,165,133,142,145,145,141,168,145,151,143,152,150,149,137,164,163,136,144,155,140,133,154,157,165,154,142,148,135,151,152,152,149,142,156,164,163,143,141,170,157,141,151,162,145,158,151,143,156,142,148,156,164,144,143,139,153,160,139,139,145,151,155,152,157,145,167,150,157,169,157,156,155,154,172,146,146,152,148,147,147,149,154,148,153,142,150,137,141,175,151,152,135,162,147,144,160,155,147,141,142,147,150,146,162,144,154,160,137,158,155,166,161,164,138,129,124,146,137,154,154,151,170,178,137,146,157,129,137,159,136,151,142,146,154,159,151,153,154,143,154,155,151,150,154,142,135,154,171,164,154,143,160,156,143,152,163,154,147,144,155,150,136,145,147,161,152,157,132,161,151,169,139,146,140,162,145,158,132,138,173,151,157,161,148,150,143,152,156,155,159,160,157,131,151,146,160,143,159,139,160,168,142,142,142,157,137,145,137,145,154,152,153,143,141,145,158,162,165,162,165,149,132,151,148,166,140,155,165,132,156,150,190,146,148,151,163,169,154,158,163,155,155,131,149,149,159,171,142,147,151,163,146,159,142,155,159,169,136,158,132,151,154,164,151,146,151,166,147,146,145,152,139,165,152,145,139,141,159,138,158,149,154,143,137,127,145,151,134,168,143,141,151,143,124,151,154,147,157,166,147,147,163,157,151,130,155,145,136,170,142,164,156,163,150,145,147,148,149,144,139,169,144,159,143,150,136,142,151,146,162,168,151,148,140,163,144,162,153,165,140,147,147,160,148,153,153,144,148,151,152,159,142,144,159,151,140,142,152,162,148,145,160,148,142,152,138,141,148,135,151,148,152,173,155,137,137,152,148,150,158,168,160,141,152,136,151,138,139,152,156,143,144,150,159,159,140,144,156,143,138,152,142,161,142,132,158,155,144,154,161,151,145,142,153,142,130,144,158,146,155,156,164,150,157,151,141,152,154,140,130,154,169,147,147,167,165,138,143,141,137,149,155,165,143,141,152,153,152,149,165,137,160,142,155,155,153,152,146,152,165,133,131,148,140,152,133,148,158,157,129,150,180,155,162,137,162,134,156,147,163,156,164,138,146,151,143,156,148,134,158,151,143,135,155,139,121,142,156,142,136,159,146,159,154,153,153,187,143,144,157,137,151,153,130,152,136,151,134,145,147,159,144,150,146,146,135,154,144,157,156,152,153,143,150,145,157,128,166,138,146,153,157,161,170,148,134,162,150,148,145,157,148,166,132,153,144,125,139,149,157,162,147,161,138,151,137,155,146,156,163,166,152,153,145,139,147,143,140,139,150,156,146,161,150,152,132,150,171,148,160,143,148,130,138,137,150,141,161,147,159,136,154,123,127,146,148,130,164,147,153,140,145,158,147,147,163,142,128,151,143,155,158,132,163,145,157,152,148,152,142,141,148,145,148,141,152,117,143,159,159,167,150,147,160,157,154,145,156,132,165,142,151,139,140,131,158,148,145,164,157,144,163,139,167,151,130,151,144,146,152,144,164,145,160,140,141,140,158,145,133,157,153,160,155,156,136,150,153,168,164,159,150,158,147,151,177,167,151,154,149,160,136,140,150,178,163,155,154,156,146,155,154,154,138,140,154,133,145,166,137,152,149,146,155,170,154,159,129,155,156,141,137,153,142,143,161,151,151,152,153,139,167,142,131,151,141,146,142,145,136,134,151,129,144,157,138,139,145,134,160,151,160,146,154,145,161,158,143,135,150,175,163,144,148,148,149,158,157,162,168,146,153,156,125,118,162,168,149,151,155,138,140,153,173,139,143,122,146,154,148,163,153,155,143,160,139,151,142,147,133,144,152,146,147,150,144,140,148,151,163,160,150,151,153,143,140,147,155,137,131,150,158,144,131,138,147,132,142,133,142,152,133,165,148,173,148,144,150,153,134,140,169,150,142,146,146,170,142,127,138,147,158,153,152,147,147,131,158,152,146,158,139,153,135,149,126,158,133,165,142,146,136,157,148,149,154,149,147,166,143,151,153,149,166,149,151,155,150,157,145,155,158,148,137,164,157,149,145,153,141,140,163,153,154,141,135,156,154,135,143,137,149,143,147,154,150,130,152,149,172,150,164,143,152,140,129,150,146,156,148,144,146,139,164,152,139,151,159,156,159,150,154,132,143,154,154,152,141,134,162,135,167,143,156,152,150,140,153,154,162,147,139,155,139,162,138,150,158,139,136,154,160,152,155,150,156,128,160,160,144,158,151,154,134,160,152,164,151,147,148,160,140,162,164,159,154,139,157,145,136,145,139,151,158,140,161,149,164,150,149,140,143,155,128,146,137,133,157,140,151,157,152,148,158,141,149,156,140,160,151,153,141,149,144,154,152,138,160,138,142,169,125,146,142,144,155,147,137,151,149,142,161,149,149,139,150,157,137,140,134,149,169,135,146,151,162,153,167,153,158,156,137,134,152,150,162,130,154,145,145,168,152,146,167,144,156,158,130,149,154,160,158,156,136,154,140,136,143,147,171,141,142,159,149,141,137,166,138,161,128,156,146,174,150,140,145,143,159,162,165,149,147,145,143,131,139,147,157,161,166,147,136,156,159,156,139,155,123,154,149,142,140,145,151,158,154,144,149,142,151,146,148,143,131,137,145,169,147,156,152,145,151,163,148,156,138,140,149,151,147,142,134,145,139,151,144,141,146,144,146,126,170,155,148,161,159,152,136,154,147,144,146,138,154,163,158,140,156,145,146,142,162,149,137,141,150,163,166,169,145,158,151,141,160,150,173,160,137,142,159,159,148,155,153,155,154,123,156,156,138,150,155,148,161,144,143,171,158,144,153,140,148,150,150,157,159,140,157,146,147,142,152,150,148,160,142,158,167,150,150,166,152,144,147,148,148,138,145,160,158,135,143,166,139,143,147,150,174,160,150,153,151,146,134,136,145,173,154,153,168,136,163,155,148,157,152,124,150,146,132,137,159,139,145,155,155,151,152,185,147,166,162,149,147,145,143,154,173,140,151,153,132,151,141,143,145,135,135,134,158,156,161,150,151,144,146,151,161,131,134,136,141,131,160,156,147,138,148,149,149,152,148,152,158,160,151,146,164,145,140,156,148,155,149,152,154,165,152,144,158,166,149,156,152,146,132,153,150,157,156,145,152,132,158,138,148,158,128,150,160,153,138,149,136,175,156,169,142,152,138,154,154,152,166,138,142,152,157,160,146,142,154,139,140,151,157,155,154,141,146,154,144,131,133,140,154,138,181,172,138,166,159,146,143,132,143,138,157,145,140,164,143,147,147,152,149,155,137,160,172,163,144,164,158,129,147,147,148,142,152,141,144,136,165,152,134,136,176,159,163,151,135,134,142,138,140,145,149,161,152,153,146,145,155,144,149,159,156,152,143,150,158,156,149,149,164,158,161,150,150,155,152,163,133,130,150,143,151,135,165,144,128,143,138,138,145,142,168,135,170,137,142,162,144,151,149,150,178,167,138,163,142,174,147,138,144,142,161,145,155,136,145,146,152,147,168,146,148,133,130,164,140,153,166,160,150,126,152,154,152,143,149,166,142,134,149,145,174,135,165,145,141,155,142,149,133,142,141,154,146,152,157,154,172,166,158,147,157,153,163,156,151,133,146,156,161,158,135,154,158,151,150,129,140,144,143,156,151,155,152,146,150,175,142,144,175,152,143,141,137,142,145,157,151,145,153,153,155,158,142,138,157,150,151,146,138,161,138,150,144,149,151,174,148,156,169,164,134,141,146,130,163,138,158,167,137,130,160,153,134,139,159,165,159,148,135,151,138,138,139,141,159,152,156,145,140,161,162,140,151,161,161,165,154,148,147,147,156,147,142,146,156,149,130,131,152,166,162,143,151,160,147,150,161,141,151,153,147,155,158,153,157,136,146,148,158,138,161,146,175,157,159,156,157,140,147,146,151,132,138,153,164,139,163,129,144,168,172,138,162,160,145,150,142,141,138,141,169,143,161,155,137,149,159,159,147,153,153,149,148,144,148,159,162,148,131,156,157,145,133,159,151,150,168,133,154,161,159,150,131,168,168,146,164,152,148,154,142,168,130,161,144,149,151,120,173,144,156,133,137,158,139,144,145,166,160,154,117,167,151,147,145,148,142,144,146,150,151,151,149,142,153,152,144,159,136,153,152,151,157,128,149,141,150,141,147,139,155,149,146,159,138,153,141,149,164,139,142,147,149,159,144,162,152,136,145,147,149,138,132,164,132,146,142,145,142,163,142,127,146,144,154,146,162,146,163,158,145,154,159,160,157,151,151,145,143,147,156,146,143,155,156,149,153,146,171,143,161,163,148,134,148,145,152,138,146,181,152,160,147,153,132,157,160,150,152,152,162,134,133,147,149,137,147,148,145,135,145,167,146,148,146,145,153,152,132,148,146,167,150,141,150,147,139,160,157,157,135,166,150,146,152,148,142,133,149,156,146,145,158,158,162,153,164,142,165,158,158,156,141,142,153,149,167,145,163,135,154,143,148,160,139,145,141,171,158,154,171,156,149,152,159,146,165,158,156,161,145,175,134,137,140,140,161,162,159,170,149,163,147,161,148,123,150,146,144,146,142,148,157,145,140,149,142,156,152,154,135,144,152,159,157,167,139,148,166,169,148,142,129,150,163,147,148,170,152,150,157,147,149,157,156,147,143,158,149,139,145,150,159,146,159,146,141,150,142,156,157,151,144,167,159,157,165,140,153,148,142,145,170,159,150,131,166,145,155,153,150,143,180,161,138,136,161,138,154,152,156,152,130,138,135,143,151,149,158,162,152,154,155,149,172,164,160,138,159,157,145,150,137,160,150,159,155,157,135,157,153,167,139,153,144,141,140,132,177,156,151,140,141,147,121,165,148,145,161,150,159,172,147,143,144,145,147,148,141,146,128,154,142,159,136,157,146,155,152,141,136,153,149,163,148,149,147,159,154,162,143,145,154,161,150,149,154,168,144,150,156,158,147,142,133,132,158,143,150,162,146,146,147,146,151,152,157,161,150,164,149,128,144,151,144,141,154,150,152,121,147,149,149,151,154,139,127,157,136,153,136,155,150,140,151,141,153,130,138,151,159,145,139,151,150,139,158,143,145,161,162,140,156,143,134,156,146,148,165,151,146,145,162,157,128,142,150,135,153,152,140,157,143,140,141,159,163,147,144,157,145,130,158,149,152,159,169,153,173,157,151,147,149,158,162,149,158,172,148,168,158,144,150,144,135,149,145,133,129,132,137,157,155,164,139,159,161,142,171,141,127,158,155,153,156,145,160,154,138,151,149,150,154,154,162,137,165,139,145,134,163,141,139,152,137,145,157,151,162,156,155,136,151,161,149,137,145,145,158,150,147,161,141,139,155,143,179,155,144,137,158,144,155,170,146,153,151,149,132,144,143,148,146,155,150,148,131,150,134,151,148,150,140,143,166,154,132,171,150,135,160,149,159,159,143,161,145,159,139,151,133,146,147,156,161,144,159,168,163,151,158,129,142,146,141,162,154,156,152,170,152,165,141,137,132,136,160,137,137,166,132,149,146,146,132,145,148,162,157,152,147,158,165,164,152,165,149,146,160,154,156,157,148,138,153,140,161,135,143,144,133,153,146,138,145,134,157,152,143,152,145,139,158,152,139,146,141,147,145,158,157,148,157,170,155,133,140,164,138,153,137,153,138,157,163,160,141,152,149,151,168,145,148,153,155,141,149,162,158,149,153,138,150,144,137,142,137,146,163,139,148,134,162,138,157,146,152,133,164,162,158,162,143,153,157,162,159,145,162,148,131,149,147,149,153,145,173,160,161,146,147,146,136,133,146,147,156,144,130,159,133,147,131,158,166,133,139,137,150,146,156,126,130,159,144,133,158,132,137,142,143,153,139,182,149,157,169,141,145,170,160,145,143,159,144,146,148,139,137,169,138,135,145,151,168,162,151,138,149,148,144,159,160,150,152,162,150,146,156,148,150,147,141,146,131,149,167,134,131,162,147,166,169,146,130,127,141,149,158,160,156,151,149,149,155,152,135,162,128,160,158,144,159,157,147,145,155,143,147,148,138,155,144,158,132,158,136,150,142,151,148,154,160,157,155,162,137,161,152,141,146,159,146,156,152,165,152,175,147,152,153,151,140,159,154,142,165,157,149,158,151,162,158,137,153,157,141,134,148,150,166,151,133,152,182,159,147,147,152,147,159,149,138,157,157,156,157,150,157,145,169,148,152,144,131,160,156,158,151,160,134,161,158,131,150,154,149,147,138,156,156,153,170,154,134,162,145,156,144,140,143,155,143,157,130,138,148,141,127,136,133,142,132,151,147,153,154,152,135,165,140,158,165,140,146,147,143,134,130,152,150,169,157,151,170,145,153,142,135,138,169,139,172,131,151,157,131,154,140,157,165,137,152,157,146,144,152,153,153,154,152,161,153,140,157,169,144,153,146,149,139,153,141,162,154,157,127,159,150,137,161,145,154,160,137,150,146,146,160,157,159,148,163,136,148,144,162,136,142,150,138,157,152,148,139,148,147,144,147,164,163,149,153,159,145,155,156,149,160,142,137,160,175,153,136,127,154,145,131,142,134,128,150,124,136,141,157,135,133,134,141,138,155,154,168,143,156,156,156,165,136,141,137,162,165,162,146,176,146,144,134,142,140,150,148,141,138,156,157,165,145,145,146,160,151,150,147,151,151,152,133,156,153,156,134,140,147,145,140,155,152,164,147,138,132,153,162,130,138,150,140,165,152,167,145,155,146,148,132,149,163,162,165,154,159,147,139,145,161,139,140,160,144,155,162,164,160,149,136,147,144,158,157,145,153,154,143,147,147,130,149,149,167,148,142,160,154,152,163,151,162,160,134,159,155,150,150,175,159,150,135,143,150,143,161,152,145,143,131,134,150,147,151,144,143,141,152,154,164,150,140,150,144,154,154,148,151,136,134,152,150,155,141,144,145,141,139,157,155,151,138,160,150,144,137,167,162,147,138,146,146,156,157,148,144,144,165,159,169,130,151,148,146,151,154,145,138,161,154,163,142,144,148,149,147,146,149,143,160,129,165,145,159,152,156,165,139,142,159,147,163,149,141,159,151,140,141,153,139,163,162,139,155,149,170,147,150,130,154,145,151,142,145,157,144,146,162,170,156,155,131,144,151,151,139,141,169,133,147,162,152,145,147,141,150,143,140,143,172,160,140,141,141,155,138,139,152,136,144,154,143,155,159,139,156,138,178,159,151,152,160,143,148,142,161,141,151,142,153,142,155,137,145,137,159,137,147,144,148,149,155,147,143,138,128,154,150,152,150,142,140,155,142,146,143,151,161,160,153,152,150,152,145,141,133,154,142,145,168,168,132,144,136,140,153,158,131,159,151,164,154,161,154,148,166,146,137,146,162,153,140,132,142,161,166,159,150,147,130,161,140,141,143,148,156,159,160,129,162,144,165,144,136,164,159,140,142,137,148,133,150,142,164,121,140,157,142,153,139,135,152,150,158,147,155,137,149,145,147,155,154,161,158,142,160,159,148,144,166,176,150,164,155,151,137,148,153,130,171,151,151,155,162,162,148,146,147,147,155,145
153,132,152,155,166,148,148,146,152,152,148,142,150,148,161,152,146,158,152,139,168,135,166,131,153,142,134,157,153,135,142,133,155,165,158,145,148,147,167,138,161,157,152,154,144,151,154,144,134,123,146,162,144,158,168,149,143,143,151,135,134,153,152,144,158,134,171,151,147,154,152,149,171,157,148,137,151,153,156,170,159,143,166,159,142,160,166,135,154,125,141,140,151,141,140,167,160,152,159,148,134,162,132,171,148,135,149,143,159,147,145,143,146,139,154,151,154,143,159,134,152,159,147,139,154,162,149,160,156,134,146,160,142,146,147,158,158,145,154,132,139,162,151,139,157,152,160,135,166,152,165,155,143,148,152,144,146,139,168,162,151,165,144,166,136,154,159,146,165,151,162,150,182,141,152,147,152,168,137,153,148,155,143,148,161,132,151,149,146,154,158,164,150,157,145,142,140,155,171,156,144,152,134,141,172,152,157,164,151,124,153,154,149,131,133,154,134,148,154,137,124,170,150,155,179,141,146,140,160,146,151,145,141,158,133,145,143,134,152,162,133,137,130,148,136,152,158,154,137,129,146,137,141,138,139,158,145,148,142,146,145,157,131,164,134,130,144,147,144,150,143,166,138,127,166,146,160,126,150,126,150,140,165,145,150,144,163,148,147,146,137,147,148,151,167,144,156,159,145,172,149,148,144,157,132,148,156,151,156,156,147,162,161,143,159,158,122,142,134,156,142,152,130,156,149,144,152,151,150,159,148,160,154,146,153,162,159,147,162,160,147,142,145,174,147,156,150,158,149,166,155,158,116,138,139,152,153,162,145,149,144,143,156,154,165,145,135,151,157,144,151,146,145,153,136,147,168,145,147,137,163,157,134,140,145,144,146,146,141,149,141,154,154,159,134,147,141,156,154,146,145,149,146,153,155,142,156,136,149,149,171,165,166,156,132,128,157,156,149,139,147,160,158,156,143,134,151,140,164,145,156,153,146,169,158,166,152,144,156,143,153,149,138,152,149,154,158,165,148,145,142,170,152,158,141,152,151,144,152,166,154,155,160,151,154,155,161,137,163,149,142,157,141,150,153,147,142,162,165,162,168,125,142,145,156,156,136,143,161,161,161,162,134,151,167,162,144,141,155,153,148,147,129,138,150,172,148,157,159,159,165,160,150,151,139,149,129,176,153,143,157,140,151,141,156,151,136,148,153,148,141,126,161,155,136,151,124,140,159,148,135,160,148,130,146,138,150,152,156,154,145,176,146,137,160,153,159,150,158,138,162,157,166,167,172,153,158,173,150,140,167,158,150,142,154,158,151,152,147,162,148,146,150,136,154,140,159,151,164,152,132,160,141,134,152,150,158,159,164,140,141,156,144,143,153,135,155,173,158,139,154,171,152,166,148,140,141,139,143,151,148,137,149,146,141,153,145,147,158,132,147,149,149,135,146,152,145,145,141,136,142,149,145,142,160,155,130,142,151,150,145,148,145,146,142,142,153,158,157,141,135,145,155,154,132,146,158,138,161,177,154,148,150,160,149,130,133,135,166,143,154,138,157,146,154,152,150,128,145,144,160,138,138,157,162,144,159,151,147,158,151,151,142,144,154,163,168,139,137,148,152,153,155,153,129,136,155,153,173,178,148,157,151,147,142,167,150,138,152,159,123,144,148,135,145,130,167,154,155,137,154,143,159,141,167,152,155,139,147,152,151,161,155,156,128,153,143,138,154,161,152,147,145,121,142,151,153,153,153,148,168,155,139,146,150,156,142,140,133,153,144,152,157,157,149,145,131,159,164,123,148,141,166,167,155,161,147,160,153,155,148,140,142,155,158,155,143,132,152,156,155,146,150,154,145,151,142,149,147,150,156,152,155,142,150,153,151,144,147,146,115,163,144,149,148,163,146,133,179,163,156,180,136,155,144,164,145,133,163,157,156,131,139,131,144,136,160,153,152,153,143,174,144,148,139,166,119,161,150,155,154,154,143,129,151,158,139,147,157,159,146,156,133,176,157,138,164,150,147,160,153,145,135,154,124,158,159,154,161,150,159,170,145,155,156,152,162,154,162,149,145,167,154,169,157,164,167,147,158,178,139,169,141,145,163,143,163,153,155,149,141,155,172,146,153,137,142,150,147,124,139,169,158,152,145,143,150,132,127,145,153,169,150,142,142,137,150,148,146,143,150,153,123,175,143,150,150,148,156,136,140,166,146,142,160,144,149,149,156,158,155,155,140,136,152,130,136,146,160,140,143,146,143,148,148,157,142,138,146,164,147,149,153,148,151,166,148,158,154,136,148,146,126,157,139,152,148,145,142,148,141,139,164,158,153,139,163,154,148,161,145,153,152,153,141,137,166,147,162,166,153,138,128,149,148,133,136,136,162,156,157,140,174,139,161,128,181,149,142,146,150,156,144,152,150,137,149,155,145,171,157,139,161,170,149,137,157,142,162,152,154,162,139,168,153,148,157,142,149,156,147,159,140,162,161,142,153,151,145,150,140,124,141,157,138,155,170,156,165,148,133,152,135,154,162,137,150,156,155,157,144,126,146,159,139,147,148,127,152,139,126,146,141,159,134,124,140,159,156,144,153,169,167,143,153,146,158,158,157,149,146,151,148,144,164,130,133,155,155,128,179,146,143,147,157,126,133,143,157,163,148,152,144,161,144,146,140,139,146,157,156,150,139,162,152,150,150,139,152,145,143,154,146,147,124,140,147,152,144,147,135,148,157,165,142,143,172,146,145,159,145,147,148,143,147,135,160,141,170,140,169,159,151,159,140,159,164,151,142,156,148,168,149,148,159,154,156,152,159,147,148,155,160,153,145,137,144,164,139,142,148,145,142,147,144,141,166,145,164,151,162,140,147,161,161,154,142,131,149,163,150,170,166,157,155,156,149,133,136,135,149,135,158,142,141,149,151,126,149,146,162,160,138,142,160,156,147,159,153,167,142,142,146,153,164,166,134,143,152,149,141,140,150,162,150,150,145,152,151,156,150,148,142,155,148,136,146,154,151,155,139,147,159,148,147,163,139,152,146,142,148,159,155,148,166,152,143,151,156,162,149,150,141,154,137,152,140,150,161,135,138,153,161,169,158,149,151,165,161,140,156,149,157,153,159,141,150,152,151,147,141,149,172,151,129,147,150,146,145,147,157,142,148,145,145,141,143,152,162,156,142,159,155,157,160,152,142,145,161,143,168,141,149,150,165,138,147,152,139,144,157,128,143,148,151,148,168,151,148,152,141,153,161,123,141,156,140,153,134,149,131,147,161,148,148,166,166,140,146,147,144,160,142,168,157,139,168,139,151,148,139,147,177,152,156,137,145,166,140,151,152,139,168,136,146,136,137,163,147,151,151,146,157,141,151,135,123,157,154,149,141,154,153,168,161,160,162,144,152,175,149,140,146,142,156,162,159,154,131,148,141,148,146,148,171,129,163,143,147,155,143,133,154,149,146,166,122,151,144,156,157,157,163,152,151,154,168,154,147,165,143,141,149,173,161,153,168,145,140,127,138,152,147,139,142,139,136,163,149,172,158,150,133,148,166,172,148,169,157,156,164,151,146,146,138,144,146,162,155,157,163,154,150,164,148,152,148,154,153,154,165,141,127,164,145,159,139,158,145,156,143,151,148,142,160,143,144,171,134,173,153,153,156,156,152,156,159,144,147,154,143,161,149,143,155,159,159,147,129,151,150,148,145,160,144,179,149,151,152,160,142,148,154,159,156,149,148,145,147,146,162,153,156,145,137,144,135,149,166,145,156,133,150,142,136,161,153,115,132,153,156,135,136,163,149,164,158,156,166,163,167,139,151,155,150,159,163,128,142,149,136,144,152,155,161,150,149,158,148,136,155,158,159,165,173,142,135,162,160,152,145,163,161,147,148,153,135,147,149,156,146,146,142,154,159,153,156,146,158,153,127,149,144,139,146,144,162,145,154,144,167,151,162,155,152,153,157,138,135,156,160,140,139,161,164,165,158,150,154,127,148,148,156,133,147,148,143,151,153,146,149,153,130,152,126,138,149,151,141,156,163,136,162,141,165,149,154,137,160,166,145,136,153,159,156,136,153,151,145,158,162,144,133,152,126,155,170,140,154,151,165,158,143,150,141,154,148,142,130,150,159,152,149,157,156,161,148,150,146,152,139,170,147,135,135,140,138,126,152,160,163,178,157,128,147,154,131,136,160,158,150,144,117,163,152,162,159,143,143,143,148,151,151,163,145,150,154,157,152,150,159,170,155,137,161,137,150,145,138,135,161,164,155,138,161,158,143,139,150,146,141,169,150,148,145,147,159,165,170,147,154,143,160,134,160,157,141,138,152,148,150,146,172,153,137,135,152,170,142,151,151,134,145,151,142,141,156,128,146,140,151,165,154,151,143,167,159,154,151,152,146,154,154,145,158,156,163,143,154,152,145,149,151,155,159,147,148,148,144,159,138,155,147,127,143,141,153,153,153,154,141,163,160,142,134,156,162,154,136,143,157,152,151,149,153,156,146,156,132,148,158,122,139,151,149,157,149,148,164,152,155,128,157,149,149,141,153,151,173,172,162,136,158,139,167,151,146,153,152,139,145,150,142,150,155,160,158,153,147,133,137,143,149,159,155,148,138,157,145,154,152,154,141,155,147,151,132,166,152,153,149,158,150,152,156,134,159,150,142,162,172,161,154,145,163,132,143,135,116,126,143,150,142,145,136,141,147,140,155,146,155,142,152,145,146,156,155,154,132,129,147,156,143,158,132,146,152,150,136,147,143,130,154,149,157,149,150,135,155,142,148,153,141,146,158,159,156,166,156,164,153,161,144,137,155,156,142,144,142,135,160,129,147,139,136,170,140,161,154,160,151,157,155,139,163,155,141,141,169,153,131,153,171,175,149,144,138,141,142,142,143,132,134,156,176,157,150,157,158,155,140,131,137,157,173,149,162,148,145,155,158,158,155,151,168,152,140,147,154,140,140,154,152,163,134,155,152,143,153,149,148,159,167,164,150,136,142,152,141,148,130,145,150,146,147,139,165,161,154,154,138,171,128,139,147,164,141,146,159,147,146,152,146,151,159,147,178,164,115,158,152,137,150,168,160,151,149,144,153,149,149,156,131,164,142,161,155,146,157,146,140,152,156,141,148,150,152,144,150,160,144,148,140,156,151,167,142,146,116,143,141,150,167,126,153,158,151,142,142,141,154,146,166,142,148,163,151,149,156,140,143,146,155,153,147,145,156,143,153,137,151,151,151,150,148,155,142,127,143,146,146,161,165,166,160,147,146,155,149,161,150,155,147,130,149,134,172,160,153,158,165,152,149,149,171,135,162,145,140,145,156,163,168,149,149,156,141,162,156,148,163,152,147,155,152,159,145,163,134,146,161,141,153,140,160,152,162,150,150,153,122,154,148,146,155,157,157,138,138,147,148,143,158,137,156,144,150,146,150,151,157,138,142,142,147,144,155,160,162,164,153,146,156,143,146,122,169,159,150,147,138,134,140,148,138,156,166,153,139,150,166,134,151,144,156,158,149,142,135,160,158,129,154,153,156,145,149,167,139,144,151,158,140,157,155,140,154,154,155,139,138,156,157,149,171,148,150,146,167,126,131,145,147,165,159,152,133,147,144,144,157,147,137,135,151,158,141,142,134,130,153,169,154,141,128,161,160,142,126,158,154,137,138,160,149,158,142,153,147,161,165,140,141,145,155,139,143,141,157,141,141,160,169,147,149,158,147,151,169,154,151,160,147,146,140,143,146,149,151,148,153,158,159,157,149,139,168,162,147,142,166,152,147,146,154,157,144,135,152,133,147,142,153,158,159,151,163,163,150,162,165,162,159,155,148,136,152,140,164,147,147,148,160,164,155,142,149,147,154,141,158,151,163,153,153,146,141,155,146,170,154,156,141,146,149,153,133,163,157,138,144,147,159,138,147,142,145,141,139,162,134,159,160,147,165,150,160,153,157,158,159,143,146,144,157,143,120,149,136,136,153,167,143,137,138,151,132,157,135,134,141,155,160,165,127,155,153,153,136,160,139,158,155,163,143,167,162,154,152,141,151,139,155,157,138,139,139,162,141,159,139,147,152,157,151,136,158,142,140,154,141,131,163,147,148,158,160,148,146,153,141,148,139,157,145,154,141,171,136,138,162,133,147,139,145,165,152,126,145,144,142,142,170,165,160,147,156,143,120,140,128,152,146,168,147,160,160,129,159,145,136,160,164,117,159,150,154,153,149,148,151,160,156,153,127,160,126,146,159,161,162,143,149,159,162,139,136,139,146,153,153,150,166,146,151,143,147,168,151,143,148,163,148,157,153,150,155,134,140,156,152,163,138,158,161,146,138,146,144,132,144,142,146,149,158,142,146,150,152,128,155,147,151,138,156,146,136,149,160,143,148,145,139,162,160,154,168,167,140,143,144,154,150,157,132,154,154,152,160,142,132,164,152,154,160,152,140,137,136,151,157,145,163,155,143,149,144,154,147,155,171,157,155,146,156,158,148,150,161,151,148,150,151,147,151,155,170,159,154,162,158,157,159,134,163,150,158,145,133,133,140,150,136,144,152,147,145,157,140,141,147,156,143,146,143,148,148,160,142,148,132,149,150,155,177,157,151,166,151,168,149,146,157,161,141,147,156,154,147,139,151,142,147,141,141,166,148,150,163,167,160,159,151,146,161,141,142,159,155,153,154,141,150,152,142,156,149,121,152,162,171,137,165,147,133,144,138,152,149,148,155,140,156,134,152,140,171,155,143,164,143,149,146,156,143,143,145,147,160,148,140,144,148,139,148,148,139,147,150,161,149,138,156,146,149,136,140,137,148,149,142,148,156,129,149,124,149,158,162,140,147,123,156,156,160,163,148,153,167,152,154,153,148,141,160,138,142,137,141,145,134,153,135,148,151,148,144,159,180,164,160,163,152,160,157,156,158,138,145,164,145,138,152,157,164,135,158,141,153,159,149,151,155,149,154,172,149,135,144,152,152,154,148,159,139,136,159,169,158,143,136,159,144,133,154,135,152,162,141,153,158,147,153,148,153,147,144,150,158,151,130,137,156,140,131,146,140,138,147,153,157,140,152,150,164,142,159,158,154,154,127,152,150,154,138,142,129,152,146,157,148,147,144,160,153,142,147,180,138,146,142,163,156,140,155,141,160,134,149,156,165,140,149,157,138,141,148,145,182,137,145,153,157,150,176,166,129,143,139,139,138,153,148,151,151,157,134,152,141,152,152,148,145,150,146,147,145,161,148,150,147,155,140,142,157,140,155,134,135,174,154,137,148,140,164,145,154,136,144,157,147,153,161,159,141,149,165,162,153,139,170,154,159,146,154,150,161,156,150,141,156,163,152,161,141,139,136,141,142,148,148,137,146,154,156,132,176,149,153,147,158,135,147,150,142,150,152,144,135,155,153,136,140,143,149,141,159,164,134,163,118,147,166,137,149,167,146,147,168,156,155,151,144,139,141,132,141,137,157,150,157,147,142,157,149,148,155,137,139,173,146,155,149,151,152,164,158,155,152,135,142,132,150,128,139,151,140,163,147,143,137,143,154,147,155,164,152,157,157,155,132,148,129,140,149,144,138,160,148,152,158,157,141,148,153,150,151,142,160,148,146,160,146,168,132,152,134,164,148,155,158,137,136,165,139,161,146,158,138,141,140,138,148,146,165,155,162,144,137,155,145,131,148,139,138,143,149,150,146,140,143,136,128,141,141,160,149,141,145,146,169,161,154,149,151,154,147,140,164,164,142,134,151,142,158,147,145,159,149,145,150,150,153,126,157,146,152,148,150,154,146,157,158,157,159,150,163,130,134,159,142,148,157,175,157,165,146,140,127,156,155,172,140,140,143,157,148,160,155,154,136,149,142,132,168,130,157,131,165,161,142,141,171,154,137,152,161,141,137,135,147,143,150,152,159,148,153,162,147,149,152,144,150,148,142,134,150,140,127,140,147,161,139,155,168,156,152,174,150,154,159,143,154,142,131,147,159,160,136,156,133,162,137,152,154,141,163,141,152,155,132,153,155,140,138,141,149,149,125,155,139,143,141,155,159,140,155,154,130,158,138,146,145,150,160,143,148,139,154,160,137,160,128,159,155,149,171,149,155,156,139,150,168,161,163,145,141,144,146,147,157,143,159,145,156,151,158,160,138,160,162,159,147,150,155,136,160,141,151,151,130,156,163,151,149,159,158,152,131,149,156,140,153,146,160,147,152,149,126,152,148,164,164,142,144,142,151,145,160,160,149,148,159,160,145,158,161,163,157,161,175,142,136,147,157,168,138,155,141,141,147,152,136,140,132,144,146,151,139,138,155,164,164,143,147,167,145,158,138,143,147,152,155,147,152,151,150,162,138,137,156,146,147,141,168,147,158,155,150,151,155,150,159,156,151,142,144,151,150,150,138,153,164,145,146,140,162,152,157,160,167,144,145,140,154,132,154,155,160,157,154,124,148,159,149,149,154,157,148,152,149,150,140,163,157,134,149,136,157,159,135,133,150,154,142,145,148,144,145,150,149,173,130,156,149,147,156,147,142,149,143,154,140,145,142,155,147,149,153,149,170,143,152,136,152,176,150,153,137,171,151,134,162,158,152,142,159,143,146,139,156,162,146,133,147,138,160,155,148,156,140,146,157,152,148,159,122,154,142,139,147,143,131,155,140,158,137,133,158,150,156,150,141,160,134,159,147,154,146,150,146,145,138,157,168,163,141,139,140,148,156,160,149,160,155,150,153,143,156,135,161,135,142,136,155,146,164,144,147,143,161,145,161,140,162,166,163,156,147,159,150,135,158,142,138,134,154,159,167,143,165,148,138,147,139,154,135,142,141,135,151,152,144,153,154,142,144,155,145,150,152,152,149,148,135,158,163,139,153,142,160,130,141,152,144,157,131,172,154,161,137,153,158,155,153,147,131,156,143,152,147,152,163,131,126,146,151,139,143,150,130,156,143,141,153,148,162,156,150,142,141,154,152,137,144,144,139,166,157,142,138,153,150,164,152,153,143,146,135,142,139,157,150,161,148,138,142,135,119,166,136,144,143,157,144,148,133,131,136,139,148,152,148,141,141,147,138,157,124,157,149,148,152,161,162,150,155,159,179,137,150,147,160,147,136,170,151,164,149,163,141,137,136,159,153,147,153,136,140,134,148,158,137,152,145,148,153,153,152,136,140,148,153,150,136,147,155,141,155,139,152,141,141,145,163,142,151,166,147,154,149,140,131,141,155,162,144,139,153,153,150,154,163,148,149,150,143,155,157,143,155,149,146,135,163,143,138,149,136,162,143,165,161,147,168,144,167,145,157,156,158,149,154,172,148,135,156,166,148,155,155,144,146,146,145,148,149,153,147,143,147,165,132,159,160,143,162,166,141,150,145,155,149,149,130,159,164,154,153,138,155,150,149,158,162,146,147,144,143,150,144,156,150,155,146,154,159,151,142,145,144,150,133,186,156,130,161,142,158,164,146,155,172,141,155,144,151,134,148,154,147,131,136,152,145,162,152,150,171,144,151,173,146,151,151,132,151,170,152,168,158,145,151,142,149,141,143,149,145,137,143,146,134,151,147,145,144,156,149,172,141,143,149,142,168,149,140,146,150,165,150,148,139,139,146,149,153,144,137,150,149,141,143,152,141,146,154,148,140,149,147,149,145,143,152,146,146,144,156,153,135,155,154,154,133,170,157,140,154,144,147,152,154,138,147,149,160,155,135,153,153,151,166,148,147,125,148,145,159,159,156,154,166,130,145,157,138,156,145,144,151,154,142,158,147,151,143,148,153,150,143,156,156,149,145,160,153,158,141,159,147,148,152,141,149,151,169,130,144,137,154,144,151,149,149,144,150,143,141,141,153,170,152,144,147,150,152,149,148,143,145,166,133,149,146,154,150,146,164,162,155,154,156,157,147,152,160,159,132,143,157,155,143,162,131,149,137,155,147,138,138,144,164,146,154,157,157,143,145,139,155,152,155,152,163,164,135,158,153,151,165,144,138,145,130,149,149,149,167,151,165,146,135,140,167,160,151,152,144,156,148,155,145,136,145,164,140,140,148,143,138,148,148,151,155,139,146,137,136,156,139,149,145,148,171,146,159,149,147,151,156,149,128,164,156,139,142,159,156,164,149,144,159,140,145,156,144,159,160,142,119,152,164,149,141,155,142,132,171,149,151,140,155,153,154,139,144,175,143,165,147,165,155,156,165,146,143,135,140,154,136,152,133,155,153,130,160,156,150,144,137,145,148,153,154,144,139,163,155,148,146,156,148,139,163,135,151,153,143,164,126,142,158,137,142,146,128,151,153,144,148,162,155,151,139,159,143,150,142,171,142,152,145,133,161,144,150,138,143,147,162,149,159,164,159,158,140,155,139,145,148,133,149,151,165,152,160,161,149,155,147,140,150,141,153,147,150,150,152,136,156,139,147,146,145,153,146,146,152,161,140,151,148,144,175,149,153,136,145,162,137,160,142,157,156,143,147,146,145,164,162,149,157,160,145,143,146,141,153,151,158,135,149,133,154,161,152,136,154,152,160,124,162,161,150,156,165,150,147,136,144,148,181,127,154,150,151,149,144,168,143,134,155,162,136,157,168,134,147,146,149,144,147,153,130,147,149,144,157,162,136,159,155,158,148,162,143,162,145,157,156,160,159,137,136,150,153,152,126,141,155,154,136,153,148,146,159,155,144,135,151,146,149,155,146,155,156,164,138,155,148,155,156,154,146,122,136,130,137,118,150,142,145,156,158,143,145,138,143,150,137,151,157,160,161,156,144,156,152,145,144,149,142,148,155,150,165,140,142,148,149,154,158,145,154,161,150,149,150,146,155,144,140,136,162,143,157,156,150,176,147,147,142,159,145,134,140,153,161,175,179,153,147,148,158,157,145,175,157,130,145,166,148,161,150,141,148,140,159,159,154,150,155,156,149,167,147,177,161,148,135,147,158,143,150,142,160,155,167,173,164,155,148,148,153,145,162,143,151,156,148,175,156,150,158,162,151,148,130,158,130,171,148,161,155,148,148,160,146,143,158,153,173,140,165,149,155,163,148,161,168,141,138,141,158,162,157,143,163,160,126,137,146,163,148,156,154,152,154,150,136,163,145,142,149,145,155,161,165,163,160,151,146,152,149,145,160,151,146,141,164,143,161,153,146,141,141,161,152,149,147,147,149,173,160,125,147,165,141,147,161,146,162,135,150,141,173,142,151,145,145,147,148,133,141,148,152,150,160,146,164,157,137,154,142,152,173,146,145,139,144,149,149,146,157,141,135,129,138,153,160,152,160,154,149,142,141,144,163,154,145,151,151,164,148,143,149,128,135,150,176,142,151,156,166,147,157,143,159,144,171,146,154,130,158,150,155,153,154,142,149,171,144,149,143,134,146,138,159,151,149,141,145,157,160,154,152,136,154,153,150,165,147,143,153,148,151,139,155,156,139,158,149,156,143,166,147,145,139,148,161,139,136,153,166,144,154,153,132,145,168,159,164,151,143,160,146,149,144,144,150,152,157,151,143,154,140,131,140,160,163,156,154,160,139,153,159,127,155,146,138,157,143,149,156,141,143,151,152,147,140,142,152,133,138,147,128,167,145,151,138,149,141,147,167,159,152,170,156,132,140,137,142,147,161,146,145,149,152,156,147,163,141,157,139,136,145,134,152,139,145,154,149,156,158,145,168,146,147,131,151,147,143,150,157,141,146,138,131,147,134,144,128,157,140,148,160,138,145,145,144,159,136,147,167,156,141,135,167,168,133,147,144,157,160,155,131,152,145,138,161,148,147,140,139,145,138,150,167,168,166,145,138,147,155,145,137,138,158,162,168,136,140,150,151,137,158,150,130,174,147,175,133,139,132,132,158,144,136,150,131,167,125,158,145,162,144,165,150,149,154,153,175,140,144,145,146,140,149,134,151,141,167,152,138,146,129,132,147,145,134,165,140,142,159,161,131,151,139,158,142,123,156,161,138,134,153,145,154,150,146,145,138,144,142,137,136,166,160,150,138,143,147,163,161,140,144,151,168,154,139,148,155,149,165,152,137,145,136,136,151,146,155,132,146,137,142,157,151,151,153,169,138,161,155,168,142,131,145,161,150,159,144,144,155,148,157,137,153,148,146,147,130,140,152,144,129,144,143,155,138,143,143,167,151,130,145,157,139,150,173,157,145,155,160,154,156,148,162,147,148,149,150,150,157,149,153,164,154,148,147,146,160,164,148,133,161,168,164,149,147,160,148,144,145,162,166,141,148,160,152,149,158,139,147,150,155,146,165,161,162,152,146,142,153,150,144,155,157,142,148,158,159,164,151,148,150,129,164,159,134,138,157,155,165,149,139,156,142,144,158,157,143,157,141,154,147,149,147,148,157,138,129,125,164,155,144,165,145,136,115,162,161,149,150,152,153,124,143,143,151,145,138,168,146,145,152,140,145,146,151,164,145,150,143,159,158,144,163,125,168,148,149,152,145,141,146,151,143,160,143,162,162,147,155,153,146,152,153,169,149,170,140,148,151,148,140,159,133,139,154,145,151,148,135,165,137,147,150,140,142,155,164,157,159,142,161,144,145,161,127,148,128,144,135,156,154,149,166,164,137,164,156,146,150,149,134,144,154,144,145,163,129,151,146,151,144,144,167,136,166,142,155,141,143,149,152,147,144,137,130,145,150,146,156,143,139,153,144,148,148,158,128,153,149,154,137,149,160,139,155,143,149,132,152,158,141,159,159,157,161,161,136,150,156,152,152,146,136,164,158,153,147,150,160,142,140,152,159,155,135,153,177,142,152,148,152,157,144,147,134,145,150,151,148,157,155,130,161,155,137,148,153,164,193,152,156,148,142,144,133,143,147,151,153,146,161,171,146,157,142,148,141,153,168,136,150,162,166,149,135,153,151,143,146,132,176,154,149,124,147,163,134,155,146,152,148,161,146,127,144,135,154,152,149,161,141,142,139,150,144,155,141,161,158,143,143,159,143,144,150,142,151,155,163,161,143,150,153,156,156,145,154,143,146,155,144,153,138,134,137,166,147,138,142,143,142,134,139,148,165,145,154,156,137,151,170,152,127,153,169,136,150,147,148,139,144,139,152,173,142,154,146,173,157,152,142,151,144,165,163,142,144,156,149,129,150,164,152,152,137,151,140,169,134,146,147,136,165,153,172,133,168,163,139,168,165,142,147,154,168,146,160,137,140,147,157,155,143,148,153,140,155,143,156,166,147,146,127,140,150,139,142,140,161,145,164,136,154,153,145,148,147,139,143,143,157,148,133,152,133,144,146,153,129,154,157,160,160,137,155,153,157,168,148,146,148,163,153,167,140,161,154,153,149,162,144,152,148,137,152,146,162,171,168,142,147,141,142,144,135,156,135,149,152,148,163,136,157,144,168,163,153,140,137,150,131,164,139,145,146,141,167,136,145,126,156,159,148,141,161,165,142,149,137,134,153,160,131,167,137,167,144,157,150,158,132,150,154,154,151,153,154,150,146,142,148,148,152,144,140,172,145,150,144,134,141,143,150,156,143,164,160,148,137,168,155,155,151,141,160,161,154,157,133,143,147,144,144,157,160,140,142,165,127,148,160,155,159,133,162,146,156,153,144,162,149,171,143,150,140,146,149,138,127,144,157,140,157,133,146,147,161,160,149,151,147,153,152,140,151,165,151,164,174,156,161,143,154,152,152,165,162,160,158,153,129,154,154,145,185,144,145,140,137,135,149,153,159,138,152,148,153,148,159,150,136,149,140,137,143,123,161,148,137,157,159,147,152,129,148,130,157,140,160,156,157,146,160,158,158,159,137,148,137,145,154,146,145,168,169,163,134,153,147,157,157,148,158,149,152,152,152,129,145,152,164,141,146,144,162,150,132,156,149,162,144,137,141,158,127,173,148,157,144,152,143,143,146,160,133,147,138,153,173,134,129,150,143,147,164,135,140,141,147,162,150,153,161,128,148,140,144,162,138,158,136,158,153,141,142,148,143,136,148,156,157,144,144,157,147,143,145,154,155,152,157,154,143,148,176,163,145,138,143,164,146,159,148,161,142,148,144,143,142,153,145,156,141,126,143,157,132,147,138,145,140,140,139,153,151,143,154,141,153,168,141,154,152,133,137,145,170,142,132,139,174,155,147,138,157,156,166,158,141,147,158,151,138,166,147,146,145,155,143,139,158,149,160,147,156,151,157,146,142,138,150,151,151,151,155,143,154,157,160,154,163,152,148,140,166,140,131,155,141,135,151,158,169,164,126,157,161,150,145,153,170,150,151,145,135,160,124,146,146,142,151,166,151,139,156,148,143,145,159,142,146,154,161,143,156,151,149,140,142,132,154,139,163,134,159,171,163,139,148,151,147,152,152,141,157,147,141,156,163,153,135,152,160,138,159,150,146,150,154,153,143,163,143,149,156,163,140,152,153,151,141,151,139,175,140,154,147,175,156,156,159,152,144,151,154,155,155,146,142,132,142,123,148,172,147,159,162,157,153,151,148,154,138,172,145,160,142,148,155,149,154,147,147,162,144,131,133,153,166,152,168,155,140,151,136,150,154,144,162,139,150,163,162,158,158,160,166,147,154,158,131,144,155,159,149,145,138,139,175,151,145,146,157,154,144,154,157,152,147,166,154,168,149,148,159,146,166,158,170,133,147,142,142,153,158,157,136,138,150,161,152,161,156,142,144,138,144,139,158,157,146,153,148,142,142,165,144,150,177,146,144,138,166,163,144,144,156,141,166,148,154,149,133,152,138,156,151,156,140,141,140,159,160,145,152,157,147,147,153,133,156,155,152,157,155,142,149,136,149,181,147,164,142,149,146,141,145,161,152,154,135,154,150,142,138,164,139,140,159,130,158,165,142,149,143,160,181,159,145,169,157,147,154,154,127,147,151,161,138,135,143,156,144,146,157,142,143,157,141,155,166,168,144,141,138,142,159,141,145,150,158,165,156,158,153,140,173,149,138,152,145,147,140,162,144,134,153,157,142,134,147,142,147,154,154,150,154,156,144,134,152,135,139,153,157,139,137,150,149,141,145,164,142,142,152,145,156,154,148,150,144,148,146,144,157,153,165,153,149,151,150,153,146,143,149,157,161,157,144,146,154,154,134,145,146,152,159,140,153,156,129,155,151,156,153,162,143,152,139,144,139,161,154,139,157,158,135,148,147,126,145,135,141,151,161,155,143,155,142,143,153,150,146,132,137,158,136,136,158,152,139,145,151,146,140,155,157,145,139,162,150,152,147,149,145,136,150,142,139,142,146,158,153,161,150,159,149,149,147,156,162,135,144,159,155,141,149,124,152,148,141,152,160,153,166,164,150,153,153,144,143,144,160,157,127,152,146,152,158,175,141,135,136,142,157,149,153,153,158,149,138,153,161,165,162,140,152,151,150,122,135,119,142,139,145,135,142,145,141,136,151,138,146,145,159,143,164,148,147,139,161,126,152,144,147,163,154,175,159,150,141,172,152,155,153,142,159,154,138,143,161,151,153,147,169,147,155,128,155,133,147,150,172,160,155,158,148,156,158,160,138,164,152,133,133,151,144,138,166,143,153,139,150,140,176,143,140,162,169,124,152,166,152,148,171,139,154,160,149,158,134,159,161,144,168,150,156,145,153,154,161,124,141,155,134,138,137,159,158,156,155,168,162,150,164,144,147,153,132,143,156,160,128,138,151,152,131,142,143,156,131,142,163,152,143,164,162,148,137,140,167,150,144,151,145,136,154,143,136,142,137,147,144,155,155,140,151,110,146,151,168,138,171,141,156,156,154,174,150,142,176,132,140,136,145,151,149,151,161,149,131,138,148,146,150,150,160,151,164,146,148,149,153,145,138,160,135,142,148,139,147,154,150,141,140,138,153,141,151,154,163,144,158,158,153,157,143,148,150,160,132,149,156,138,146,136,148,152,167,146,147,146,153,144,152,141,122,155,148,152,141,143,152,158,153,145,156,137,150,152,171,139,155,157,141,126,146,149,158,141,148,156,146,155,176,143,157,176,147,145,145,155,143,152,147,142,164,150,137,147,143,141,130,167,140,144,179,151,156,150,135,160,157,145,160,146,142,128,149,145,146,154,141,158,158,151,145,148,143,158,160,150,169,151,139,137,159,161,156,144,154,151,151,145,128,157,114,140,152,160,137,136,155,130,154,159,144,154,141,128,144,159,152,148,159,152,135,151,149,135,148,145,173,163,155,133,129,134,153,156,144,135,158,131,157,153,148,166,142,160,132,158,145,154,163,125,159,149,143,162,132,165,166,171,155,181,156,140,160,162,159,147,167,142,154,165,135,152,173,156,139,152,170,162,148,144,168,154,159,146,158,157,170,150,167,153,153,133,145,159,146,148,172,157,136,137,144,156,151,155,130,149,168,151,149,144,147,137,145,157,138,162,156,151,145,169,159,154,149,136,154,152,157,147,154,157,143,148,157,142,150,136,167,158,155,141,149,164,158,141,158,142,163,178,134,150,144,160,138,139,129,131,165,146,133,160,159,159,169,162,143,143,142,155,158,141,125,156,151,154,147,145,140,150,147,164,163,147,156,141,157,138,142,139,143,138,153,152,139,143,156,159,144,156,169,147,165,133,158,131,166,149,175,145,142,157,135,140,148,137,151,159,158,161,153,138,163,146,162,145,156,160,143,129,153,164,153,157,142,141,160,143,143,148,137,152,153,152,132,142,149,160,141,141,142,138,147,157,175,144,137,160,157,151,137,162,165,139,136,159,159,145,146,147,166,162,150,159,143,139,155,159,139,144,142,179,149,158,150,157,162,125,169,143,165,162,152,135,150,149,148,142,166,175,158,151,144,141,158,146,154,157,160,164,141,149,146,154,153,146,170,147,158,142,164,159,139,123,150,167,147,160,141,146,154,146,138,152,153,151,141,148,153,134,164,127,133,140,157,159,160,138,148,129,155,167,156,130,140,163,162,144,157,160,142,146,132,163,141,155,154,156,150,149,149,148,140,146,159,145,168,164,159,145,153,163,142,135,172,140,137,154,148,140,153,155,137,151,163,153,149,143,149,142,159,171,142,141,142,165,168,143,167,146,152,150,138,150,138,162,155,153,135,148,146,133,143,134,151,143,142,149,143,146,146,152,143,156,148,158,146,139,165,161,149,150,145,141,151,143,141,163,152,175,171,147,139,159,140,155,144,153,138,150,162,128,135,131,152,146,147,131,137,135,146,161,151,124,159,147,149,137,151,148,148,140,141,160,149,138,171,153,149,123,144,147,156,144,141,141,158,152,155,154,138,144,141,180,148,159,172,165,138,150,146,138,157,166,161,155,143,151,134,150,144,145,164,143,157,148,151,140,160,155,161,141,150,147,147,152,152,132,146,163,179,153,149,176,162,156,141,141,153,145,143,170,160,120,154,153,151,140,140,153,134,137,159,136,144,149,137,150,140,167,133,152,163,137,151,152,176,142,155,158,157,159,164,140,142,148,161,144,163,143,169,165,163,152,149,166,139,153,147,148,159,141,140,166,162,157,149,138,161,135,153,146,145,149,148,147,157,159,165,157,151,151,162,128,167,158,137,145,134,144,156,131,153,140,143,157,150,167,153,137,145,154,158,156,168,150,155,156,144,154,138,146,136,139,162,152,153,148,154,146,152,146,151,150,154,157,144,151,155,161,140,146,148,144,144,145,145,152,136,137,152,149,160,142,160,161,148,152,150,151,147,144,138,147,161,136,152,141,146,161,141,159,164,162,138,146,155,150,161,138,142,141,158,155,141,155,145,153,139,147,167,138,175,155,148,137,143,175,138,155,140,168,138,138,152,152,127,135,144,154,151,149,155,137,131,159,156,157,149,143,138,144,157,154,153,142,153,138,137,163,155,130,138,190,154,151,137,153,134,157,148,161,164,144,140,161,135,149,146,156,171,160,149,151,156,168,137,149,175,162,141,138,140,177,152,152,140,145,146,139,133,159,148,159,144,161,146,146,146,148,150,153,149,148,154,151,156,137,137,143,143,152,151,151,155,142,148,152,156,141,162,133,135,148,143,140,159,153,136,146,130,151,162,169,155,146,157,162,166,143,166,154,156,154,168,147,172,139,134,146,147,146,143,151,141,155,133,156,139,164,153,165,169,146,162,165,147,146,149,148,146,141,148,149,144,159,152,154,131,155,148,137,157,149,157,149,162,159,154,148,156,160,136,153,147,156,139,140,153,155,133,154,152,159,149,150,150,173,137,132,143,149,143,145,147,134,172,151,167,120,166,156,142,161,165,143,148,153,144,145,158,147,156,148,145,160,139,141,143,140,145,143,151,157,161,130,154,150,134,146,149,164,145,152,137,154,162,149,148,160,144,143,143,134,151,149,142,172,143,140,157,130,161,164,144,150,156,144,144,146,152,155,134,148,161,144,149,157,147,144,138,156,159,144,155,149,155,158,155,146,138,150,161,165,159,126,140,136,145,157,145,141,144,142,169,154,168,168,152,142,170,140,146,157,170,154,150,155,145,148,161,140,151,162,150,131,152,139,149,150,167,133,150,144,138,138,162,147,150,142,140,149,144,137,162,151,142,150,149,156,144,148,155,147,152,133,129,144,171,147,162,148,145,144,161,147,157,152,155,153,159,143,139,160,144,144,153,144,140,154,155,140,142,142,154,165,154,131,174,142,142,143,160,157,153,166,137,144,145,161,161,158,142,150,152,142,139,144,158,126,160,150,154,139,142,154,152,143,141,138,151,144,162,153,135,125,158,157,143,144,142,160,144,153,168,148,152,147,144,159,156,162,149,154,159,141,152,136,149,171,142,156,161,162,155,136,125,145,150,167,154,130,150,155,168,149,155,158,130,142,152,162,144,142,162,146,157,159,166,147,159,144,130,168,138,166,152,166,132,139,142,146,156,145,160,146,147,171,153,146,143,135,142,160,129,127,163,138,148,143,162,145,157,154,154,160,151,139,137,132,145,138,160,157,147,158,138,163,137,152,147,127,151,151,148,141,166,158,139,153,136,132,153,150,146,156,157,143,153,158,133,159,146,156,152,158,152,167,127,164,142,142,147,143,149,160,150,163,146,157,144,145,126,141,150,143,157,151,159,153,144,144,159,164,139,142,141,147,132,124,155,138,162,143,161,154,146,146,176,168,143,153,146,146,159,145,155,159,161,165,151,151,134,145,150,135,142,159,134,170,151,153,139,151,152,146,132,144,168,139,135,131,163,140,170,144,154,163,136,126,162,148,152,145,141,154,159,163,151,151,141,174,150,162,139,140,140,163,164,141,143,165,125,149,128,141,165,134,145,141,137,143,148,149,145,167,148,146,143,151,140,148,165,151,158,146,157,165,163,156,153,130,146,143,155,131,165,154,154,151,161,165,139,141,146,153,153,155,139,149,144,150,146,153,137,143,143,150,132,129,146,145,155,135,144,151,139,158,125,160,149,140,149,158,150,163,147,153,152,133,158,156,156,146,135,152,153,143,159,139,157,170,169,150,138,160,155,147,139,143,150,168,159,160,163,137,155,152,156,155,167,155,172,153,151,147,160,154,160,152,146,146,144,138,143,163,165,146,162,152,149,182,151,136,154,154,159,174,169,143,147,147,148,151,147,159,166,150,143,148,154,143,161,138,140,148,125,142,136,145,141,134,141,154,130,150,149,136,164,151,127,139,145,142,136,150,130,152,152,136,163,151,145,142,145,152,152,149,164,147,162,155,141,155,139,164,136,139,137,143,162,147,153,135,153,149,144,153,149,153,144,157,144,151,154,147,157,153,145,137,158,150,137,172,155,150,159,149,138,143,160,166,143,152,160,153,129,146,165,143,163,152,135,172,150,159,162,168,151,143,148,143,143,142,160,138,147,164,144,137,148,145,134,148,148,145,148,151,149,146,163,146,140,142,157,160,148,156,137,156,164,148,157,168,146,158,162,149,159,164,158,130,135,153,161,151,144,141,145,145,148,150,145,146,163,148,151,162,140,169,152,155,162,148,155,152,137,140,137,152,157,152,153,148,162,132,159,157,145,146,161,160,159,155,167,149,160,154,154,150,168,137,159,148,150,145,169,144,147,141,146,154,166,136,158,154,153,120,146,153,143,155,133,164,151,167,139,136,146,153,139,167,143,144,149,175,159,147,137,152,165,149,155,153,136,143,165,137,143,163,153,145,141,150,150,149,162,126,158,137,150,160,135,153,151,167,163,124,150,147,149,156,154,146,157,148,147,147,171,136,168,145,164,147,153,166,146,158,129,139,152,148,154,166,164,144,156,164,139,164,135,136,156,138,156,149,142,152,158,152,145,142,149,142,143,130,158,143,150,150,150,163,142,155,139,155,141,156,147,155,161,138,140,137,152,140,145,143,134,151,170,145,135,133,141,143,136,173,162,151,146,167,152,141,157,143,134,165,154,167,157,153,159,151,154,175,149,146,147,145,155,154,148,146,158,135,164,164,156,140,142,154,131,153,169,154,145,146,157,150,149,156,152,152,154,153,148,160,131,138,146,144,154,150,150,163,148,136,157,164,133,137,131,157,143,145,136,143,148,158,147,173,163,164,160,159,119,157,167,129,129,156,135,162,141,146,146,151,151,140,153,150,154,145,132,159,154,159,141,142,153,144,148,167,147,140,144,138,130,168,138,154,168,160,140,145,159,134,162,148,150,139,157,141,150,164,164,161,160,149,168,141,178,147,150,149,163,153,165,152,154,151,158,156,152,153,150,154,150,151,144,150,154,157,146,143,148,154,153,147,141,167,149,160,154,163,151,154,140,141,152,158,155,136,144,145,146,154,146,134,151,148,141,156,139,146,146,135,159,141,140,168,148,145,152,160,139,155,150,154,153,138,165,151,150,150,158,148,144,153,137,131,161,152,148,157,163,144,152,139,164,151,148,152,144,165,136,137,149,146,146,161,158,150,124,149,146,137,140,146,154,140,148,142,149,163,156,158,140,149,154,146,148,151,149,163,169,151,161,161,155,144,138,144,149,159,147,167,173,156,125,142,145,140,148,130,153,154,141,155,145,162,162,165,159,159,137,143,157,145,138,146,151,150,157,157,152,142,140,143,141,146,144,157,151,153,158,147,165,140,154,137,150,167,162,152,161,162,146,153,147,155,152,150,167,159,159,150,124,148,175,160,154,139,133,145,166,154,143,147,141,143,165,145,143,156,146,148,146,135,143,145,153,145,170,148,146,143,150,159,147,139,131,147,141,156,146,138,143,155,157,131,150,163,155,182,166,151,145,158,168,176,161,155,173,146,153,151,149,164,146,146,146,158,159,142,152,149,161,151,138,156,157,149,143,149,152,157,155,143,138,152,159,146,134,159,155,161,151,137,133,163,152,149,136,149,158,153,150,143,150,158,169,160,163,150,136,147,134,141,137,167,129,142,151,155,150,161,155,145,155,150,162,180,156,154,145,168,160,151,145,168,139,150,147,165,136,157,164,150,149,162,148,150,154,153,156,164,162,140,153,166,148,151,177,160,138,155,154,161,145,152,143,169,148,146,134,137,145,159,172,161,126,146,143,129,161,147,153,152,163,151,155,146,159,136,160,144,129,141,162,162,138,142,146,144,153,138,151,162,146,140,156,158,150,130,157,156,161,143,163,156,159,159,130,148,162,170,168,143,150,157,151,153,155,145,154,161,169,142,144,148,152,155,152,151,156,158,163,148,152,142,147,151,149,148,165,159,128,139,155,154,158,165,146,140,155,159,145,135,156,136,142,146,168,150,133,160,137,150,144,148,150,141,157,174,147,146,143,154,138,139,135,156,156,151,142,145,150,146,166,149,154,125,148,151,159,148,151,139,151,168,137,153,151,140,134,158,166,147,163,123,149,148,138,160,145,152,173,144,153,144,152,147,146,158,149,138,159,145,159,171,149,133,151,163,157,151,137,140,167,153,170,138,135,151,148,158,159,155,149,140,145,128,156,154,162,148,136,140,139,143,160,146,152,154,144,139,141,153,156,157,156,144,147,133,151,168,153,150,131,163,151,142,161,146,162,162,146,146,149,161,159,160,138,154,149,149,164,152,161,139,151,161,156,155,145,151,168,157,150,164,153,153,164,149,157,136,163,152,140,142,149,155,151,155,144,129,167,155,145,131,149,161,144,167,140,151,153,171,148,141,135,148,149,151,142,140,143,148,151,169,166,151,139,161,150,160,156,132,156,138,158,137,140,150,148,151,155,161,137,138,145,144,150,150,146,149,139,144,159,159,141,138,157,158,150,142,162,147,168,154,140,147,165,144,129,157,159,152,139,155,155,146,153,165,155,155,152,170,132,147,160,149,147,159,135,150,152,147,158,140,132,155,143,144,165,125,153,159,169,163,156,160,161,142,155,154,159,160,146,143,148,159,140,145,151,142,153,173,163,163,151,165,149,142,144,137,166,140,155,151,152,138,139,147,142,169,145,149,140,151,153,148,155,147,137,141,139,171,140,139,142,160,173,141,156,154,139,143,145,153,156,142,144,143,148,167,146,150,147,155,145,162,140,137,163,143,143,162,161,168,156,157,157,150,145,149,134,140,148,141,137,155,146,149,172,152,132,141,149,143,144,151,158,140,166,138,138,134,143,132,154,143,144,139,149,135,146,167,167,134,146,149,144,155,169,143,166,153,144,162,142,153,143,151,137,151,144,143,163,133,160,142,159,140,147,135,154,149
161,144,146,153,131,156,153,139,158,171,148,135,157,152,130,138,138,148,146,143,135,135,148,132,159,159,142,147,136,175,164,156,153,150,141,155,151,156,141,138,161,153,155,155,165,139,135,156,147,148,152,141,139,139,144,160,132,139,138,154,169,138,142,164,166,143,140,142,159,160,152,156,154,151,163,154,144,163,126,153,160,153,166,158,145,127,130,148,144,145,162,139,134,147,144,148,146,120,166,134,132,158,153,135,142,139,154,150,130,134,142,183,150,149,159,156,154,141,146,159,156,150,158,149,147,143,141,146,147,159,152,167,123,143,152,145,155,144,155,133,155,136,147,161,153,142,149,157,150,152,120,134,131,156,135,146,164,141,161,150,147,151,159,153,134,155,163,154,153,154,154,131,161,148,138,139,145,156,147,144,169,157,137,141,142,172,157,140,168,150,149,165,140,143,156,139,160,153,149,135,152,148,156,164,143,135,139,172,146,150,145,153,144,147,126,152,157,143,155,146,153,151,140,147,169,156,142,144,163,151,163,157,149,159,137,155,121,146,165,152,156,142,145,144,143,134,167,155,158,149,153,150,148,147,161,148,159,153,157,151,132,162,165,152,133,155,135,164,152,172,167,148,143,155,149,155,150,153,139,151,151,158,164,152,148,151,155,159,156,156,128,167,150,140,150,152,153,166,161,151,124,144,162,143,158,162,130,147,165,147,149,161,140,142,139,162,153,144,134,145,144,162,148,147,171,148,152,157,155,154,164,164,145,146,147,150,145,144,169,167,140,137,166,163,151,162,160,145,134,159,130,137,145,156,148,153,169,159,137,152,158,136,150,141,138,140,140,144,144,152,158,157,159,137,144,150,158,146,154,137,159,158,141,126,162,138,157,162,154,157,167,164,142,136,157,145,146,147,157,170,131,151,141,157,137,165,155,150,171,139,158,143,136,164,160,146,138,173,156,152,148,138,148,140,158,135,146,154,161,151,133,138,158,132,139,150,142,143,138,151,148,134,150,138,120,145,152,152,152,136,160,132,155,170,154,148,142,144,148,138,161,141,147,155,151,147,158,144,153,142,178,148,147,127,144,156,165,164,136,151,164,151,164,146,152,140,159,162,145,160,157,149,159,138,150,131,159,169,168,150,155,160,155,145,162,163,159,151,153,148,160,154,152,146,163,149,155,134,155,157,152,135,161,138,147,153,149,162,156,146,154,141,157,147,165,132,138,143,155,143,157,139,149,140,154,152,134,157,156,144,158,163,154,139,147,154,171,141,146,148,146,147,147,132,164,141,161,130,148,143,154,149,152,142,145,166,150,145,126,134,139,157,147,152,160,148,139,146,161,140,152,141,159,149,153,161,160,148,147,165,149,156,131,151,147,145,140,163,130,178,148,145,158,164,143,143,138,140,140,152,159,141,141,164,159,159,150,138,132,147,139,149,143,152,141,150,149,145,170,158,181,153,150,149,158,133,146,147,172,141,149,151,144,154,154,155,153,158,162,145,145,173,162,147,146,163,150,160,156,160,141,153,148,138,150,147,141,165,170,148,150,140,124,150,164,151,160,129,152,136,149,156,156,147,142,144,154,148,135,136,123,148,157,142,159,147,135,139,145,136,133,134,150,134,141,160,137,150,153,155,150,144,147,138,155,140,147,149,149,139,150,157,145,159,145,149,139,161,150,148,126,138,161,143,153,141,135,158,160,143,124,150,164,152,170,131,158,157,146,152,143,150,159,166,141,127,150,130,161,144,149,135,144,151,155,155,133,136,157,145,154,153,143,162,136,154,159,149,154,153,159,140,147,150,159,152,167,160,141,135,151,160,143,157,144,140,150,140,161,150,155,160,170,157,160,134,163,155,154,158,157,154,166,158,161,145,140,139,161,156,147,144,162,171,157,152,169,129,153,148,159,154,154,146,159,152,143,149,149,163,137,155,146,155,153,145,149,133,148,166,160,146,149,153,148,148,137,146,147,143,164,138,161,142,154,144,156,174,136,161,151,158,146,125,130,154,130,136,151,149,138,137,153,146,149,158,156,133,160,156,152,140,151,154,164,153,144,152,156,163,141,145,151,160,150,142,150,126,151,143,162,138,172,149,161,159,149,156,143,140,145,140,155,160,147,132,150,157,152,139,137,155,174,152,151,146,142,157,155,157,155,151,156,151,160,161,150,135,151,174,142,154,165,130,137,156,163,155,152,142,161,143,155,133,136,136,142,130,149,146,141,146,176,146,162,149,157,159,138,166,149,156,147,146,159,141,161,148,147,156,154,132,148,154,160,147,141,155,155,154,136,134,153,149,161,151,156,137,143,144,159,155,162,164,145,150,164,160,151,143,157,153,132,157,161,140,142,142,146,146,144,137,160,166,136,141,143,160,162,141,150,137,149,147,164,150,158,147,179,156,149,144,137,142,157,147,159,171,159,150,144,138,149,146,157,140,151,156,153,143,148,152,151,134,152,136,152,155,146,152,165,138,135,148,137,149,158,145,159,134,132,147,161,166,147,143,139,149,140,149,173,154,158,151,130,144,155,143,161,150,158,160,146,156,167,143,147,138,144,146,138,154,148,155,160,135,157,164,137,147,161,159,124,152,124,157,154,143,152,149,154,161,156,140,159,131,137,153,157,157,151,137,145,148,138,160,162,166,154,159,161,141,169,157,144,143,141,126,149,141,150,149,138,134,147,145,164,145,140,158,138,130,145,144,154,168,157,144,158,132,148,155,151,145,143,150,153,139,135,164,142,133,161,152,145,149,142,136,141,143,138,141,151,148,149,171,127,150,146,169,165,144,146,183,154,142,153,136,151,145,149,155,168,127,139,152,142,154,130,140,159,162,146,148,144,153,139,158,165,178,143,139,160,168,153,141,140,138,166,130,132,151,133,125,147,158,126,131,136,150,149,154,161,168,143,153,146,137,142,128,141,151,161,145,146,161,166,156,170,143,168,152,127,155,168,158,156,148,158,150,157,152,148,156,160,145,159,146,161,162,149,150,156,155,154,160,150,158,146,161,153,153,165,150,150,151,139,159,154,155,149,150,150,150,126,171,138,170,144,150,152,152,147,157,168,138,160,160,141,158,147,137,158,145,147,152,165,158,150,141,143,145,138,157,136,158,149,165,131,143,156,118,152,148,153,151,157,153,170,151,159,155,138,146,163,151,150,160,142,148,168,136,152,159,171,138,140,137,150,148,144,148,153,163,151,140,150,155,146,157,166,159,166,146,157,148,174,151,149,153,137,153,149,143,140,156,144,139,156,148,140,144,146,143,161,167,149,151,149,149,145,145,131,145,156,158,136,149,137,131,132,163,157,149,160,150,148,148,141,152,137,167,136,146,155,148,160,157,140,149,143,143,144,157,132,161,153,143,154,142,155,156,153,152,147,158,139,159,155,163,134,161,144,152,161,141,149,144,137,158,162,155,150,147,153,166,143,140,157,147,145,149,160,162,144,158,137,160,135,150,160,160,144,143,152,141,135,132,166,159,145,176,152,149,159,148,154,153,157,171,147,146,150,131,146,148,152,135,156,142,149,163,143,153,168,149,154,156,141,147,139,142,164,149,134,147,157,142,131,142,165,136,150,140,149,138,146,159,186,161,149,160,137,153,159,164,151,163,157,161,156,154,152,139,155,151,148,160,162,148,156,156,139,155,145,148,149,134,145,159,144,154,142,161,150,141,152,159,155,131,142,157,162,135,153,159,150,157,139,169,160,145,130,159,149,151,153,163,168,150,142,157,156,153,170,176,124,138,145,151,162,155,140,151,154,153,172,165,146,153,144,163,149,134,165,131,154,156,156,147,162,145,128,159,157,153,148,124,157,148,158,145,163,146,140,144,152,143,154,153,167,146,165,133,146,137,152,144,128,159,160,142,155,161,146,152,144,148,148,136,140,148,151,155,143,147,159,161,154,143,156,156,151,151,156,161,139,149,143,140,162,138,143,168,138,147,159,154,145,158,153,161,154,167,160,151,167,161,144,145,144,145,143,139,147,148,163,148,126,151,169,147,149,145,140,143,154,158,165,157,145,148,154,137,161,160,153,152,155,148,149,158,143,149,161,155,144,164,145,149,153,155,137,139,136,143,161,143,140,156,139,154,126,147,134,166,146,142,139,166,147,138,144,157,164,148,141,149,144,164,141,165,142,130,144,160,153,150,174,152,166,159,149,140,155,147,137,160,147,170,155,154,155,141,145,160,145,147,145,141,151,157,155,154,172,143,146,163,161,138,141,142,144,137,144,148,154,145,148,152,160,144,145,144,165,125,158,154,149,161,164,161,139,146,145,141,149,158,158,142,152,136,147,142,157,143,139,151,139,126,154,156,166,150,144,140,159,163,157,161,155,148,166,141,157,149,143,140,148,144,153,131,156,141,147,148,141,151,151,151,149,138,148,165,160,157,143,144,153,131,144,138,164,146,159,141,162,156,148,159,134,149,156,145,173,167,149,157,141,147,154,155,161,150,130,137,137,141,150,142,155,134,150,134,137,155,161,146,156,158,149,151,160,152,156,148,144,157,143,156,149,157,151,146,137,142,140,147,142,149,171,139,153,157,158,159,154,151,164,156,142,147,159,146,155,147,151,143,153,165,158,154,154,155,158,140,127,140,153,159,139,134,126,147,141,168,154,133,142,161,150,146,130,157,162,148,161,149,153,119,140,164,142,130,145,157,140,142,150,154,132,146,148,145,129,146,155,145,162,137,161,165,150,151,147,151,145,146,144,137,160,148,142,147,150,153,165,152,152,148,147,143,143,138,152,139,154,140,157,144,149,149,151,143,156,141,147,147,163,140,150,157,141,137,133,147,135,151,155,140,154,163,168,127,166,146,149,139,144,148,144,152,142,149,140,154,141,141,148,156,171,159,162,130,146,152,131,145,159,155,137,148,150,154,157,140,148,152,158,146,139,142,156,149,138,151,156,159,158,144,140,132,162,160,154,168,163,150,137,143,157,154,152,143,165,155,147,148,152,147,141,155,139,146,157,129,137,135,147,144,150,161,159,151,162,143,158,157,156,159,151,144,143,141,139,151,155,164,125,146,146,156,150,140,156,139,143,143,159,155,138,137,155,148,139,150,144,146,140,129,122,143,150,150,147,144,149,149,146,146,132,132,139,159,164,141,149,149,150,150,147,148,148,140,155,150,139,149,173,155,136,162,156,135,157,141,134,159,159,151,162,137,145,165,137,144,135,130,156,158,143,150,131,149,168,149,149,141,163,156,149,157,144,140,130,140,151,137,153,153,128,151,141,138,145,164,156,162,138,159,151,144,160,154,158,150,137,152,167,156,138,164,157,149,155,155,168,154,148,142,154,152,137,148,146,144,145,155,132,158,153,153,136,138,149,150,147,170,138,157,154,158,157,156,167,160,162,143,147,161,134,158,151,153,167,144,157,153,134,137,137,145,151,142,149,143,139,130,150,158,139,149,135,151,155,134,140,145,153,134,152,146,140,143,159,147,159,150,158,162,165,148,122,156,153,165,161,153,172,157,153,154,164,153,150,154,159,135,149,151,155,150,134,158,142,158,155,156,143,156,140,174,143,133,127,136,150,131,140,157,158,145,176,149,148,147,166,153,153,144,149,134,154,131,156,134,157,138,150,146,156,148,154,167,137,138,139,149,151,132,138,143,160,160,158,161,152,138,154,116,138,152,149,139,137,149,125,141,157,154,156,163,156,157,158,130,153,161,131,180,141,131,151,143,158,149,146,133,155,150,155,155,154,154,146,138,156,156,163,132,138,145,138,163,152,141,145,151,150,146,156,167,177,131,142,144,141,124,150,150,155,153,149,165,149,149,150,143,158,134,135,153,161,138,137,144,157,151,152,121,162,146,169,166,155,129,138,144,154,151,160,174,157,147,167,160,128,147,162,160,151,143,138,141,132,170,169,147,166,157,164,154,147,150,139,151,149,145,163,148,150,156,138,156,165,163,139,154,139,156,150,155,159,164,151,145,144,144,150,147,136,144,169,159,145,150,160,157,142,155,161,147,161,149,146,162,157,145,146,133,142,139,135,155,149,138,147,171,162,146,134,135,154,140,171,153,140,148,152,138,165,153,151,145,152,146,154,154,166,144,142,167,138,155,161,146,151,136,155,155,150,135,157,161,140,134,143,153,154,152,158,158,131,161,149,152,141,157,142,140,150,138,141,143,166,167,145,133,146,140,141,147,137,161,148,131,155,148,160,146,126,156,161,149,159,154,154,152,156,129,162,142,153,168,151,149,147,155,156,146,149,146,143,130,161,160,146,155,147,155,145,149,148,137,169,142,149,172,167,158,145,155,172,151,146,149,136,149,154,152,150,143,150,135,154,134,147,138,150,156,157,148,175,153,157,163,134,152,142,167,120,135,120,147,143,145,149,157,152,162,156,145,137,138,159,146,155,152,118,140,161,173,150,165,143,146,145,146,137,142,154,152,152,146,162,155,131,156,160,138,140,152,149,167,153,161,163,153,170,162,132,160,130,141,162,154,152,164,154,155,135,142,153,136,140,146,153,155,135,134,155,135,130,160,158,149,168,145,163,145,157,143,140,149,142,132,149,154,160,174,155,152,136,165,163,162,160,153,142,144,160,154,141,133,148,150,147,127,145,155,158,156,137,151,147,148,147,146,152,143,149,145,156,159,146,159,150,151,170,145,155,173,146,133,143,167,155,152,145,152,163,136,165,149,155,151,156,139,150,157,153,150,161,144,165,145,154,159,164,150,138,141,150,137,145,148,146,138,147,165,142,146,135,137,158,159,142,140,171,145,149,149,149,152,142,145,144,165,150,142,149,131,142,159,148,147,148,135,159,142,143,153,148,159,151,142,146,154,151,156,145,161,155,159,154,171,165,167,173,146,167,151,153,140,139,164,133,152,162,146,153,149,155,154,150,161,144,166,151,164,137,147,142,127,132,157,144,143,144,151,129,145,157,163,146,150,150,144,148,145,157,168,168,145,146,169,157,143,160,153,147,143,150,141,144,155,156,149,136,149,137,135,144,153,130,151,158,148,149,149,156,137,159,163,157,160,151,142,137,128,148,145,145,170,156,168,151,139,150,128,159,156,139,157,144,146,132,147,171,160,150,140,142,152,132,159,156,140,152,130,144,138,159,137,142,145,155,144,140,151,154,164,136,141,147,146,175,148,140,157,163,154,153,139,144,165,132,129,148,161,155,155,155,143,149,145,144,137,150,144,154,154,149,160,131,153,151,138,155,152,152,152,135,149,155,152,159,154,148,148,151,156,147,154,123,151,150,160,146,156,159,137,155,154,162,134,168,147,152,133,148,150,130,149,159,143,133,141,159,143,140,159,149,140,154,154,151,140,148,135,164,144,165,140,152,158,157,175,152,145,161,160,172,159,154,148,146,141,148,149,151,127,145,155,156,156,150,152,144,164,160,160,149,148,147,165,144,153,137,150,138,144,126,156,154,143,166,123,138,139,129,163,158,151,161,146,138,154,158,156,136,142,150,159,148,165,122,168,150,136,157,166,159,154,144,148,145,165,141,150,175,150,158,149,149,160,158,154,143,161,154,161,135,137,143,155,149,150,154,151,153,141,183,146,138,158,122,149,158,167,143,153,159,154,134,133,130,142,152,147,150,146,139,137,153,158,177,135,164,167,134,145,135,144,146,152,153,150,145,145,145,139,146,132,148,156,152,164,170,154,166,155,147,140,150,150,151,153,145,160,144,138,147,165,172,141,143,140,149,145,153,142,155,123,138,155,158,140,158,148,154,158,152,147,137,140,155,140,167,136,136,166,123,146,176,159,149,146,172,152,124,152,155,146,144,148,142,156,151,162,164,159,131,153,132,147,152,130,157,157,138,167,151,140,140,132,139,150,138,137,149,150,135,159,156,151,157,154,150,150,160,160,143,155,162,135,142,172,173,136,152,160,136,172,152,141,156,141,148,150,153,148,163,162,154,165,171,125,145,157,139,162,158,162,150,160,154,157,159,138,155,155,141,156,145,152,138,142,123,151,165,155,131,153,153,166,143,165,154,147,146,147,141,135,149,155,162,133,162,145,160,147,147,160,153,152,148,152,145,145,151,152,147,143,159,146,157,159,139,140,142,147,160,143,134,162,138,148,163,143,149,140,172,136,156,134,153,141,169,149,149,145,146,143,142,164,132,131,128,144,179,139,149,165,139,157,160,148,151,144,140,151,155,149,122,166,161,147,139,144,143,141,152,145,154,145,147,163,153,144,138,158,156,152,139,147,141,160,152,156,143,145,134,142,163,137,161,138,179,142,145,132,148,134,151,133,144,143,147,165,136,169,148,163,139,134,146,128,153,161,142,146,141,161,153,162,144,145,146,159,166,149,152,161,139,148,160,150,155,131,146,141,168,151,163,175,147,159,142,158,165,153,135,151,154,150,142,147,162,148,150,132,148,171,152,143,157,141,129,150,163,157,169,152,140,152,157,165,167,157,150,142,148,152,132,161,127,145,170,162,143,165,173,135,135,169,144,156,137,160,146,152,151,133,139,150,144,150,151,144,158,138,149,149,140,153,150,154,160,152,158,150,149,156,161,165,153,175,157,146,134,153,136,150,155,163,164,140,125,143,143,139,131,152,160,150,164,126,153,135,122,131,148,133,143,140,142,158,139,143,143,164,150,133,143,150,154,122,142,144,118,148,153,141,142,133,156,157,157,159,168,149,174,156,158,138,157,146,150,139,145,155,128,140,153,146,173,144,158,159,143,121,139,162,162,158,142,144,151,141,131,129,142,152,147,152,154,162,159,140,165,161,133,157,142,153,144,152,141,156,154,153,159,133,153,139,159,142,149,142,144,156,146,159,142,146,152,139,136,135,151,147,148,163,145,150,154,165,127,146,153,144,139,148,154,140,141,155,135,150,149,149,139,152,143,154,147,159,143,125,151,157,169,138,143,169,166,156,158,158,157,153,153,153,156,157,162,147,129,153,158,153,149,171,150,150,144,165,141,145,143,153,130,154,150,131,162,145,139,156,147,139,142,131,144,160,145,147,148,153,131,149,157,157,153,156,149,146,149,156,147,153,141,149,143,166,152,160,161,144,159,147,152,152,165,132,149,151,141,149,156,153,155,146,150,132,155,170,132,151,140,142,144,149,147,186,158,155,148,145,150,160,153,165,138,176,144,145,155,146,161,150,134,147,134,143,153,161,150,157,149,149,146,142,140,148,140,137,149,142,148,133,152,154,156,152,150,168,133,155,156,157,141,150,155,141,145,143,165,143,143,163,159,131,153,143,143,139,164,148,159,138,153,144,159,149,167,158,161,157,144,133,152,132,135,142,147,142,152,142,169,142,145,157,166,133,142,145,143,136,145,155,131,140,154,147,163,157,151,151,144,126,153,163,141,142,161,146,147,140,164,152,136,153,139,133,153,163,141,143,153,154,134,142,145,140,158,152,138,154,143,139,161,147,145,156,151,146,163,141,156,153,146,136,129,145,138,131,148,158,147,158,153,157,156,152,132,128,146,161,159,138,150,167,160,145,171,164,160,142,139,139,140,161,158,151,143,159,129,164,147,152,150,152,137,172,159,153,147,156,152,135,156,155,135,139,146,174,144,138,155,136,145,163,165,142,154,147,147,153,154,152,149,153,164,156,151,149,157,149,146,145,141,156,147,138,142,135,141,154,171,158,169,156,142,133,140,145,153,153,149,141,144,154,152,165,145,147,151,146,127,143,147,149,159,148,152,142,145,148,150,147,144,155,147,148,141,149,165,146,151,160,146,137,151,134,152,148,145,169,158,157,149,147,122,139,158,151,167,155,132,148,160,153,154,157,148,146,152,154,156,143,151,171,144,163,142,157,159,129,150,140,157,137,163,154,168,151,143,165,149,130,148,151,152,156,152,144,131,164,146,156,150,153,141,165,133,155,155,153,130,138,162,139,158,141,167,145,140,142,147,144,138,142,151,175,126,169,139,140,158,161,162,158,139,146,139,130,139,156,155,157,146,162,147,164,144,161,121,145,147,137,131,156,161,173,149,144,163,135,151,152,141,134,164,144,147,144,171,153,164,163,147,154,153,130,145,136,160,163,156,156,150,141,149,169,170,161,142,145,155,147,159,152,149,149,142,144,169,157,160,133,125,155,167,160,146,121,134,153,162,146,148,127,138,138,137,149,153,177,144,143,147,137,163,152,152,163,156,163,127,142,156,155,146,154,144,152,162,150,153,157,157,149,146,141,151,164,139,163,152,155,145,169,137,149,151,160,155,149,170,158,149,154,148,162,132,146,157,158,142,159,163,156,177,133,132,153,153,167,187,135,140,140,137,150,151,145,149,146,175,151,154,156,154,136,146,156,151,135,146,159,157,150,157,150,147,159,175,166,154,174,140,156,151,156,144,161,151,163,145,161,157,137,157,163,143,149,170,157,159,156,144,148,152,138,160,151,148,167,149,133,137,153,156,163,154,152,152,167,132,155,151,145,165,148,165,143,154,151,159,144,137,136,155,158,169,155,152,142,140,146,159,153,149,148,128,151,160,134,134,152,157,146,144,154,153,163,146,142,160,141,137,153,146,160,164,158,138,127,160,136,154,162,138,153,170,154,145,168,154,144,150,155,149,170,152,156,141,157,139,135,141,147,160,143,160,144,145,148,157,157,147,160,145,145,157,153,144,147,145,131,146,135,135,150,162,161,143,149,146,152,136,142,148,155,159,152,156,150,140,143,148,144,182,146,164,149,168,150,153,157,134,156,138,156,148,158,159,140,146,170,152,146,151,168,147,139,156,143,134,150,154,154,132,154,141,151,143,130,160,168,153,139,151,152,151,143,146,154,148,153,147,163,154,150,146,160,163,154,138,164,164,133,155,152,156,139,132,150,149,155,138,133,163,152,176,154,140,138,150,147,155,145,142,148,152,140,135,151,159,156,136,142,141,141,159,159,159,156,174,149,130,141,144,142,154,138,133,165,131,164,141,142,166,142,127,135,159,138,154,153,158,157,143,159,143,142,155,153,131,145,143,131,166,146,147,147,143,159,143,146,142,151,146,129,150,155,130,153,163,158,151,148,150,149,140,170,141,133,147,139,145,143,146,159,154,154,152,154,167,146,161,163,155,145,154,128,146,170,153,159,153,133,166,155,127,146,156,145,147,142,148,139,138,149,138,137,151,154,149,143,156,128,156,156,158,141,157,150,153,165,155,142,138,139,159,177,145,153,154,165,148,155,152,166,167,133,163,162,129,147,143,145,143,181,145,134,139,140,151,163,150,136,150,151,142,138,145,130,134,142,141,154,129,138,130,150,152,168,155,146,153,147,148,160,156,154,169,142,147,159,154,173,147,155,143,159,148,145,162,150,161,156,169,140,149,158,155,146,140,140,145,160,146,148,154,154,155,153,152,168,167,159,149,158,164,141,154,138,163,151,151,144,146,156,159,143,135,149,144,131,155,154,151,158,141,161,137,147,155,141,147,139,151,158,131,147,150,141,156,147,161,153,165,141,153,143,151,139,153,140,129,130,140,171,144,151,146,177,154,162,153,179,152,155,141,163,157,160,145,158,138,151,146,160,150,156,150,130,159,145,128,150,155,156,141,154,145,133,140,146,154,139,159,139,176,143,160,149,157,168,151,142,153,150,147,148,167,143,158,165,149,149,167,141,138,147,168,162,158,166,166,147,159,149,149,161,137,151,154,152,144,151,142,141,138,154,133,150,163,142,153,149,153,147,159,142,155,139,164,143,141,156,166,144,148,151,156,145,150,159,144,152,140,149,137,146,150,146,170,149,140,162,130,155,155,137,171,143,157,136,159,153,148,144,139,164,140,153,151,149,167,165,146,146,143,169,141,149,171,165,168,159,142,157,142,165,154,146,170,150,140,134,158,136,157,133,141,174,135,155,149,140,132,155,145,151,148,148,160,144,149,146,143,173,157,149,162,150,134,144,160,158,138,160,150,137,137,155,159,136,161,154,154,142,162,145,147,165,132,129,156,145,158,156,145,141,146,142,169,153,160,159,135,152,155,159,166,172,127,154,148,144,125,147,128,157,158,136,139,145,156,140,156,138,160,145,159,176,152,142,138,140,144,149,126,135,145,139,153,152,134,160,147,148,135,149,151,146,163,157,142,147,127,162,157,148,151,136,157,134,147,146,166,151,165,131,138,138,171,151,162,160,156,164,168,144,154,135,145,153,151,138,144,143,153,129,149,165,153,139,130,162,143,123,150,149,156,129,152,141,146,144,155,152,148,154,175,145,155,150,142,156,153,155,153,151,148,142,149,148,139,156,156,150,155,135,136,156,181,159,146,142,154,145,152,146,156,141,157,157,135,148,150,166,133,126,161,144,132,152,163,154,128,136,137,169,145,146,156,148,175,164,148,160,152,154,144,142,155,146,159,146,155,150,151,151,155,147,156,159,159,156,152,139,156,153,156,147,147,157,141,139,153,151,160,157,147,147,144,137,156,153,156,148,147,147,147,157,139,147,161,126,148,148,142,166,159,158,138,137,148,151,152,144,157,133,140,155,158,150,141,151,156,167,139,149,154,138,152,146,147,150,151,156,137,158,154,138,133,153,140,140,157,143,143,154,145,158,143,133,146,172,151,150,146,135,142,154,170,154,147,146,166,143,145,153,152,162,150,155,134,148,130,150,137,162,132,166,140,152,148,157,151,160,155,150,172,179,152,151,144,172,133,140,146,149,155,150,163,168,155,144,169,163,146,150,160,153,153,143,154,142,150,148,142,157,143,137,140,153,117,152,142,156,133,150,144,146,154,157,153,125,133,154,157,150,158,146,156,169,137,142,157,143,146,167,165,153,172,157,126,159,136,135,146,141,155,159,152,159,139,159,135,161,146,143,159,138,167,153,159,150,170,162,162,156,146,146,148,164,138,145,148,163,162,143,151,162,145,152,144,157,140,144,143,139,154,142,156,150,138,147,147,146,149,146,140,164,157,139,162,150,144,149,146,157,142,150,151,138,124,143,151,153,146,157,139,135,156,137,154,167,148,155,133,146,152,161,147,132,132,142,158,153,144,168,137,138,151,155,138,156,149,155,154,146,139,148,149,136,146,148,153,147,129,157,160,145,132,142,156,159,152,154,146,155,158,146,128,146,156,148,149,138,142,138,142,132,151,154,122,157,152,161,137,161,159,142,143,163,136,123,162,132,148,159,160,140,154,149,143,157,159,149,135,145,162,135,151,152,156,147,143,165,141,152,145,137,155,149,146,151,171,152,142,136,128,151,135,137,157,142,155,163,132,149,144,140,144,138,149,143,155,142,136,146,155,140,145,143,134,143,148,162,150,176,149,157,167,157,146,174,133,139,143,152,142,141,149,157,151,139,150,155,159,155,145,171,148,148,149,166,139,147,164,173,170,167,151,149,139,149,149,157,161,159,134,138,152,150,139,166,159,158,139,163,141,141,171,155,142,135,160,151,133,146,159,134,146,142,164,154,144,135,153,133,131,140,151,153,150,142,140,148,160,152,151,138,143,149,152,151,143,167,152,161,154,166,139,164,171,148,148,170,143,135,152,146,138,155,142,162,148,154,151,146,155,127,151,152,141,141,159,158,131,157,151,144,145,143,152,160,150,156,141,155,143,176,153,143,151,141,158,145,169,154,153,132,157,152,138,124,143,146,155,179,151,146,132,141,163,155,155,161,147,143,131,159,162,132,143,153,153,152,166,149,164,157,158,164,157,142,180,156,161,161,143,166,148,145,147,141,137,154,149,152,153,157,160,162,145,163,149,142,159,160,148,146,154,157,123,147,144,145,139,149,159,135,152,147,152,137,149,154,152,150,167,142,151,138,146,164,136,154,138,141,148,134,158,129,167,165,151,143,147,138,146,138,159,143,160,156,163,163,148,157,165,134,161,143,155,144,150,149,161,144,156,155,142,147,148,148,148,164,160,159,147,135,149,161,143,154,150,168,139,155,161,174,153,131,145,142,153,153,140,141,125,155,157,154,124,139,143,139,132,154,162,146,155,144,129,148,141,166,139,165,152,158,139,143,140,140,154,134,144,141,139,142,168,148,142,150,154,157,141,138,153,158,159,157,155,143,143,141,139,154,142,182,148,156,155,165,146,141,152,146,148,159,149,134,150,159,126,140,119,138,150,160,146,141,122,154,152,141,151,150,162,140,153,141,122,129,157,134,153,130,142,159,150,160,145,156,141,158,156,142,147,162,151,137,158,131,161,149,142,172,137,153,138,153,143,156,159,161,160,141,137,147,146,133,146,166,146,123,146,147,137,149,130,147,141,141,155,168,140,152,142,149,152,156,153,144,148,145,133,144,160,138,130,156,141,155,158,158,172,134,137,149,147,140,153,154,151,144,148,158,122,160,153,148,146,149,140,140,151,147,137,150,123,143,153,144,160,147,153,150,165,161,153,163,144,145,166,159,165,160,131,165,136,148,163,145,150,130,154,172,135,148,140,166,146,165,154,154,150,132,137,154,167,147,152,144,141,149,142,144,137,145,144,147,158,141,141,131,145,151,137,151,146,151,152,146,137,158,143,153,157,154,150,148,132,143,151,164,149,146,156,150,139,142,129,156,138,153,140,154,161,146,149,159,147,141,145,163,159,148,148,132,144,145,144,155,162,166,148,152,156,140,165,181,139,151,140,150,158,156,169,173,137,152,141,148,146,143,133,151,137,122,154,147,157,129,144,140,156,165,151,150,132,171,146,145,155,150,130,148,143,143,136,151,159,155,161,150,152,145,157,143,154,163,129,153,142,140,163,146,158,159,154,162,140,159,157,152,159,170,167,154,147,152,161,141,138,129,165,172,144,141,146,142,164,148,148,155,137,145,147,147,164,149,141,170,156,142,142,138,143,156,167,144,157,153,142,149,160,159,158,143,143,142,157,167,156,149,141,142,146,150,146,158,160,176,163,147,144,153,146,155,132,153,138,162,141,152,166,142,149,163,156,157,136,154,154,150,154,147,161,177,135,150,157,175,138,152,150,137,140,162,153,145,157,131,143,143,145,158,160,152,143,141,147,147,154,155,139,145,146,147,145,134,147,159,153,149,149,162,137,147,134,143,148,164,149,159,129,135,181,150,153,157,165,141,145,167,157,149,144,161,144,150,140,154,144,135,148,143,166,148,169,149,158,152,132,163,147,153,143,153,152,161,140,132,144,157,145,166,132,142,144,143,142,150,145,156,152,152,146,153,137,149,148,145,143,155,168,146,139,146,157,145,140,132,140,185,154,145,147,131,149,155,150,142,130,163,153,139,131,143,153,145,137,142,156,163,145,136,141,149,155,150,157,142,155,163,153,166,157,150,143,146,133,154,139,143,133,142,158,155,152,168,144,168,131,174,168,152,156,151,134,127,141,157,142,145,132,152,140,158,141,148,153,157,145,156,138,167,162,157,172,169,153,131,170,155,163,150,135,151,149,127,147,157,153,160,154,135,136,145,157,134,158,142,175,157,137,154,150,153,131,147,133,140,148,139,163,151,148,155,167,169,158,149,153,151,153,161,132,157,149,155,151,147,170,142,134,151,154,146,152,156,147,143,136,137,138,139,168,139,139,141,146,145,147,180,174,146,149,160,151,146,179,155,162,136,166,159,139,134,142,157,150,146,154,152,152,135,150,129,149,160,145,165,144,152,152,151,129,151,147,150,145,157,150,140,172,151,156,167,158,158,170,169,133,149,130,166,143,154,164,149,144,165,153,148,140,153,136,161,153,143,163,146,131,139,166,164,172,143,148,156,145,144,124,153,175,150,165,143,144,153,143,156,139,114,139,149,140,158,162,145,151,147,146,153,143,186,150,130,158,156,155,161,157,163,154,143,165,153,162,171,164,150,138,154,155,153,148,155,145,159,150,148,154,175,149,165,153,138,153,144,163,153,157,138,138,146,162,134,166,132,144,158,144,134,153,143,135,160,156,148,150,174,164,151,144,132,143,164,156,158,150,147,152,158,163,143,166,181,161,149,165,143,137,147,157,156,151,156,164,139,153,148,149,144,154,144,152,166,162,145,146,151,148,150,148,176,162,153,153,158,146,146,147,121,153,156,157,159,147,153,158,153,154,152,163,143,138,144,156,153,147,147,155,148,148,161,149,154,156,161,149,139,154,161,153,162,149,159,142,163,150,150,157,143,143,138,142,136,167,152,154,157,161,151,156,129,153,146,161,143,149,144,158,139,148,139,157,159,138,141,148,138,144,147,142,165,156,146,142,151,149,139,153,153,138,139,146,143,175,168,143,153,135,146,144,150,147,152,161,137,146,136,151,162,143,144,147,170,152,156,144,137,169,140,135,154,152,126,143,151,147,148,156,142,142,157,131,137,160,149,142,155,149,167,169,144,146,149,159,160,149,150,162,135,144,152,151,142,154,131,149,145,164,162,146,132,159,157,157,153,156,155,146,149,135,154,168,141,166,156,163,142,148,161,135,150,147,160,140,160,158,140,151,150,142,155,149,151,152,157,149,160,146,150,148,155,141,150,139,153,150,141,159,146,164,135,134,145,157,160,149,140,138,142,150,172,148,138,151,162,147,140,140,147,157,152,151,161,147,153,151,145,163,149,147,146,142,164,153,158,150,137,158,166,120,147,148,157,129,141,151,154,154,170,150,154,144,149,151,140,156,139,169,138,147,156,138,160,133,160,162,143,139,164,146,147,141,136,146,150,159,151,144,149,144,152,137,157,161,167,148,133,164,151,158,152,144,126,158,143,166,165,153,158,146,142,136,141,149,163,160,146,150,155,153,147,137,155,150,147,140,160,180,151,158,147,146,153,162,143,156,145,144,153,132,154,147,157,159,138,154,149,150,140,158,157,168,151,157,154,155,148,138,132,145,143,149,149,144,140,144,162,138,140,143,156,151,148,163,147,128,134,153,148,144,150,163,134,144,145,143,157,166,162,153,165,146,150,160,146,129,146,170,124,147,153,144,152,154,147,162,146,145,139,151,157,138,148,136,166,163,151,155,152,141,142,137,143,145,150,164,157,148,156,153,142,161,145,147,146,155,157,147,145,145,146,153,161,153,134,121,136,127,167,141,169,148,154,140,155,132,137,166,149,146,158,154,133,122,165,163,140,144,134,146,138,156,150,139,144,148,162,148,165,149,136,159,178,160,146,157,166,154,156,161,142,138,157,147,136,148,168,153,154,156,135,160,163,144,147,150,164,159,143,155,145,153,154,123,154,154,146,152,144,150,139,158,160,147,154,155,139,136,145,143,139,125,174,135,141,140,143,154,141,147,152,150,171,154,154,150,142,149,135,152,135,148,156,163,167,161,141,154,165,171,145,128,151,124,147,140,151,144,150,156,161,154,154,149,156,147,152,151,143,141,148,144,145,154,167,135,132,151,171,148,165,162,151,141,138,130,154,137,147,153,139,145,149,168,158,152,150,148,154,138,152,156,150,161,155,147,134,139,147,135,166,145,150,165,160,162,141,164,147,146,133,139,130,177,136,153,144,157,161,150,148,153,154,150,142,147,150,157,158,153,135,139,135,160,139,141,153,159,140,149,134,148,146,149,156,159,150,150,136,155,143,132,154,128,156,142,145,141,158,156,164,150,165,170,154,126,136,151,147,143,137,161,148,147,142,147,153,134,142,155,130,138,154,154,128,151,145,142,145,143,150,154,141,149,135,180,146,151,137,142,131,154,164,156,144,139,128,151,180,159,139,143,151,146,145,153,143,134,164,141,149,148,155,152,137,148,164,161,137,171,140,152,162,165,159,141,144,149,148,155,148,156,155,152,150,140,162,151,142,156,142,142,147,169,152,155,162,141,154,165,139,143,144,132,153,158,151,146,136,176,145,142,145,132,161,127,139,146,134,142,161,149,149,156,145,148,145,136,150,138,143,148,158,151,146,165,155,149,155,143,145,150,159,142,156,151,150,145,147,147,132,161,127,143,152,137,158,156,138,157,160,151,143,137,153,141,164,158,131,156,156,153,157,130,154,129,156,156,145,145,152,150,149,141,169,153,144,142,149,151,143,144,151,146,151,146,149,170,153,163,120,144,153,136,147,143,147,134,162,148,146,159,140,148,148,153,142,138,143,121,129,148,163,150,136,139,164,171,135,152,151,142,144,144,158,148,136,159,138,145,165,139,165,147,125,173,164,152,148,143,141,149,158,134,158,155,150,147,158,159,162,154,151,150,164,135,153,146,156,159,171,145,158,163,150,134,161,154,158,152,151,153,162,165,132,140,161,168,153,154,147,146,147,138,135,123,154,140,153,149,137,176,163,163,136,158,139,164,158,139,132,150,144,155,153,158,167,140,145,144,155,151,163,146,158,144,140,131,151,152,147,145,161,144,144,163,145,171,159,155,162,166,133,165,168,155,168,142,138,156,143,148,151,155,137,149,149,139,141,149,140,143,140,160,173,166,148,150,144,141,153,131,142,137,138,140,159,152,154,147,142,157,148,158,141,154,160,149,171,144,147,147,149,151,160,152,146,147,155,141,146,133,160,141,169,141,160,145,138,155,155,156,148,142,152,137,146,180,146,156,143,140,138,129,156,146,149,163,150,151,135,140,155,157,161,143,153,147,149,155,130,160,150,146,161,137,148,140,138,163,163,152,131,157,152,144,166,143,134,159,140,160,146,156,145,139,163,140,161,160,128,146,160,155,146,152,141,173,153,147,144,156,153,168,142,137,142,142,159,149,159,170,147,144,153,145,136,144,140,165,160,156,138,138,138,161,152,146,143,134,148,146,136,150,156,161,140,162,156,148,153,149,172,167,145,138,177,147,149,145,150,148,175,173,141,156,151,152,159,141,159,159,155,171,166,147,170,143,140,152,149,146,137,141,180,142,140,146,164,168,146,128,144,157,149,151,162,153,151,144,147,154,146,143,144,154,152,140,149,135,153,149,158,151,147,137,147,148,147,131,169,163,154,156,136,169,164,139,160,128,169,145,159,165,166,147,147,151,151,151,160,152,153,163,137,169,140,156,143,150,155,133,129,158,135,133,145,155,156,141,166,146,158,146,164,153,135,152,154,166,151,144,140,140,156,150,144,153,136,157,141,146,154,141,149,162,139,144,171,139,163,146,169,138,149,165,152,140,156,126,151,157,154,153,157,169,145,164,140,155,132,149,142,163,155,148,140,170,141,171,174,174,138,145,147,141,141,140,153,146,149,160,158,159,151,151,135,147,155,151,155,142,156,166,144,146,152,139,158,148,140,150,153,133,146,167,153,132,145,147,143,134,136,156,145,163,161,142,163,137,158,165,156,168,137,154,142,161,148,169,149,140,151,158,161,142,133,143,158,149,154,161,123,136,158,157,149,136,163,149,166,155,161,165,156,152,160,152,165,160,145,151,168,148,129,159,146,131,158,150,162,155,148,165,147,145,163,148,149,150,177,162,154,161,157,146,142,154,173,158,163,164,156,135,143,129,157,161,157,141,165,154,149,129,162,159,162,165,145,139,161,141,145,152,135,159,153,140,146,151,150,148,135,154,162,148,141,145,157,137,160,146,166,129,154,155,133,170,146,147,145,129,148,137,140,156,141,146,134,136,145,141,144,154,162,146,164,160,154,138,156,163,147,159,138,154,152,154,155,149,143,166,149,135,137,126,154,132,164,148,154,137,143,153,135,148,152,145,132,146,150,150,158,145,149,150,152,139,146,171,170,126,147,137,150,150,160,143,143,156,140,150,169,154,149,150,155,167,164,141,143,132,147,134,161,157,159,155,150,146,158,159,139,157,150,152,144,158,135,159,131,145,158,129,163,142,153,129,159,150,132,142,162,134,141,154,145,153,149,139,146,152,161,154,162,148,151,160,143,161,135,149,164,136,181,143,151,142,164,147,134,156,150,149,144,155,143,160,137,161,151,144,152,149,142,144,138,149,160,165,141,141,158,164,141,144,141,175,156,147,149,134,164,155,146,152,163,136,143,147,148,155,163,164,139,142,141,150,161,158,168,158,158,140,149,154,159,151,147,149,142,157,157,154,166,142,160,134,140,144,146,167,128,164,141,146,154,144,157,150,144,154,153,133,153,152,140,135,149,139,135,152,184,141,162,145,168,147,165,141,156,164,135,154,154,140,149,149,146,149,145,135,162,144,153,151,148,140,145,146,142,145,151,131,138,157,142,146,155,148,135,157,154,146,159,146,152,141,148,150,151,164,159,140,169,160,134,160,152,142,155,157,137,152,157,137,154,135,151,147,163,155,149,151,177,155,146,160,160,144,163,143,152,161,151,168,162,145,166,157,134,144,142,151,150,138,161,113,141,146,145,138,156,143,128,153,144,150,155,151,154,152,143,150,149,148,142,155,149,150,147,135,149,139,152,129,159,142,150,138,154,121,146,165,147,182,140,145,152,146,135,156,165,166,148,152,161,145,165,149,167,155,169,143,135,156,134,148,155,168,166,157,136,169,137,160,134,144,176,137,146,137,132,165,161,147,168,159,144,138,147,145,172,159,148,163,159,144,138,163,152,161,134,145,183,140,157,136,134,155,152,156,160,144,163,167,147,162,140,165,139,153,149,129,150,148,155,138,162,158,159,155,157,145,134,150,164,153,152,153,143,143,158,142,145,151,148,177,138,155,158,151,137,151,148,146,164,152,155,153,137,137,140,149,138,150,153,156,160,148,146,131,137,156,128,154,159,149,150,134,153,154,149,150,145,154,146,166,131,160,149,176,151,139,132,143,165,134,162,137,178,151,161,158,161,150,143,159,150,155,140,129,147,140,142,151,163,116,160,133,147,164,159,150,154,136,137,154,164,135,145,162,155,153,148,136,148,148,153,146,151,143,157,148,144,127,148,139,145,150,158,150,162,147,154,167,151,137,145,152,165,129,154,141,148,151,152,135,153,144,150,136,150,137,140,163,154,157,150,144,158,153,141,164,146,139,138,137,135,140,141,144,145,141,146,150,149,145,163,154,154,148,147,156,164,174,157,156,136,166,160,160,140,150,153,117,141,156,149,153,161,146,132,152,155,148,154,141,144,134,152,147,139,157,156,157,163,150,148,161,146,131,137,175,153,150,168,166,141,145,158,150,153,164,142,145,148,149,151,132,153,167,153,149,139,156,134,146,157,176,167,146,153,153,150,139,148,142,143,147,134,158,160,157,157,152,149,163,168,143,158,146,175,133,152,150,155,146,144,141,145,161,162,155,159,144,142,145,170,158,153,171,136,141,155,140,158,149,150,140,162,149,147,166,156,152,142,146,148,161,152,137,154,164,167,144,155,165,141,138,155,151,161,153,144,151,163,157,149,143,146,146,160,145,166,141,137,138,160,156,131,155,148,161,156,160,154,138,148,145,145,145,139,153,143,132,147,162,159,160,163,135,137,143,144,144,185,131,145,148,145,134,153,146,142,125,140,158,166,173,151,128,154,154,140,143,143,151,162,157,143,134,141,152,147,178,163,147,139,148,156,137,163,158,163,151,143,145,165,147,143,162,151,136,165,153,152,185,125,157,162,160,151,147,158,146,156,145,141,146,155,148,149,165,146,144,158,132,147,154,143,150,174,144,130,154,151,135,129,155,145,145,141,149,155,153,155,154,147,154,140,144,154,146,155,146,140,138,135,154,158,151,137,146,175,155,177,155,145,144,146,136,141,137,158,153,138,151,151,155,158,145,146,153,124,139,153,164,148,149,176,147,137,169,151,153,172,158,148,174,157,163,141,169,167,151,152,157,151,153,140,146,147,149,138,142,135,141,165,154,140,148,151,150,154,141,168,141,128,151,124,152,146,140,140,150,165,168,153,148,160,168,146,150,147,161,141,155,154,151,152,165,150,157,126,152,145,156,153,158,168,162,131,164,162,148,146,155,161,164,149,148,149,159,130,152,146,162,167,152,137,166,149,148,154,142,157,154,166,134,143,141,146,151,161,149,163,143,135,150,159,126,145,126,166,141,140,144,162,160,151,133,132,128,145,153,163,144,139,147,131,149,159,144,156,159,154,146,141,149,171,146,158,163,144,167,163,149,146,157,168,136,157,158,159,165,164,154,156,149,138,168,132,152,152,141,146,154,137,161,150,162,145,149,164,150,162,152,152,163,153,147,151,152,144,154,153,129,151,148,157,152,158,153,156,150,149,168,147,148,164,134,149,162,153,164,150,142,145,147,144,156,160,124,156,142,144,141,150,140,162,132,162,129,146,147,154,150,166,164,158,150,145,169,156,155,146,136,141,149,135,165,137,150,156,160,142,144,142,139,165,152,134,141,154,160,135,133,144,154,156,161,165,145,153,154,130,141,166,140,133,133,156,151,142,144,148,133,138,154,177,153,137,147,140,154,146,157,149,139,151,164,147,151,133,148,153,126,157,144,141,143,152,147,156,150,138,130,143,149,144,153,144,126,151,148,133,156,163,134,159,146,143,142,140,150,143,148,170,150,179,168,148,160,144,146,161,151,158,160,143,155,155,145,143,142,163,170,153,170,154,139,156,147,160,141,159,145,152,146,155,150,170,132,149,157,142,148,162,156,152,135,137,160,144,150,153,160,132,135,171,159,148,160,152,155,151,154,152,138,143,149,161,154,167,145,140,157,147,151,147,168,144,161,136,149,164,148,148,151,159,145,137,150,152,141,144,149,152,142,152,156,138,152,140,157,142,154,142,142,150,139,153,138,165,139,141,125,147,165,125,151,154,152,161,130,159,141,128,161,152,143,178
155,143,134,148,148,170,144,132,136,128,143,145,148,133,157,151,164,156,167,151,152,140,143,144,150,152,150,165,157,133,145,137,148,155,139,144,149,149,145,157,154,141,161,154,150,149,150,156,148,140,166,145,155,159,152,152,152,152,152,155,157,121,158,142,158,141,155,143,128,146,137,139,160,147,149,163,137,145,156,166,157,125,145,153,160,154,149,153,151,152,144,154,160,143,147,142,144,152,145,156,134,140,157,151,137,159,153,156,149,147,148,159,143,156,157,151,161,159,145,152,153,151,147,169,152,142,143,139,155,157,157,147,164,143,123,155,157,147,147,160,138,151,154,140,153,147,146,145,131,154,158,141,152,153,130,154,131,137,151,137,150,162,159,151,134,147,152,139,158,160,136,155,151,149,146,130,147,138,178,171,157,165,168,148,145,143,128,139,141,145,141,153,138,159,145,169,150,161,146,140,138,152,137,127,149,146,169,153,140,160,145,150,155,139,135,153,149,151,158,163,150,146,147,144,154,132,142,158,162,157,138,153,145,150,163,149,132,149,144,151,149,160,148,155,140,143,171,134,165,137,144,150,162,149,170,155,150,154,145,154,165,162,167,141,146,139,143,146,144,159,149,145,135,147,136,145,170,156,147,149,162,138,155,149,155,149,164,137,155,145,157,136,163,164,142,167,156,147,159,151,146,136,154,143,140,136,165,137,165,157,140,150,157,127,145,150,144,129,152,150,144,160,161,171,158,157,142,136,151,151,163,152,160,150,164,145,143,141,162,148,167,161,148,156,158,137,163,149,150,143,146,135,147,132,158,143,161,154,140,162,145,137,153,145,154,156,149,146,166,136,154,133,160,142,176,165,151,151,145,157,148,151,144,142,149,151,140,156,147,151,182,143,159,154,136,163,176,146,152,144,148,167,150,150,170,161,151,144,146,141,139,156,143,143,156,148,155,161,158,147,141,144,148,142,157,178,161,164,147,138,146,173,171,143,154,149,146,162,157,141,146,142,155,141,148,172,144,163,145,163,144,140,162,137,140,157,152,152,135,146,153,146,148,144,144,154,168,168,143,160,144,150,157,142,150,148,133,143,166,151,156,143,155,149,147,146,156,155,144,146,127,154,151,153,153,156,156,133,158,141,162,153,147,159,146,161,156,165,157,153,180,130,164,152,154,131,141,150,141,139,152,134,140,162,143,159,149,153,154,141,139,171,155,153,138,160,145,163,129,133,175,160,137,156,165,143,143,138,146,155,140,152,147,144,142,146,164,153,149,157,149,179,148,144,131,146,158,136,154,166,141,140,156,147,141,140,176,159,159,139,147,187,137,142,155,155,157,126,147,132,153,154,154,156,148,140,147,158,149,155,140,138,154,140,155,158,158,154,136,163,150,150,141,148,142,130,146,136,147,141,157,141,178,157,155,148,177,156,155,129,161,155,146,144,159,144,156,166,171,141,140,168,159,147,151,160,171,160,135,159,161,145,148,142,147,132,138,136,139,150,141,156,129,158,155,139,161,138,153,149,150,158,142,145,141,148,148,146,144,139,155,137,149,159,139,149,162,162,154,140,138,155,158,155,142,145,151,150,166,159,155,145,149,136,139,142,146,159,152,152,143,155,153,143,152,160,147,162,141,132,143,142,143,152,128,155,157,149,154,170,148,144,137,138,146,150,145,155,159,153,162,156,154,155,147,134,155,145,142,161,141,161,141,141,148,160,158,147,156,153,159,129,143,153,158,143,161,154,133,164,153,139,154,160,146,146,155,126,162,149,159,165,151,163,158,157,157,150,159,150,141,173,153,142,161,146,164,153,131,147,135,148,158,147,148,128,144,137,147,151,129,152,148,152,147,152,145,137,150,148,151,143,145,131,144,154,144,146,127,150,172,137,160,143,155,161,134,143,135,156,152,158,153,132,132,150,153,145,151,133,144,148,155,151,154,166,150,155,135,130,166,146,144,133,135,164,158,147,135,154,158,154,133,135,156,141,136,154,166,151,134,162,148,148,146,142,153,156,155,170,144,148,151,149,144,140,155,160,132,154,120,143,147,156,140,135,142,154,159,144,153,132,159,158,165,163,170,165,170,145,151,159,135,167,166,142,134,135,149,154,182,139,161,154,170,160,141,145,149,148,149,150,152,152,155,148,132,161,132,139,149,149,144,162,139,144,145,141,151,137,140,158,147,151,147,150,170,135,146,156,145,143,134,138,138,139,145,140,140,150,143,143,150,150,140,141,157,143,149,137,170,153,150,145,150,138,143,161,155,134,149,158,149,152,136,174,165,155,155,165,135,141,151,150,160,131,150,155,158,153,147,134,155,155,161,160,147,127,131,123,153,160,142,174,168,155,165,166,163,149,132,155,129,158,144,149,148,150,138,151,145,144,154,153,137,157,128,137,147,152,173,143,151,148,157,150,130,157,165,155,151,158,160,151,146,156,145,157,145,153,177,157,141,132,159,128,153,146,149,161,163,145,160,158,156,146,141,145,141,132,144,135,137,157,150,172,142,144,154,143,148,144,132,152,141,150,144,165,170,140,140,155,149,157,150,129,146,155,157,143,141,154,170,162,145,147,167,139,145,156,157,141,145,137,135,145,151,139,151,149,145,133,140,146,152,147,170,155,168,142,138,146,132,160,139,148,158,141,143,146,144,140,149,151,157,161,152,148,141,157,139,165,157,150,150,158,171,164,152,155,153,158,155,135,144,141,160,144,145,135,135,147,156,153,150,153,145,135,161,139,158,154,142,153,156,169,145,161,165,149,141,146,140,153,146,153,158,152,152,149,151,150,156,158,155,168,145,140,158,163,130,138,140,164,138,152,146,132,148,136,137,147,143,159,153,154,153,157,165,144,145,164,142,147,128,153,152,149,147,178,131,144,146,137,151,151,143,157,170,155,148,134,160,145,147,147,153,152,160,135,149,149,141,147,131,148,161,153,159,158,137,153,161,146,153,147,127,140,145,161,172,157,162,153,149,156,147,143,158,163,139,164,148,160,150,140,143,136,141,164,149,168,152,156,151,150,155,141,159,157,146,144,159,163,143,131,139,142,163,157,160,156,138,151,153,146,138,145,152,159,133,147,140,150,152,120,143,139,148,134,159,163,177,159,155,134,130,166,146,134,158,160,142,128,139,154,162,148,148,155,159,147,165,180,148,169,163,154,147,176,154,153,140,147,141,150,144,154,147,165,133,154,136,136,161,145,157,155,158,158,159,151,165,140,162,138,145,148,153,150,159,142,125,141,162,150,142,150,141,153,151,127,157,134,127,138,144,161,150,148,143,145,161,157,155,148,141,151,144,150,145,148,126,127,150,159,146,160,149,149,150,164,141,148,161,146,140,154,155,155,160,155,145,151,158,151,163,148,144,146,144,142,142,152,152,147,147,152,149,142,152,161,137,151,146,164,142,153,152,131,152,155,145,139,163,143,155,135,139,158,134,152,155,157,135,150,148,122,142,143,148,154,150,141,162,148,138,150,153,166,148,151,158,159,167,140,153,153,169,162,155,161,143,154,162,162,144,144,140,139,136,147,159,155,133,141,159,142,141,155,146,133,146,145,150,132,138,134,153,152,163,130,134,158,147,157,158,154,160,140,164,168,141,134,155,145,153,153,166,157,148,142,152,149,141,144,151,169,132,135,155,145,136,136,147,132,149,147,152,155,167,160,151,140,139,160,152,162,153,160,151,166,156,145,141,122,143,147,148,159,158,150,142,162,157,168,163,148,164,143,150,160,157,133,148,156,155,131,137,147,146,145,165,152,154,153,125,146,158,135,164,155,152,141,144,136,160,154,136,138,150,144,155,156,176,144,150,163,160,146,149,144,137,155,151,148,145,150,148,145,144,149,137,142,158,128,150,141,135,141,175,155,134,159,141,146,146,151,143,152,152,148,141,157,164,156,150,145,164,152,154,160,156,157,138,157,147,144,153,150,148,145,157,149,158,162,154,164,151,142,156,156,144,143,141,163,146,146,165,156,147,133,166,157,137,164,160,148,163,151,131,139,170,158,144,136,143,151,151,151,137,137,142,147,138,141,153,151,136,154,155,150,147,168,153,169,150,154,148,159,141,170,131,161,151,158,149,138,168,153,161,145,158,155,143,150,154,151,160,149,138,133,151,142,144,156,128,154,146,134,150,147,140,134,171,137,139,145,142,160,143,150,148,141,167,150,148,145,166,154,149,149,169,158,142,162,122,144,137,144,156,135,160,151,168,157,160,153,147,151,161,149,151,137,149,137,154,150,144,136,149,169,169,151,154,124,173,153,160,156,150,161,140,158,165,149,155,150,157,165,149,165,164,164,160,143,148,138,147,175,146,154,159,153,150,148,167,150,147,163,140,154,169,139,147,136,146,161,156,145,147,147,160,159,147,134,154,129,133,141,167,152,166,175,152,145,155,137,154,142,148,149,144,169,160,151,137,145,166,154,136,146,148,153,151,149,153,147,153,143,146,161,148,157,155,148,139,147,148,142,148,154,144,167,160,139,153,157,154,128,146,140,146,153,135,143,160,142,165,146,130,150,161,151,153,146,146,168,133,145,155,148,155,138,154,172,146,153,135,151,175,154,138,142,140,159,137,168,135,139,131,148,143,152,139,151,138,138,145,131,141,144,149,137,148,161,130,163,168,157,149,154,165,147,147,155,144,152,136,146,139,170,137,139,158,151,148,145,147,156,146,152,145,162,151,163,151,163,145,135,148,156,143,160,162,150,151,146,156,132,152,157,137,149,144,149,148,159,153,146,151,151,155,153,153,148,153,132,163,156,139,157,167,152,165,141,124,142,147,161,153,148,163,159,147,145,179,152,140,144,135,149,144,145,166,139,134,147,162,147,146,134,151,136,142,157,150,155,147,158,135,163,162,170,154,163,152,157,162,143,158,154,151,140,135,149,163,141,153,154,125,146,153,155,145,150,157,136,136,150,148,149,151,148,149,142,155,133,153,134,144,149,133,159,153,164,160,153,157,152,143,137,163,147,136,138,173,145,133,155,156,144,150,142,156,139,161,132,135,147,156,153,138,159,146,144,151,148,138,143,147,152,153,158,148,142,155,162,159,142,154,153,145,149,154,143,138,135,150,157,157,141,138,173,141,152,153,156,147,161,168,153,146,158,146,137,157,154,163,152,157,143,143,154,158,164,139,155,145,142,142,147,159,140,154,142,159,146,159,159,156,142,148,152,159,158,159,160,142,140,158,142,143,187,153,167,159,139,180,161,152,157,157,151,154,145,164,158,157,168,135,148,139,150,153,150,151,153,143,144,136,139,158,151,160,131,154,148,145,133,145,141,147,135,141,142,167,151,150,146,168,148,143,151,150,135,144,159,137,158,142,158,139,147,144,140,138,134,164,146,161,154,146,152,136,139,140,162,152,144,152,167,145,148,146,160,136,133,138,126,156,130,144,134,133,146,146,160,139,152,168,131,144,154,143,152,132,158,170,146,138,152,141,164,153,155,145,149,145,174,137,138,156,150,156,154,154,143,146,139,159,144,137,138,163,146,153,175,133,150,151,151,133,156,157,153,161,150,148,141,144,138,156,135,163,145,161,142,170,166,158,142,140,134,157,152,143,170,158,154,160,150,126,154,144,144,137,157,135,135,151,140,151,156,140,139,144,157,156,172,159,161,150,138,151,152,147,131,152,171,145,152,140,146,156,154,137,152,161,152,159,162,141,141,170,158,144,167,147,156,163,134,148,145,144,152,158,142,143,149,161,138,149,134,126,148,144,162,161,139,165,150,151,143,152,158,161,145,156,131,161,166,146,152,150,152,159,163,145,134,153,148,145,147,160,121,138,166,161,159,155,151,139,145,142,134,138,159,143,155,152,132,153,159,138,155,135,139,148,144,143,146,157,143,175,151,150,144,153,138,156,140,138,142,136,158,154,140,145,159,145,149,157,149,150,138,153,155,159,139,149,161,153,152,137,137,146,154,140,151,158,148,145,148,146,170,164,149,138,163,134,155,143,132,141,154,144,155,136,155,137,139,155,158,155,161,178,148,147,151,150,153,148,135,139,148,157,143,142,144,150,137,160,140,162,147,144,163,141,163,157,150,161,130,152,162,137,147,146,156,162,146,140,161,134,136,154,152,139,143,140,143,149,165,163,147,150,149,160,169,136,133,135,146,181,148,147,140,150,143,144,130,153,161,145,154,150,149,165,163,151,152,144,137,144,153,170,157,157,143,148,144,158,145,140,164,135,175,123,131,144,154,168,167,147,142,129,166,145,161,176,158,160,160,142,156,149,153,169,146,148,154,141,131,139,140,150,157,145,165,139,155,148,157,128,176,144,145,158,151,145,167,159,147,132,151,167,160,160,141,151,152,137,132,134,153,127,147,150,153,155,159,160,142,128,183,133,155,137,146,132,151,146,160,138,135,163,160,166,135,133,146,149,154,148,158,152,162,159,147,132,171,153,148,161,149,149,148,141,156,135,140,144,146,155,153,151,158,152,154,140,138,155,161,151,139,123,146,142,163,156,149,148,155,144,141,147,154,162,141,172,140,154,141,149,153,160,155,145,148,153,165,138,147,173,146,149,137,164,163,144,143,138,145,146,141,142,140,168,149,152,142,140,147,144,138,156,150,144,148,163,157,127,147,171,153,155,146,158,168,143,149,151,143,158,133,151,159,151,149,156,153,155,154,142,139,149,133,153,126,143,161,137,151,158,145,148,164,130,141,151,149,163,144,151,160,144,135,155,160,157,140,137,142,159,163,137,162,145,151,156,140,152,153,149,153,156,176,146,149,166,149,163,157,161,171,160,142,158,152,140,151,121,133,152,151,162,161,136,150,135,154,143,142,157,149,140,132,128,147,141,151,137,166,152,137,147,148,161,155,156,150,142,158,130,156,172,160,136,157,160,130,160,156,137,162,135,159,152,156,149,138,140,161,135,156,170,149,156,148,141,154,138,145,137,156,149,164,159,142,156,160,134,149,161,145,171,144,135,157,143,173,162,161,158,156,144,131,176,129,179,140,133,142,162,150,154,158,159,141,140,166,154,156,159,159,143,142,153,151,139,123,153,141,168,145,148,152,153,147,149,142,135,146,146,159,148,151,165,143,137,160,151,146,142,161,137,157,146,135,149,141,159,135,148,156,145,136,148,144,144,151,143,158,156,147,148,147,139,146,144,147,149,163,140,151,136,162,167,151,154,145,151,125,143,146,158,161,143,147,158,148,168,161,180,160,144,162,153,151,137,154,142,147,146,165,154,145,145,142,151,155,144,157,147,161,132,144,137,131,148,167,145,148,159,146,138,149,142,157,144,149,155,156,143,140,147,151,159,141,150,148,153,141,171,161,151,165,137,135,147,141,160,157,164,152,139,142,136,161,135,141,134,134,151,144,166,143,138,141,144,144,148,159,145,150,133,151,164,138,151,158,152,153,140,145,172,149,135,140,160,148,137,173,131,162,162,164,147,152,143,152,157,133,132,151,152,168,141,145,138,156,176,159,141,160,135,138,138,173,139,159,146,143,152,148,169,147,150,150,149,133,156,141,140,153,146,152,154,148,170,162,151,142,163,145,167,147,151,148,154,157,169,144,131,151,157,144,149,165,161,149,151,150,132,155,137,147,150,132,131,139,146,154,142,131,149,138,153,152,157,152,158,139,161,155,152,156,160,143,134,165,149,144,162,158,166,144,149,125,128,152,161,152,156,149,144,169,154,162,146,170,157,149,157,158,164,156,166,147,139,160,143,157,152,146,163,148,147,160,144,130,160,145,133,147,151,155,160,158,146,152,138,160,151,168,135,148,153,159,146,147,143,157,144,152,144,142,154,156,145,153,136,129,164,151,154,153,137,158,145,143,131,147,160,152,148,150,149,129,122,149,152,155,131,158,148,138,154,145,132,167,147,141,147,149,159,174,158,160,147,153,156,157,151,138,148,162,139,144,130,147,174,160,139,151,159,131,130,148,138,169,138,146,146,149,145,133,164,131,129,154,138,154,139,147,145,152,142,156,162,148,168,167,171,139,138,156,149,146,163,154,152,167,139,166,147,141,147,135,138,142,137,153,156,149,161,159,127,155,145,169,144,159,148,152,144,143,173,133,160,147,148,151,136,153,150,148,139,149,156,153,150,147,139,144,145,136,135,147,154,142,143,143,141,129,158,155,150,160,172,153,140,142,151,148,139,152,146,125,139,153,153,141,171,146,151,158,141,139,169,160,152,130,140,137,164,150,161,149,151,137,137,136,148,166,161,144,160,143,163,150,155,134,140,154,137,137,150,152,148,146,136,128,132,156,155,137,166,144,146,155,169,150,146,148,166,150,137,146,172,141,154,155,155,142,141,155,147,155,151,154,124,150,150,144,156,136,138,144,158,148,134,165,160,162,168,153,163,171,154,172,149,140,169,127,149,149,153,163,144,124,154,153,163,141,164,139,156,151,146,141,154,155,138,166,158,141,126,137,158,144,139,148,162,157,154,142,157,152,146,138,134,153,142,144,131,149,155,139,136,172,141,146,145,145,157,162,135,138,140,166,158,163,155,147,140,148,159,150,151,145,154,151,148,142,153,158,142,159,156,134,152,157,154,146,155,133,152,170,150,170,133,160,140,149,167,174,156,143,136,148,160,131,143,154,145,157,155,130,153,156,152,154,146,147,133,159,149,153,144,152,163,158,151,145,131,149,155,163,141,151,145,132,144,171,152,149,150,145,137,163,146,159,148,157,134,147,137,164,138,142,129,153,150,173,156,161,176,137,171,157,153,155,165,135,140,142,144,148,138,136,151,163,150,154,168,157,152,150,154,149,176,162,142,156,149,153,153,165,162,147,141,154,137,151,163,168,143,164,149,141,133,155,159,148,149,146,139,138,165,137,139,164,146,138,136,142,150,146,152,144,147,154,155,158,149,144,150,155,137,144,178,154,157,152,138,146,167,144,150,131,137,144,140,151,151,153,151,140,142,184,136,136,152,150,162,147,142,152,151,154,151,167,144,156,163,148,136,148,135,150,153,143,155,139,167,139,145,134,148,150,120,157,168,152,161,169,146,137,156,142,132,151,158,143,159,147,149,151,146,144,144,158,138,161,148,143,146,135,138,141,171,143,139,163,151,158,145,149,145,156,160,151,150,168,158,140,147,158,158,140,158,136,139,156,161,139,161,150,152,134,162,154,144,132,147,145,155,141,152,160,148,158,150,147,120,147,142,144,159,150,160,150,146,169,140,149,146,156,157,142,134,166,152,146,157,168,139,156,150,143,174,153,149,149,149,146,152,130,149,170,143,149,158,153,137,150,157,166,157,151,141,152,146,151,135,133,144,136,151,143,152,138,149,152,153,143,146,153,166,146,134,160,152,163,129,150,134,148,153,147,160,142,154,168,147,154,174,156,137,135,153,139,143,156,151,151,164,145,152,156,138,150,164,146,146,138,150,151,146,145,144,151,166,138,137,148,133,152,165,165,136,160,145,137,149,149,154,159,142,162,152,152,158,144,156,134,151,142,153,143,130,161,145,149,162,142,159,142,141,134,155,140,160,154,151,156,138,150,149,154,182,168,147,160,146,152,142,143,146,162,146,159,155,166,135,136,135,151,158,151,142,133,152,149,144,156,162,138,136,157,151,150,153,157,145,147,154,154,141,129,142,145,171,151,159,130,169,155,159,157,157,147,130,136,147,145,135,167,174,140,138,146,149,135,147,143,135,154,144,147,161,174,144,145,147,146,138,141,143,146,138,158,155,148,167,168,165,168,164,145,143,167,169,145,156,140,146,154,143,135,161,151,148,161,144,159,132,143,155,139,147,152,141,147,140,157,145,155,144,156,124,139,160,157,164,146,153,141,130,150,143,153,151,146,157,144,154,187,157,130,148,164,151,146,127,147,160,147,151,137,140,159,160,159,143,156,137,161,145,147,162,146,139,145,153,163,138,157,140,133,167,146,147,157,157,148,172,146,153,143,161,134,148,150,152,148,138,134,154,134,166,140,137,155,164,143,153,143,154,154,150,152,143,144,154,160,146,153,152,147,147,151,139,155,134,159,136,140,142,140,159,171,151,136,148,141,152,138,154,162,138,143,142,156,142,156,144,141,146,143,129,135,145,149,164,144,157,155,161,140,142,147,152,157,154,130,163,150,150,156,170,148,150,147,147,157,142,141,175,151,149,152,151,157,138,141,129,154,141,162,141,142,127,125,161,144,150,153,159,147,170,161,148,149,144,154,157,173,150,145,149,150,145,154,150,154,125,144,142,151,133,161,154,147,157,135,159,151,160,146,158,133,143,149,152,156,141,139,155,157,156,135,149,155,164,147,150,145,157,161,141,173,138,132,151,151,150,153,162,153,136,156,161,143,158,146,147,148,139,139,130,133,133,146,139,148,159,138,132,150,147,145,152,156,128,152,144,151,156,149,146,151,147,152,160,143,144,153,161,175,134,155,149,145,146,137,164,157,141,154,161,155,153,152,136,166,165,153,162,150,167,151,142,158,164,135,138,164,151,167,147,144,147,139,139,128,146,162,163,147,158,155,140,156,153,159,159,167,158,149,150,148,160,150,158,145,147,150,157,146,161,151,161,167,137,162,159,152,166,141,144,142,146,153,149,142,148,153,139,150,161,143,165,156,157,160,158,134,149,137,148,152,149,140,158,159,119,137,137,150,151,154,148,154,151,145,134,167,153,148,116,127,165,122,147,136,160,145,161,148,162,164,150,147,148,155,154,145,159,152,133,150,150,158,170,145,127,150,134,170,158,161,140,151,155,145,160,147,143,152,148,169,157,160,144,143,147,137,139,130,155,143,139,157,141,141,152,155,159,157,146,132,146,160,139,156,158,137,154,150,135,153,167,151,136,143,142,153,156,145,164,153,142,138,153,168,137,155,148,139,158,148,144,164,150,168,147,155,157,143,154,157,165,151,146,151,150,146,149,140,152,160,134,142,154,155,157,141,138,158,157,152,163,159,164,142,137,164,153,155,151,149,158,162,173,147,146,153,149,149,155,157,155,159,162,153,158,154,152,149,156,161,147,143,139,157,162,126,155,146,147,144,157,156,116,144,168,162,143,152,164,146,150,142,160,161,167,143,150,155,145,156,172,162,159,134,168,153,156,158,140,158,170,151,160,145,138,127,151,148,138,144,149,154,140,154,150,145,163,159,155,130,159,136,153,144,158,144,150,159,133,168,147,154,134,142,143,139,158,157,141,150,165,150,158,144,161,142,142,137,155,159,140,115,145,145,162,136,153,162,136,149,144,151,156,163,146,147,147,142,154,153,157,163,157,135,153,155,160,140,142,148,144,145,144,138,151,136,157,138,142,153,136,144,156,155,163,151,169,144,167,149,155,140,146,139,140,135,140,170,142,161,158,144,131,150,151,150,177,151,140,147,157,147,169,154,147,137,142,137,154,135,165,138,131,146,144,163,148,131,131,140,151,160,138,148,156,157,154,148,150,148,147,143,143,137,129,143,147,137,151,141,151,148,156,175,148,147,158,162,146,138,139,154,155,123,146,139,142,152,151,145,139,148,158,142,164,143,141,136,137,145,161,156,152,171,154,156,143,158,140,150,156,146,163,143,165,161,141,149,160,146,156,156,156,168,143,145,153,143,151,129,161,146,145,145,142,161,148,159,144,144,156,134,159,160,159,138,149,146,143,153,147,142,130,139,127,157,149,159,140,157,148,164,126,172,141,151,147,148,149,158,157,150,142,137,142,151,140,175,159,148,133,163,144,155,150,168,139,138,133,165,144,149,157,149,142,158,157,136,168,144,144,147,165,146,149,148,160,151,155,138,155,154,159,168,135,163,162,127,132,146,138,150,144,166,158,150,165,166,166,157,156,156,137,149,169,163,134,127,156,154,146,160,145,170,139,132,141,160,133,133,143,164,159,140,158,160,143,142,145,144,152,174,153,143,128,152,159,159,145,160,148,156,158,150,163,138,158,149,151,146,161,152,144,152,145,148,156,145,134,149,153,140,147,137,129,147,141,160,178,145,130,136,165,165,135,144,144,150,172,138,150,147,143,165,144,143,146,156,128,145,144,146,168,133,172,146,149,135,145,164,129,152,155,164,159,141,155,156,146,141,153,140,129,154,145,150,150,158,139,136,141,144,154,135,150,151,150,139,133,137,143,132,168,140,158,162,134,145,153,144,147,166,157,149,136,134,131,151,162,144,157,146,156,144,150,152,138,146,155,140,138,136,153,154,162,157,142,144,154,163,157,162,148,140,134,150,146,158,147,147,132,160,146,152,154,149,136,146,156,151,141,141,168,148,146,157,152,149,166,164,160,141,153,170,146,158,147,142,154,149,141,133,177,158,145,151,138,143,164,137,138,131,144,154,138,126,162,146,151,142,151,151,141,153,146,164,146,146,147,154,146,139,147,155,148,139,152,154,151,144,141,153,153,160,150,162,141,143,150,155,158,144,152,135,142,163,152,145,160,142,135,155,139,153,135,148,143,156,142,143,143,136,148,145,134,164,152,141,145,139,159,170,119,140,138,150,156,144,141,141,144,131,149,147,141,162,168,145,142,166,146,148,144,136,129,136,141,170,164,140,153,135,163,148,170,140,158,147,159,143,137,150,156,142,139,154,137,147,166,148,157,154,138,161,137,143,142,151,152,143,151,146,150,159,155,149,140,169,144,149,140,139,141,137,157,145,126,173,139,143,147,167,148,124,134,151,148,152,153,131,150,149,139,154,161,151,147,147,149,135,167,142,156,147,156,143,160,142,142,148,151,177,144,152,148,154,160,157,161,169,129,132,147,154,141,145,169,158,129,165,159,147,140,152,138,142,151,157,163,164,158,127,157,152,160,164,146,155,151,131,148,161,156,142,155,157,153,143,156,130,139,150,147,140,150,158,137,133,164,147,131,153,150,148,159,143,162,142,156,147,150,137,137,154,160,152,160,158,172,156,141,146,152,161,157,147,149,144,138,139,155,168,161,137,155,148,155,139,158,146,154,168,143,146,162,158,174,143,166,148,157,144,146,149,158,162,172,138,150,132,149,145,138,155,145,150,130,137,148,134,157,142,136,160,169,168,151,162,138,154,143,141,155,160,151,143,121,153,159,145,147,158,146,150,147,140,157,147,154,154,146,152,146,154,153,123,170,139,186,161,152,150,161,160,151,151,151,144,159,166,161,142,144,148,146,134,141,160,140,152,138,159,153,146,161,142,141,157,153,160,140,149,150,153,149,159,155,152,134,129,132,123,147,178,138,145,134,160,146,149,149,138,147,152,153,148,140,147,137,137,154,155,158,155,167,143,158,144,153,153,153,158,165,143,136,147,137,147,163,150,145,147,154,138,156,157,147,125,135,166,158,152,143,142,141,155,150,154,136,143,157,146,164,154,140,146,138,145,135,134,146,158,162,157,132,143,151,140,141,146,154,144,172,150,144,155,159,148,132,160,140,152,161,127,165,142,145,150,165,158,138,134,156,166,159,149,154,164,160,139,156,151,143,116,151,141,141,139,146,146,139,144,146,153,159,161,151,145,138,150,137,145,160,136,145,142,157,158,145,157,141,154,142,160,142,147,146,139,159,142,163,143,157,162,146,134,149,139,170,146,144,151,122,135,149,167,144,152,154,129,159,148,155,145,160,155,159,164,146,141,137,156,156,141,154,159,159,158,172,162,158,144,161,166,148,169,157,138,159,153,144,160,145,165,153,147,137,149,130,139,143,141,143,135,136,136,149,161,150,162,140,153,151,160,145,145,139,161,146,151,157,161,159,147,149,156,148,155,139,143,163,148,155,133,157,154,167,152,158,153,129,155,155,153,140,141,153,144,138,158,147,151,154,162,162,154,163,153,157,170,148,145,156,176,144,147,141,158,166,134,151,159,127,134,172,151,149,133,147,143,141,146,148,137,150,140,134,151,155,151,157,144,141,147,118,128,139,148,143,159,172,158,139,149,153,147,143,155,153,155,153,154,146,144,149,151,166,157,154,146,151,141,150,150,156,146,159,168,146,144,168,150,154,152,155,159,146,144,134,143,165,141,154,147,142,147,138,131,139,155,159,139,146,144,158,147,128,167,167,166,151,149,146,156,155,155,156,162,144,131,146,149,152,169,131,154,135,144,135,141,144,146,136,151,123,145,140,152,126,169,149,154,154,155,147,156,161,142,158,140,155,146,140,167,151,144,126,154,157,152,162,143,158,167,158,163,135,139,163,148,161,159,154,134,141,147,142,128,152,161,147,136,150,148,154,149,151,145,142,143,156,141,142,154,140,137,155,147,156,149,163,147,144,163,146,150,147,150,147,150,131,149,163,172,147,139,144,152,154,164,152,153,158,165,158,162,146,155,151,146,162,151,137,149,165,141,140,151,149,153,143,141,141,169,145,139,157,147,141,151,154,151,161,152,158,147,150,151,140,139,154,153,136,138,153,142,146,148,138,148,149,144,161,145,155,168,151,150,151,141,157,155,159,149,142,171,149,144,145,143,144,155,147,159,161,169,152,168,165,139,156,149,156,151,178,143,168,135,151,150,155,139,152,161,138,141,157,157,161,152,168,137,147,154,155,139,156,152,142,135,153,148,141,158,146,149,163,140,163,151,136,141,152,135,161,146,144,151,159,160,122,133,152,155,158,153,145,149,134,139,140,153,157,153,150,134,134,158,156,156,159,161,152,138,141,145,147,158,141,175,144,156,166,133,122,143,165,136,161,160,149,165,148,126,165,152,173,158,149,154,140,158,161,136,163,154,153,139,157,162,147,149,146,143,155,149,146,162,145,140,158,139,161,150,142,154,154,156,145,154,155,154,149,151,139,140,140,146,163,162,144,144,135,154,150,149,155,160,166,152,172,146,155,139,125,152,161,160,147,150,166,138,146,158,132,150,143,154,133,142,145,135,163,161,146,149,154,142,162,144,164,151,155,143,137,151,136,149,150,160,151,141,155,154,168,151,148,147,151,156,142,153,132,155,155,145,132,156,156,163,140,162,144,135,152,143,155,123,145,144,142,149,143,144,150,140,147,145,165,137,146,167,156,160,136,166,161,172,174,149,138,165,165,168,155,157,158,141,143,149,133,157,148,142,144,150,141,150,132,166,152,134,143,148,141,156,157,148,146,140,157,156,150,147,146,155,150,142,144,145,144,155,149,156,160,157,154,165,159,154,146,143,148,137,172,144,154,153,151,153,163,146,155,150,140,165,145,175,143,156,153,157,146,171,151,144,161,148,141,168,150,149,166,152,132,168,159,150,140,149,145,143,146,153,138,147,134,150,131,143,148,140,150,139,146,150,154,138,138,154,137,126,165,155,145,149,154,148,141,151,143,146,150,135,155,148,162,149,166,145,149,158,153,149,151,150,136,149,136,149,138,144,162,137,129,125,151,147,137,157,150,154,143,146,134,142,154,141,131,147,144,153,149,156,153,147,157,166,152,147,132,141,133,153,137,154,155,153,157,159,159,156,149,142,157,154,137,162,170,155,145,140,147,135,158,149,136,136,151,131,140,164,162,146,132,163,155,158,154,159,147,160,155,152,149,147,151,160,155,136,156,136,143,140,152,162,142,147,156,165,153,148,150,152,145,160,146,144,153,143,126,156,147,163,139,153,155,148,168,150,149,145,128,139,167,160,126,155,153,144,136,136,146,161,131,158,153,147,170,135,165,136,146,159,133,149,134,154,166,161,148,160,164,142,146,158,146,139,182,145,154,147,135,151,144,149,154,155,152,149,132,169,160,146,151,134,143,154,147,173,153,154,142,149,156,138,152,141,152,147,141,140,138,138,165,157,154,162,151,160,124,150,148,152,140,145,147,116,150,166,138,150,138,162,167,140,142,147,164,153,155,140,137,154,160,162,169,146,150,139,133,172,161,157,164,167,152,144,164,157,166,142,157,144,141,160,129,152,146,147,125,146,121,152,145,149,152,140,148,143,141,151,168,145,131,148,156,164,146,154,151,181,147,146,149,146,145,154,147,135,159,149,151,135,143,159,160,151,141,166,145,149,148,153,141,137,146,160,136,148,135,139,154,138,160,140,147,132,152,153,153,148,141,155,152,149,148,146,160,130,139,146,152,140,136,148,160,145,166,153,154,149,160,151,153,158,156,158,143,127,159,151,161,156,146,153,157,175,151,160,165,162,143,141,138,142,152,157,150,135,164,158,148,142,144,153,135,125,165,160,169,157,154,161,135,149,157,158,162,150,130,151,133,153,156,148,143,138,147,159,163,160,168,130,150,149,140,147,135,157,159,137,147,144,152,121,153,150,144,152,165,157,145,149,145,158,155,146,149,149,153,172,139,178,161,155,148,162,144,150,152,156,141,154,157,147,139,163,150,157,147,157,130,125,151,143,151,166,147,165,153,139,140,154,145,148,149,154,151,135,128,154,152,144,155,154,161,134,153,147,142,153,144,148,144,153,134,164,155,163,144,142,160,162,128,153,139,149,139,139,156,163,140,135,168,152,158,156,158,141,148,145,163,143,174,150,149,143,157,145,160,146,142,135,125,144,158,140,176,138,150,156,149,131,174,138,148,153,152,154,143,157,137,164,142,144,156,140,144,163,135,154,158,147,154,165,147,137,141,144,130,164,154,125,151,133,144,148,143,152,144,149,148,142,153,140,119,147,144,140,163,147,135,152,148,141,156,139,147,150,160,149,163,153,142,158,142,167,142,157,153,144,144,137,137,155,157,160,145,155,143,138,154,151,139,174,175,151,155,135,154,168,172,148,162,148,146,155,164,162,146,139,155,148,170,143,159,164,152,140,157,143,147,138,170,150,147,152,144,161,137,145,151,156,142,151,141,151,164,144,145,164,140,138,166,148,143,153,137,148,164,155,170,151,166,143,157,149,169,163,149,148,153,152,157,146,163,152,151,134,129,183,134,155,152,139,169,149,158,160,148,144,169,149,143,142,153,148,145,151,153,141,170,151,147,165,145,151,155,155,139,160,151,169,155,159,154,137,154,137,149,163,155,164,147,145,154,150,137,150,150,144,140,149,141,171,154,142,151,159,158,139,133,145,148,162,133,133,143,146,131,140,136,141,140,143,162,137,146,158,134,146,177,153,167,146,145,155,134,152,143,130,158,147,157,152,154,152,136,144,150,123,151,171,158,157,150,143,151,165,151,140,151,133,143,139,161,154,138,160,167,144,150,138,157,153,141,159,156,171,170,141,146,148,155,142,142,136,148,150,137,158,135,159,140,150,163,161,148,137,152,151,138,146,157,143,153,146,142,142,140,153,166,158,139,163,134,148,156,155,151,146,165,160,152,163,133,148,167,159,154,143,136,163,148,150,144,152,152,150,158,168,127,133,138,168,144,160,143,134,168,158,149,144,145,138,152,148,172,166,149,158,163,146,162,150,145,153,135,150,138,142,145,151,141,141,147,159,151,176,150,140,140,154,152,151,151,149,164,157,159,150,142,166,152,140,158,150,146,160,148,152,142,158,145,157,159,146,153,150,144,125,157,146,150,145,141,142,141,135,150,143,159,161,144,152,154,143,167,143,154,150,155,158,145,162,142,161,156,137,145,152,161,156,159,156,149,136,159,161,155,154,160,139,152,147,159,161,150,149,141,144,141,140,134,150,162,136,147,140,156,122,161,144,147,132,143,149,158,154,145,167,147,164,147,148,166,153,137,132,148,166,138,145,132,157,152,158,136,136,154,150,144,137,132,159,150,154,145,142,150,129,172,139,141,157,150,141,164,134,144,151,149,153,156,159,136,139,130,147,141,146,147,163,160,155,156,146,147,162,141,150,155,160,152,146,152,142,169,139,146,153,149,158,148,161,152,160,143,148,150,143,147,145,157,141,150,147,150,166,146,162,156,157,135,149,133,145,144,155,154,166,172,143,135,150,137,130,138,167,153,146,139,159,175,149,152,141,168,165,148,142,156,150,147,134,151,154,146,147,161,136,150,147,148,162,161,158,158,151,133,162,152,145,142,128,136,160,155,164,135,149,150,148,155,161,159,150,138,152,150,150,146,148,148,146,144,137,152,170,140,145,152,147,159,161,138,135,152,157,164,128,157,144,155,144,157,158,151,149,164,145,144,132,134,169,172,145,160,137,138,146,158,163,147,142,148,156,163,153,126,153,139,161,156,137,141,151,140,150,153,146,138,133,163,151,146,155,143,149,144,147,150,159,138,165,123,149,154,142,157,160,154,139,141,145,153,153,156,169,157,154,155,150,127,148,160,172,164,157,146,142,147,147,163,140,169,145,154,151,142,157,143,172,129,153,146,148,149,154,163,133,144,158,147,129,140,166,155,132,148,152,128,152,139,147,148,162,158,153,160,150,145,151,162,133,159,136,154,151,141,135,155,164,132,151,158,153,158,146,143,147,167,161,139,162,145,154,175,137,146,153,167,137,136,148,146,152,153,126,149,150,152,147,136,148,162,141,131,155,150,149,147,152,162,133,151,157,137,154,165,138,148,131,154,162,162,163,157,159,156,140,146,171,148,143,165,149,145,153,140,141,149,160,161,144,143,164,154,140,145,160,172,158,175,138,122,151,149,156,149,149,154,159,146,139,149,161,149,147,140,144,127,145,153,139,151,160,145,158,156,157,138,142,154,163,155,152,166,134,166,159,136,146,153,151,140,142,124,159,163,172,149,136,136,163,166,147,150,147,170,154,144,146,159,150,153,150,149,139,158,159,173,158,147,163,141,143,138,143,143,131,137,149,137,153,139,136,138,147,150,154,141,150,138,169,149,140,167,153,129,159,143,159,162,148,152,157,152,157,154,148,156,140,144,159,157,150,154,133,147,151,164,143,132,147,156,148,140,155,162,153,176,143,145,156,150,134,151,145,148,148,162,159,154,144,161,154,150,151,152,153,148,159,152,144,139,146,159,141,155,155,136,160,167,149,133,154,150,153,150,148,149,153,160,155,155,143,144,149,143,132,157,135,149,136,155,159,160,156,147,133,136,163,145,128,152,126,149,158,141,135,148,134,133,162,158,151,151,147,152,150,144,154,158,154,141,142,141,153,137,155,160,151,173,151,154,149,160,154,159,148,148,157,146,151,152,144,148,149,151,164,157,150,151,159,154,150,165,145,136,151,144,138,155,163,136,152,156,163,151,164,148,143,148,147,156,134,139,164,138,131,144,153,151,156,136,126,129,165,157,162,151,174,126,165,132,121,136,153,152,168,141,161,140,126,148,145,142,159,152,150,154,156,136,135,148,142,173,148,151,148,153,135,158,135,143,154,134,159,153,135,118,157,149,160,152,156,157,151,133,141,155,145,147,136,142,140,161,136,158,158,154,134,161,136,148,129,171,143,148,137,149,151,153,149,138,152,173,149,149,153,136,147,156,154,129,155,164,151,143,139,153,150,143,147,148,156,151,143,146,160,140,145,163,146,143,153,136,135,158,141,167,128,148,159,158,155,138,155,137,165,151,164,150,146,153,165,148,144,159,150,138,131,161,147,131,154,144,149,148,146,143,146,152,163,135,160,141,158,135,144,129,162,147,138,134,158,151,149,151,162,159,154,156,152,145,156,147,138,161,168,168,139,153,161,149,143,165,138,149,155,150,153,153,172,133,148,149,144,164,156,162,152,161,147,151,156,146,151,158,168,154,154,169,161,147,165,142,157,150,137,144,150,160,136,150,158,152,167,151,139,175,155,149,141,147,149,162,140,145,153,132,146,147,149,170,152,158,137,141,145,140,158,150,150,154,154,152,149,139,147,160,135,168,148,149,153,141,142,155,156,141,148,152,148,138,165,135,136,153,135,137,142,159,155,172,130,146,145,147,142,145,150,153,160,144,159,150,148,123,157,146,134,144,158,155,167,154,134,155,151,136,161,154,152,146,152,136,124,169,146,161,115,155,149,137,164,177,169,154,165,145,144,141,142,172,130,150,163,163,139,148,149,161,150,151,154,156,157,139,127,163,161,152,130,138,146,146,147,168,155,153,154,157,136,162,156,146,143,141,165,142,141,134,155,132,153,151,162,155,138,158,158,142,145,145,150,141,135,123,138,149,147,149,173,136,160,148,144,153,152,144,150,164,144,159,151,140,169,137,144,160,144,147,150,155,165,149,132,159,152,136,158,153,136,150,152,159,168,166,128,166,140,140,157,141,135,148,150,153,155,137,148,133,128,155,163,148,150,156,167,172,157,157,130,150,154,165,134,146,147,151,163,127,146,162,159,135,144,139,168,156,142,153,139,154,154,138,142,144,135,156,154,171,148,145,147,140,134,143,135,152,151,150,169,158,158,145,158,139,140,142,140,146,138,146,136,169,169,154,164,140,169,142,148,146,149,136,137,158,149,167,154,134,163,160,149,149,142,147,167,155,134,136,155,131,164,148,153,162,145,148,154,158,146,157,150,160,147,143,157,157,144,144,164,151,143,135,151,146,142,148,138,142,131,151,167,160,147,150,160,149,147,160,145,154,150,151,155,170,156,145,137,164,154,162,157,150,158,156,136,146,156,136,149,134,159,146,159,136,154,143,166,165,162,160,157,147,139,158,155,144,153,150,136,140,161,163,169,163,158,151,140,142,137,133,151,138,162,161,158,148,158,145,161,157,147,154,161,141,130,144,156,148,165,148,130,142,166,150,163,174,147,157,147,146,137,171,158,131,150,133,135,140,145,137,153,148,159,144,146,168,138,155,134,141,142,143,143,163,143,132,170,150,141,141,138,137,140,163,142,149,148,149,146,146,154,143,146,162,141,150,139,138,152,146,152,142,156,138,149,144,155,145,164,144,144,142,145,158,156,150,151,159,151,161,163,160,160,149,150,157,144,143,132,153,146,164,152,138,138,139,154,144,138,157,158,146,146,134,135,152,136,160,160,133,142,155,147,149,147,141,146,166,150,155,156,159,147,147,141,134,156,149,147,157,142,148,150,151,152,156,136,133,142,175,154,142,132,143,135,156,157,158,149,152,152,147,157,151,136,144,164,141,138,134,157,153,152,153,138,142,145,156,145,158,140,155,162,166,165,145,150,143,153,143,147,155,142,137,141,165,146,133,136,128,142,150,158,144,142,162,157,145,134,129,144,132,147,168,164,156,143,140,154,150,140,162,128,151,139,162,161,135,139,138,147,135,148,140,138,156,154,142,152,154,150,148,154,141,155,144,140,150,156,148,158,145,150,157,142,148,148,154,142,139,135,162,146,149,165,137,124,158,159,140,151,165,160,157,152,145,154,153,147,144,156,155,153,148,150,168,140,150,137,150,146,130,146,128,149,147,142,151,144,137,141,155,156,162,147,149,150,139,162,149,161,150,151,178,156,162,154,152,158,147,116,132,156,132,163,153,159,154,161,142,130,153,172,160,153,145,146,151,146,148,151,158,154,140,159,161,144,140,131,156,128,141,151,158,156,139,158,155,165,130,148,152,150,156,158,151,164,134,179,155,136,145,156,141,145,137,161,149,151,163,170,166,156,139,168,169,149,153,159,139,147,156,136,136,144,154,145,153,140,154,159,162,139,127,132,157,146,137,161,155,148,152,139,149,151,131,176,162,138,141,138,153,159,149,153,145,136,145,174,145,163,143,153,158,157,155,123,160,160,170,154,144,139,148,132,177,142,155,151,152,162,157,140,140,154,146,148,144,160,140,155,168,139,152,154,157,162,158,172,133,148,143,160,149,146,145,139,143,151,166,149,162,140,159,146,162,150,152,144,143,153,132,155,146,159,146,176,150,163,143,163,148,169,169,168,136,135,131,149,149,152,159,152,149,167,134,140,161,129,135,131,150,157,159,142,133,133,138,169,149,166,145,147,144,147,143,150,150,145,145,139,150,146,173,140,167,155,144,162,142,147,142,144,159,160,148,131,142,131,135,158,139,145,149,131,135,152,135,142,154,162,159,144,153,147,157,162,139,146,143,145,150,148,147,136,161,146,138,179,168,145,137,137,144,146,136,134,134,148,162,163,146,132,153,154,151,161,130,156,127,132,155,157,145,148,157,138,151,140,152,155,143,153,156,151,155,152,146,163,148,159,142,159,134,151,146,151,146,151,148,161,140,152,140,137,153,155,156,151,147,122,146,160,157,150,146,147,139,151,155,142,154,152,156,147,156,144,157,152,170,152,148,154,172,157,157,155,139,154,144,149,134,154,160,156,161,163,144,154,154,143,155,152,142,165,158,163,151,152,154,159,140,166,148,145,144,141,147,163,162,154,154,158,141,148,144,152,175,151,144,150,157,147,136,143,155,165,147,167,146,148,148,156,152,144,159,160,161,155,138,148,167,172,153,146,152,155,141,152,149,136,142,149,164,146,142,145,145,153,157,155,145,170,149,150,147,148,157,152,140,141,153,138,141,152,144,147,155,140,137,142,144,154,150,163,135,162,163,155,145,148,154,135,134,146,156,145,146,146,158,159,157,135,143,162,143,135,140,144,130,143,162,155,142,151,131,145,131,153,156,151,156,153,142,142,163,164,140,142,123,138,146,135,137,149,155,135,152,160,161,143,140,144,150,150,147,155,166,133,142,157,135,164,145,154,154,143,148,135,162,153,149,163,138,140,134,159,150,164,149,141,146,151,144,144,135,140,147,148,132,145,141,165,154,140,159,150,172,162,151,171,158,140,158,131,122,154,145,139,133,154,136,149,155,138,150,145,165,159,152,133,142,142,145,136,157,139,149,153,149,149,146,136,130,147,148,146,152,160
139,181,140,146,163,153,140,156,138,162,162,153,146,164,164,121,154,158,144,143,150,140,149,150,164,168,171,138,168,135,151,161,153,141,158,160,131,148,165,156,146,156,155,142,151,166,148,158,139,152,171,152,144,131,153,155,147,140,156,150,153,148,165,150,156,154,144,167,154,151,137,136,136,159,143,132,152,136,161,158,147,154,150,147,146,152,143,157,166,148,138,146,163,137,134,152,159,156,139,143,156,131,163,145,171,156,139,150,139,160,164,152,167,132,161,141,157,175,137,130,149,142,155,140,143,151,142,149,150,155,164,158,177,150,156,153,129,159,144,167,153,168,145,166,144,154,146,154,151,148,141,157,138,158,158,141,160,140,162,155,152,137,165,158,141,149,146,133,151,153,142,136,153,161,132,131,129,163,163,157,148,147,136,146,146,153,160,167,151,133,150,150,150,143,173,149,156,158,153,153,144,146,161,132,139,138,144,147,176,153,157,172,159,182,146,140,151,151,153,147,140,150,134,171,140,153,155,161,136,162,153,148,146,157,130,148,154,147,151,163,141,170,151,148,149,143,143,147,148,150,150,138,154,151,134,155,149,143,152,163,141,152,171,138,140,156,133,148,147,143,154,150,159,151,160,135,165,150,171,135,154,168,136,153,158,166,171,160,152,152,129,150,152,150,150,150,158,149,152,152,167,137,149,150,144,160,140,143,151,137,143,152,157,150,158,149,140,156,152,156,153,155,153,162,161,140,137,137,147,139,132,153,153,161,155,150,176,156,167,140,148,145,139,157,161,154,160,136,152,154,127,153,166,156,152,134,152,153,149,139,119,138,149,152,147,143,145,150,152,140,154,154,149,152,142,153,143,147,150,158,157,153,140,161,151,157,147,151,136,150,158,149,172,139,149,152,150,141,156,148,155,154,169,156,129,142,149,157,151,160,146,151,143,157,139,168,136,144,138,146,158,154,164,155,151,141,161,147,149,143,164,144,152,147,137,139,151,143,150,154,140,159,154,147,156,148,150,150,169,138,148,154,139,159,162,145,155,160,162,147,150,132,134,151,159,151,166,144,149,164,140,151,162,134,148,150,149,144,144,143,155,136,151,146,154,147,148,131,146,150,170,155,154,157,155,141,149,141,145,146,164,148,157,155,160,153,148,149,168,157,148,137,154,134,138,142,153,146,132,149,142,147,161,160,153,156,151,159,154,147,135,151,151,149,137,142,157,144,137,143,148,152,162,126,157,149,162,156,132,152,155,158,162,151,145,136,150,142,162,160,156,144,135,154,163,144,153,156,143,159,149,150,152,136,161,139,134,146,130,159,153,165,156,145,148,149,133,154,156,158,142,154,139,141,137,144,147,154,154,167,142,168,145,147,150,139,147,169,147,128,154,156,153,158,135,157,137,167,160,141,164,142,130,154,141,155,145,135,163,165,133,163,146,139,136,149,157,151,159,175,141,131,138,144,157,148,140,158,163,138,126,153,140,166,146,168,132,164,176,143,169,132,145,158,153,153,141,150,134,164,147,149,142,136,133,155,122,165,148,134,151,152,155,151,162,147,148,153,133,132,150,157,163,151,141,144,138,136,133,125,151,142,168,154,146,139,154,140,142,143,153,159,134,154,167,160,134,140,154,142,155,163,152,127,149,156,152,154,148,177,133,140,152,142,153,153,154,133,180,143,156,162,148,163,135,148,140,145,145,148,147,135,163,133,149,144,143,146,150,159,158,166,146,150,131,153,151,159,138,146,154,146,162,147,149,165,158,140,146,165,159,143,168,138,155,149,154,151,140,140,158,151,140,159,167,161,118,152,146,142,142,159,167,158,143,137,163,148,148,139,145,164,131,162,155,158,170,133,134,148,145,148,144,151,139,152,145,138,151,147,136,141,145,167,142,168,153,150,135,148,155,151,127,138,146,141,153,135,128,150,146,138,171,163,161,146,125,140,156,160,141,147,142,140,158,144,148,145,126,144,154,149,163,156,161,164,155,164,150,143,149,137,165,151,157,162,133,156,157,157,152,151,150,161,148,162,155,146,145,146,149,154,149,142,141,151,166,157,157,168,139,132,141,152,142,155,139,135,155,135,154,152,134,151,155,148,153,143,147,135,137,147,150,148,134,158,164,149,146,135,153,161,150,128,147,143,156,147,145,137,129,166,130,160,164,153,143,156,174,165,152,162,143,137,154,146,146,132,146,149,155,143,146,133,142,168,137,161,141,177,151,143,155,149,146,163,156,144,163,149,131,151,148,142,145,165,153,137,159,148,162,133,151,148,147,163,149,148,147,152,133,146,150,162,140,154,160,144,153,148,141,152,156,162,149,157,153,148,160,145,158,152,148,145,158,152,150,157,156,135,165,132,153,149,157,153,143,146,163,148,145,138,143,147,164,142,165,143,163,145,135,145,168,125,144,142,147,165,152,139,144,145,139,153,153,138,138,147,167,150,137,146,158,155,143,138,159,162,160,140,150,155,153,145,140,169,136,150,148,156,150,160,155,141,137,153,137,145,148,155,156,161,139,158,157,155,152,136,138,173,142,137,154,135,151,146,143,142,137,145,141,142,151,169,147,152,143,127,164,153,142,159,147,153,148,139,129,155,142,151,157,145,155,152,148,155,140,144,161,154,155,151,149,136,155,135,143,152,154,162,135,166,157,160,150,162,146,151,150,156,137,135,139,158,184,137,150,163,155,143,177,138,151,146,145,160,137,140,149,144,146,127,144,172,152,147,169,156,143,127,156,141,136,172,164,151,143,165,155,152,155,137,153,140,133,154,159,152,155,151,138,141,144,157,158,143,155,166,149,139,154,169,141,153,143,148,157,133,147,166,150,154,151,159,158,163,134,154,141,148,161,141,155,159,143,147,141,144,146,134,145,148,152,155,146,159,145,150,139,143,153,135,137,125,164,169,155,164,161,156,142,150,140,157,146,156,166,145,140,148,143,150,146,148,148,142,164,160,150,151,137,156,162,144,154,132,139,154,160,160,153,143,131,146,166,149,152,147,147,156,159,162,150,148,145,156,152,139,153,140,146,143,149,160,157,159,141,155,161,148,163,135,119,173,147,147,158,136,152,148,160,138,151,151,166,164,148,154,153,151,152,150,147,156,164,168,152,165,152,145,158,150,145,141,150,165,141,157,138,135,142,149,157,137,149,150,147,164,175,149,138,137,157,137,160,148,136,163,163,137,152,145,149,162,148,147,168,155,163,145,160,155,134,153,153,142,155,147,156,151,166,151,158,161,157,126,155,128,144,152,146,135,144,162,150,145,149,142,139,141,169,133,155,139,166,143,148,139,131,150,162,137,149,152,131,139,157,167,143,155,127,147,158,159,141,133,146,154,155,166,146,156,153,170,140,177,150,143,145,150,157,161,131,141,138,149,155,142,139,150,139,141,149,138,151,132,149,154,143,151,147,143,155,171,143,161,160,158,160,162,155,136,153,144,149,155,156,159,147,148,142,168,160,154,157,150,143,142,154,148,148,151,146,152,148,163,139,144,157,137,149,152,142,145,151,140,142,170,156,147,143,159,149,157,155,155,151,161,149,145,162,150,137,141,148,156,142,126,151,157,141,151,146,143,141,153,156,152,148,151,153,172,151,161,151,152,144,150,158,136,151,145,159,149,158,144,135,167,132,131,162,142,139,139,154,164,145,148,154,141,146,149,150,150,140,168,161,132,149,155,161,149,161,143,161,136,166,144,155,144,145,133,148,172,155,134,153,137,151,146,153,150,138,129,163,144,149,154,161,146,135,135,169,137,137,155,172,144,161,137,126,170,143,150,152,153,158,150,146,143,145,136,145,134,163,130,142,135,153,146,148,164,165,162,163,149,144,157,151,159,146,148,157,161,150,162,162,142,145,147,153,149,155,141,141,156,147,142,139,158,148,144,155,149,146,139,153,168,142,140,141,138,150,167,144,135,151,145,151,133,174,146,138,152,152,149,156,160,148,158,150,163,141,142,124,122,160,139,148,152,147,158,160,148,147,152,176,160,157,127,172,139,127,143,140,150,133,150,141,149,146,166,151,140,146,161,148,155,138,137,141,148,163,142,147,140,162,132,143,145,152,141,148,147,183,149,143,153,144,151,121,156,131,135,160,155,161,134,139,164,152,136,152,146,147,173,137,154,155,141,158,152,156,158,153,142,141,144,147,160,138,157,170,138,136,139,159,147,171,143,155,152,155,141,139,145,152,143,138,150,175,160,149,156,166,152,168,144,151,137,145,151,160,156,157,134,149,150,157,143,156,134,133,150,174,169,157,164,143,147,153,135,170,160,139,146,146,138,157,155,161,125,158,120,150,154,141,145,135,156,137,147,165,159,158,160,165,153,143,140,154,139,157,151,156,150,159,147,141,162,153,127,139,128,157,143,161,163,140,147,147,152,148,144,144,152,143,150,148,142,144,165,148,146,158,152,145,145,139,149,152,157,155,139,137,146,135,148,156,158,151,154,157,157,159,141,150,141,152,137,167,132,144,153,134,146,131,152,140,155,165,164,153,170,151,157,169,162,162,153,138,165,162,154,155,144,160,136,156,160,134,156,125,134,151,151,153,148,156,145,157,156,150,158,138,142,160,145,159,147,147,141,167,142,143,164,147,163,155,133,160,162,158,144,152,158,143,151,154,134,161,152,146,160,138,141,150,151,159,149,157,129,157,159,149,130,140,163,169,149,149,166,148,160,159,155,154,142,140,159,142,130,145,143,162,155,136,159,134,152,155,154,147,154,142,172,142,137,142,164,153,149,165,165,143,142,159,151,145,154,133,167,144,170,140,145,170,151,137,150,140,147,153,157,149,138,159,143,158,161,153,140,154,137,133,149,131,142,151,160,127,167,135,163,155,139,160,150,144,142,159,141,158,148,138,152,140,149,160,159,142,152,163,150,143,136,144,156,144,132,149,159,151,149,145,156,146,162,140,143,150,156,165,164,142,136,169,132,151,137,164,146,127,157,150,161,159,160,138,152,149,144,155,142,146,163,157,154,155,163,160,141,155,148,162,150,168,155,156,152,155,143,154,152,140,155,146,151,148,155,158,162,138,155,143,154,146,143,159,149,151,154,164,134,151,160,164,150,145,150,136,157,161,152,138,163,158,142,151,144,139,162,141,133,145,157,139,154,137,146,145,140,151,158,150,162,148,157,154,156,140,169,164,142,135,150,141,157,144,155,163,143,151,134,153,155,150,160,161,172,149,170,157,135,154,137,139,136,146,140,150,133,147,164,143,155,159,149,161,138,144,141,152,129,133,162,129,150,170,154,162,144,151,146,113,159,142,146,157,153,159,148,169,144,174,172,135,153,161,131,149,161,130,150,156,161,136,142,149,155,155,146,167,151,155,140,140,152,148,151,139,152,150,145,162,152,161,167,151,172,139,141,156,147,149,143,159,131,136,135,151,151,150,138,164,149,140,142,148,155,147,149,147,150,150,158,152,150,153,155,137,162,151,155,160,142,154,145,171,157,156,139,154,162,176,142,135,145,150,169,157,163,161,138,156,139,150,151,163,144,151,158,140,173,152,131,144,155,147,137,156,136,148,148,159,161,163,154,168,155,147,161,126,150,159,161,157,138,151,147,152,129,149,134,158,164,149,144,147,130,171,142,138,137,156,138,138,136,150,145,152,158,131,146,149,148,155,155,154,157,160,169,138,150,149,155,150,150,138,149,152,132,150,170,154,155,151,146,165,153,143,154,149,157,141,159,148,142,146,144,152,152,129,156,142,152,154,155,144,132,131,153,159,142,149,139,142,165,154,147,151,146,152,140,153,160,147,152,166,145,162,160,136,153,135,153,142,131,154,153,162,140,156,147,146,160,167,141,152,146,150,176,146,138,150,156,159,152,153,138,129,139,147,147,149,133,149,139,131,143,157,154,144,129,166,144,151,141,146,153,160,136,156,152,145,165,173,164,160,143,149,153,153,127,162,154,158,144,143,145,139,155,151,152,149,146,152,171,134,162,147,154,150,153,168,149,163,148,130,159,146,155,158,139,160,166,152,137,153,152,159,137,157,147,141,156,148,141,147,148,143,130,157,155,140,160,136,156,149,160,161,151,145,152,147,160,155,137,151,150,143,142,145,138,156,159,140,143,138,147,136,148,140,145,144,158,145,168,143,157,145,135,149,162,145,155,157,163,154,143,140,155,163,144,169,151,150,139,141,141,129,150,164,138,167,163,160,144,148,154,137,146,184,141,164,117,138,147,145,152,126,136,144,131,157,166,152,154,166,180,148,152,145,150,165,154,150,140,172,154,154,138,151,149,147,151,141,132,133,162,176,155,155,124,140,164,155,149,153,148,167,148,158,140,156,148,146,148,142,156,154,143,152,149,152,149,150,150,147,140,158,148,137,155,156,157,145,150,149,170,149,157,171,147,134,152,152,155,150,141,151,135,146,155,145,144,126,151,147,139,152,126,149,141,150,154,157,141,146,154,171,135,132,149,157,156,148,156,163,161,158,151,154,136,169,132,151,163,148,137,155,153,157,154,154,145,137,152,133,150,156,146,139,135,156,153,153,153,131,138,151,155,165,147,162,141,158,155,156,157,154,143,171,159,143,143,167,152,144,163,152,144,130,129,120,137,145,146,160,161,142,148,161,143,154,142,163,163,158,149,145,154,152,167,144,137,145,169,151,153,129,142,148,166,157,141,145,155,145,147,146,163,168,142,153,120,140,151,157,140,153,140,163,164,146,156,137,157,153,134,143,155,138,158,156,144,152,144,144,129,146,142,138,145,139,144,147,157,137,138,137,150,140,161,149,150,164,153,142,148,142,152,162,151,160,151,154,136,153,163,158,146,154,148,161,148,150,147,150,144,148,147,158,151,139,152,140,157,139,143,134,146,153,140,147,160,162,146,160,151,144,133,156,138,151,138,148,137,150,161,145,138,155,153,144,141,157,144,148,167,160,139,161,151,158,144,166,155,133,141,145,159,160,159,169,152,147,132,146,144,165,168,148,151,146,156,134,140,162,140,163,171,131,151,139,150,138,162,154,155,151,139,139,147,142,140,149,148,144,146,139,153,146,129,156,155,150,137,147,163,133,149,140,155,153,165,152,142,133,125,155,154,147,143,142,167,131,160,167,144,156,136,146,159,132,156,173,146,147,145,145,134,155,151,173,141,147,160,159,158,154,153,133,143,172,149,140,149,162,167,155,140,165,151,147,140,135,156,148,180,156,151,142,135,163,153,140,149,142,135,159,140,141,161,162,157,144,158,137,141,157,144,157,136,151,146,147,171,146,162,156,166,149,131,140,157,144,135,157,161,140,130,143,145,150,140,141,149,148,144,139,138,150,140,150,130,148,125,150,159,127,159,149,151,143,132,137,141,158,159,157,160,150,146,143,151,141,165,152,155,163,139,144,142,151,155,155,169,151,155,133,122,142,162,141,156,150,134,160,148,166,146,137,142,143,152,154,142,143,143,134,152,150,153,150,154,146,159,150,153,152,136,145,164,152,144,127,169,149,130,150,141,155,136,171,163,143,154,158,156,151,149,154,148,144,155,153,128,147,156,151,144,157,154,151,144,166,169,138,167,166,166,163,155,140,150,163,147,129,162,165,149,163,138,134,142,141,148,149,160,132,141,155,148,147,157,138,138,164,125,145,141,153,158,150,145,141,153,170,171,142,149,155,155,134,155,153,134,156,149,174,149,143,152,167,138,169,122,142,157,163,140,158,128,163,151,156,154,130,137,157,154,145,154,146,156,158,180,139,136,151,138,169,140,151,146,161,139,150,138,148,165,146,142,152,138,148,134,153,138,144,162,161,155,175,158,157,165,141,130,141,161,150,153,156,137,148,166,148,137,137,138,141,148,160,158,147,139,157,149,150,159,142,147,151,158,142,157,149,153,160,133,132,162,143,165,146,155,142,155,135,144,144,140,131,154,154,159,164,144,161,135,136,152,151,148,159,143,130,150,141,156,174,162,140,167,148,148,148,132,126,166,148,145,164,140,147,153,159,140,169,136,148,157,162,165,151,165,163,152,149,145,159,150,155,151,135,148,146,170,147,159,157,154,135,136,154,146,158,157,167,152,150,157,142,161,140,150,133,151,135,149,153,160,149,134,148,160,149,143,156,142,156,150,157,167,143,148,145,144,155,153,150,144,149,166,175,159,149,136,165,140,144,141,148,149,143,157,145,145,151,155,154,159,169,145,156,159,142,136,142,153,140,152,150,167,141,130,164,153,153,140,147,136,145,141,150,148,156,153,158,159,153,138,147,153,155,146,139,163,156,150,166,150,161,163,143,132,155,137,157,143,147,138,159,141,157,154,139,151,149,166,136,161,154,142,134,145,154,150,163,136,158,148,147,149,160,144,168,148,141,151,147,159,135,142,151,137,143,160,152,151,157,134,133,150,139,149,149,152,133,155,143,169,144,143,161,156,168,159,148,158,154,155,154,161,151,164,151,145,167,149,145,139,170,151,139,148,133,166,162,146,159,138,155,148,137,145,153,151,152,164,155,164,150,169,156,148,158,136,155,149,142,147,150,162,164,146,147,159,141,161,130,144,143,137,161,153,133,149,167,143,160,144,163,134,141,140,138,161,153,154,144,141,150,148,159,154,146,153,150,149,148,163,138,156,143,144,151,150,153,136,146,157,129,159,147,152,146,144,165,162,145,157,161,152,153,151,156,153,146,151,138,138,137,163,150,151,153,145,143,158,145,161,139,146,135,156,142,145,159,160,118,148,149,156,133,157,157,149,156,151,151,154,166,134,160,126,168,162,153,170,165,138,156,145,157,153,145,164,163,163,127,139,136,143,152,136,156,143,151,145,150,162,147,155,156,147,138,144,126,148,146,160,145,150,140,165,134,155,131,162,169,139,132,136,156,164,155,143,146,151,157,148,168,146,154,152,154,141,138,159,165,153,152,134,151,142,139,150,147,159,161,139,154,143,140,138,147,146,145,166,142,140,165,157,135,155,156,139,151,149,155,151,169,151,156,151,167,154,153,145,139,143,138,142,153,139,141,149,134,143,163,137,154,149,143,144,135,150,145,147,167,135,142,146,152,159,145,155,157,156,144,167,145,159,150,135,145,152,168,166,150,151,134,160,151,157,147,159,168,151,139,139,141,152,147,152,150,146,154,176,144,150,140,128,156,136,143,150,150,157,162,156,157,149,142,159,161,143,119,163,134,143,140,127,135,153,153,135,158,155,150,153,129,161,147,166,147,145,154,141,142,153,163,153,147,153,159,144,139,148,149,159,156,144,159,146,145,175,147,151,139,151,143,153,152,153,164,143,151,153,140,155,146,139,146,147,148,138,132,137,155,160,169,145,139,152,122,151,155,155,153,140,154,147,152,149,143,138,176,125,152,150,157,156,152,179,127,143,163,151,132,143,140,159,146,133,143,148,162,142,151,154,163,162,146,136,149,154,142,161,147,148,155,153,157,156,150,169,155,146,151,142,147,146,153,147,148,166,161,145,150,145,165,144,152,138,144,139,147,132,152,167,154,145,134,151,137,135,147,159,139,164,138,153,155,171,152,143,146,144,148,150,153,165,160,151,142,148,136,155,151,149,135,155,158,146,148,146,145,139,166,148,146,167,173,156,150,154,150,149,139,151,122,150,150,155,139,155,163,153,150,145,161,154,151,149,151,157,153,145,145,160,171,162,139,149,148,163,158,151,159,160,157,146,137,138,155,131,147,152,138,165,142,148,157,146,140,174,131,156,163,162,153,145,147,168,139,149,137,138,144,135,141,143,149,154,155,156,139,144,157,151,163,140,135,149,163,139,145,133,147,154,143,158,154,147,154,153,167,159,152,154,152,152,169,156,150,133,161,146,147,156,144,146,139,148,148,151,133,157,145,155,161,150,153,146,158,152,168,153,149,153,166,141,167,156,168,139,154,133,142,146,160,139,170,158,144,142,161,146,145,164,142,151,145,148,137,159,137,141,149,139,130,161,152,159,150,150,131,165,151,157,155,142,153,142,162,165,147,134,140,160,156,147,160,145,154,150,144,133,137,139,131,141,142,140,144,159,171,150,132,140,149,146,160,150,143,147,164,158,145,147,149,151,150,157,167,138,144,148,149,146,158,141,145,149,144,154,149,134,157,140,156,150,144,166,131,159,158,162,151,141,163,163,148,151,142,148,154,145,142,144,142,145,165,140,149,151,142,154,157,150,159,149,152,144,152,143,140,138,158,158,158,137,134,159,152,148,140,164,134,129,167,150,144,150,156,165,157,166,153,147,157,143,149,146,163,156,153,160,157,135,153,166,142,136,170,158,146,133,150,139,134,136,173,158,152,133,137,153,131,163,122,144,158,153,147,147,144,144,151,171,141,181,130,157,155,140,147,150,146,151,145,132,170,151,157,133,147,154,164,151,159,156,143,142,155,137,165,144,145,164,155,148,162,139,138,138,147,138,139,160,139,169,150,155,140,158,137,155,136,160,174,152,147,146,183,149,149,154,148,158,141,140,136,156,152,146,145,152,151,156,147,158,145,150,143,142,154,156,140,149,167,152,170,145,139,159,131,140,139,163,164,148,160,154,153,157,160,152,153,153,156,157,143,135,147,139,155,152,153,141,170,147,169,151,137,142,179,139,131,150,146,141,154,148,159,152,158,140,137,153,162,143,154,159,148,144,143,153,157,156,156,151,141,139,156,168,150,147,156,149,128,154,151,141,141,143,186,151,148,152,150,129,147,164,144,147,145,160,153,144,134,150,164,143,152,170,159,136,158,137,165,148,160,154,163,137,143,157,154,156,141,152,168,153,129,149,141,138,144,158,134,145,150,140,151,146,136,146,166,145,142,153,161,145,150,139,135,165,141,151,170,168,173,161,145,153,151,146,155,154,147,149,153,150,148,137,158,137,153,139,150,158,138,159,151,149,133,130,142,152,149,146,137,152,145,161,156,141,157,133,154,158,160,148,149,145,149,150,143,132,147,163,141,161,149,144,170,146,162,131,165,140,151,156,143,150,132,163,151,162,128,149,147,157,147,146,134,140,153,155,153,153,160,149,144,147,144,161,147,161,135,162,157,125,152,151,148,146,148,167,160,151,143,143,152,162,150,143,138,156,147,156,138,149,149,142,161,156,159,141,158,161,152,158,150,159,150,145,152,149,143,157,148,133,139,156,162,166,138,154,155,147,142,142,151,155,155,157,153,128,146,143,164,166,151,151,163,139,141,139,154,157,158,162,136,145,144,140,153,152,172,136,147,149,147,161,166,140,149,179,158,157,156,158,156,146,159,143,156,148,153,142,159,150,148,134,150,153,128,155,153,146,143,157,149,150,139,138,150,133,155,138,167,147,164,142,162,140,134,146,148,155,145,140,135,131,151,140,144,152,160,142,160,158,168,174,148,150,150,150,162,137,155,147,154,147,149,152,152,154,145,149,151,147,159,151,131,131,141,157,145,147,158,156,157,162,162,148,175,161,148,146,154,153,138,138,162,132,145,146,154,160,146,135,133,153,160,141,148,162,154,132,135,149,153,162,159,156,135,147,130,163,145,163,158,144,154,147,158,138,156,163,163,156,139,156,149,137,152,142,149,132,156,150,145,149,159,154,148,145,150,152,146,145,147,148,156,156,138,157,156,147,141,158,153,139,146,142,168,159,147,171,154,163,156,156,145,133,151,145,157,147,139,154,148,143,157,150,170,162,170,176,148,147,150,154,156,149,163,137,155,163,144,154,133,174,133,150,149,164,149,145,145,141,171,160,146,140,153,162,165,136,147,146,145,149,146,160,155,148,145,147,141,141,142,145,149,154,137,155,166,162,146,140,133,175,147,159,150,144,159,161,157,152,154,160,136,156,144,153,146,145,126,143,147,156,159,149,138,150,146,155,140,178,134,156,144,152,150,152,132,152,151,140,149,152,143,149,142,156,150,147,151,159,171,135,137,149,134,147,133,149,144,157,157,161,171,160,160,151,138,158,151,150,159,165,143,162,147,135,155,153,129,163,159,150,144,153,147,165,159,159,149,152,132,160,164,147,153,150,155,135,146,155,180,135,146,153,129,144,154,154,159,150,154,169,141,137,148,153,163,153,151,150,143,157,155,161,146,145,139,157,138,137,154,146,140,162,130,156,156,137,148,146,156,160,155,146,156,133,177,152,161,161,154,149,160,150,143,161,159,142,146,144,159,157,156,152,143,137,142,162,149,150,134,151,148,156,152,154,152,138,155,152,159,146,133,142,160,149,152,139,153,152,168,127,154,136,151,159,144,142,139,174,158,153,153,137,158,138,148,148,157,151,144,156,157,145,161,161,156,163,142,140,160,153,160,149,153,154,129,142,158,162,160,153,134,162,141,164,167,153,154,152,164,142,147,140,146,140,141,159,148,142,147,167,154,190,148,144,159,142,142,166,146,149,150,149,146,138,134,165,156,139,141,140,148,153,156,155,138,145,151,180,146,158,160,156,143,147,151,157,147,147,158,129,139,154,134,176,150,148,139,144,150,150,140,151,154,140,135,152,148,140,129,150,143,151,143,159,148,161,135,147,137,146,146,148,143,173,166,134,157,143,136,157,141,134,158,139,143,166,162,152,156,139,152,154,145,143,138,148,142,161,146,152,150,124,141,169,157,156,158,161,118,138,162,159,155,154,127,161,162,131,149,143,139,155,137,142,146,161,143,142,158,154,139,156,161,151,151,156,150,133,141,151,154,159,139,154,147,161,168,146,164,140,152,138,152,142,176,164,142,161,144,125,155,142,146,150,153,160,157,167,140,149,161,137,140,160,147,165,156,150,153,156,153,143,137,151,148,148,155,151,129,149,163,157,153,137,148,169,162,146,154,144,160,163,139,159,144,139,140,151,156,147,144,162,160,149,143,126,151,144,158,157,145,152,146,144,150,158,149,161,151,155,162,141,134,173,149,149,154,141,154,167,138,162,142,159,158,139,150,155,162,139,160,165,166,149,138,132,157,141,150,126,146,151,143,153,147,167,134,150,146,143,165,159,150,165,153,136,139,131,147,138,139,132,140,137,163,141,166,139,149,155,159,135,143,141,169,150,142,137,159,135,167,136,167,155,155,159,143,145,169,142,139,152,162,139,156,160,140,138,136,139,155,141,153,142,168,146,150,143,160,160,153,147,138,143,157,157,155,154,156,174,148,149,141,165,151,140,132,155,158,160,165,167,146,154,140,155,176,137,168,145,143,141,146,142,147,150,164,143,173,143,135,149,156,140,166,135,135,138,137,144,148,157,160,153,138,150,158,155,165,147,128,176,154,152,143,165,150,143,130,151,147,159,155,157,139,152,144,145,152,147,141,162,140,155,154,144,148,146,145,142,155,177,150,162,146,138,150,155,152,149,151,151,155,146,156,127,169,140,163,138,150,151,159,155,165,152,161,148,144,159,161,168,153,146,131,146,160,150,155,131,152,156,132,147,132,168,161,147,168,145,134,129,155,144,163,148,163,150,163,140,153,165,151,159,126,146,165,138,138,144,147,141,160,132,176,144,189,162,151,122,151,152,146,142,160,145,130,145,119,151,127,160,148,142,149,146,144,147,139,145,144,165,152,150,138,147,151,141,154,150,164,137,145,133,157,133,148,142,169,146,149,151,138,144,152,150,160,146,152,147,153,173,149,159,167,141,149,149,164,154,162,146,155,150,155,162,158,147,145,163,142,153,132,131,158,127,150,147,158,148,149,154,146,146,140,148,169,145,154,126,142,164,155,153,147,154,151,148,144,137,173,159,135,151,141,140,159,162,149,153,148,134,147,147,169,141,143,151,136,145,145,155,149,141,160,155,137,136,146,136,142,126,134,142,143,132,144,133,139,145,153,149,164,153,136,159,160,164,150,138,155,147,148,147,151,160,157,149,133,152,151,139,154,140,153,153,158,156,142,144,156,167,145,150,168,158,158,145,158,151,147,152,134,152,152,156,129,144,141,152,157,152,145,144,164,154,135,133,161,154,160,118,160,147,150,142,138,147,162,165,149,142,159,148,143,168,165,154,141,154,160,125,142,146,155,154,151,167,154,151,166,153,151,146,162,160,144,161,146,150,158,152,159,152,147,164,146,154,145,139,155,145,134,143,150,148,143,153,162,157,156,164,143,152,159,145,141,155,161,150,157,163,156,158,138,150,154,150,167,156,153,151,145,158,161,152,154,151,129,142,150,162,176,139,148,149,151,172,142,157,142,126,146,142,149,156,145,175,160,161,151,155,136,159,160,142,133,150,147,119,151,151,146,143,173,136,138,172,159,154,145,151,158,145,162,150,147,140,151,136,148,137,161,148,169,156,136,150,157,144,153,151,152,153,151,152,141,148,143,152,163,150,164,173,160,132,139,151,128,152,137,147,153,130,154,154,166,153,151,130,144,134,148,164,150,142,172,150,140,158,161,140,145,148,148,143,150,149,157,144,142,159,151,150,146,135,145,145,155,175,148,146,139,162,152,163,143,138,131,148,154,138,150,145,162,163,148,151,156,151,140,152,145,149,141,161,159,141,154,139,148,158,131,132,152,151,144,163,156,150,156,156,125,159,166,147,151,166,146,159,153,173,144,150,144,145,140,150,158,153,137,160,157,143,154,159,152,165,133,155,138,159,145,162,133,133,148,164,149,140,136,142,140,148,153,147,145,157,129,149,147,142,142,144,145,158,149,147,162,151,143,139,145,150,136,146,140,157,141,166,141,149,129,156,146,154,142,142,142,148,144,155,133,154,170,126,164,146,151,166,150,138,141,147,141,152,168,153,170,128,164,158,133,159,136,155,144,142,147,150,153,146,146,170,147,147,146,151,168,142,157,158,155,170,145,143,152,167,160,170,133,147,124,142,130,151,153,150,159,162,163,138,154,154,163,145,146,165,155,157,147,145,150,148,144,158,152,133,133,132,123,146,152,155,148,149,157,147,127,158,172,171,132,156,145,151,138,171,148,137,143,140,147,149,166,159,149,130,158,148,145,139,123,144,135,149,159,168,143,136,155,139,151,141,139,146,151,152,154,135,156,154,163,153,154,157,143,171,141,150,152,155,162,138,167,160,168,157,169,161,156,140,167,154,139,145,148,161,138,150,141,142,166,144,135,147,141,157,152,139,151,149,160,140,141,169,150,157,131,167,149,141,137,169,144,152,145,153,129,152,144,159,163,139,156,148,126,145,152,157,131,157,140,157,149,147,150,159,140,152,156,143,122,153,145,138,142,146,148,157,153,150,157,147,130,162,148,158,166,150,138,154,154,137,138,164,151,158,135,169,156,154,149,145,141,153,158,140,166,138,141,145,145,139,155,159,144,143,149,136,150,171,157,157,137,165,155,164,144,152,132,150,138,157,153,155,136,159,154,151,148,164,160,150,150,151,145,134,141,168,157,150,139,162,163,141,148,152,135,138,134,156,147,132,153,160,169,148,153,165,132,143,156,157,159,155,142,159,149,142,147,148,147,134,153,151,132,148,161,136,149,144,152,155,146,149,130,135,146,153,141,153,139,153,162,144,165,155,141,137,151,132,151,144,142,169,155,146,160,148,149,157,142,158,148,154,149,154,142,137,153,151,159,153,142,140,140,138,151,163,155,158,155,148,129,150,134,153,153,157,147,154,140,148,147,153,149,142,157,158,163,177,158,156,157,146,138,174,147,141,151,142,151,159,179,161,154,156,123,152,151,143,154,150,153,159,131,130,148,159,141,150,154,161,165,142,142,149,152,159,148,150,133,130,162,140,152,126,148,142,146,168,151,135,146,162,159,135,146,177,130,166,158,154,153,137,157,152,149,149,128,156,140,156,161,157,158,147,146,134,149,141,153,157,172,146,151,163,142,163,157,162,137,138,147,172,161,159,130,157,142,159,157,158,162,157,144,125,139,161,165,143,154,163,141,156,158,153,163,164,149,146,153,159,148,155,170,159,141,150,149,171,146,143,149,139,148,148,136,145,145,170,150,137,133,154,149,149,158,160,151,190,155,157,139,151,135,136,132,137,156,160,175,150,143,160,169,157,132,145,136,158,137,144,148,141,160,158,145,165,153,152,148,152,143,135,141,152,139,146,141,152,144,146,154,155,141,146,149,149,152,148,131,155,137,158,162,162,133,137,154,153,159,137,139,147,144,165,133,140,149,160,152,156,158,155,168,124,145,156,164,134,139,135,143,168,143,159,142,141,153,136,131,153,155,153,158,155,163,163,137,165,149,146,140,146,146,147,161,160,147,154,169,147,162,168,148,162,150,156,155,133,158,138,139,136,151,138,140,152,152,161,136,158,144,157,161,153,151,148,133,151,148,148,154,145,168,146,159,156,152,165,156,156,139,143,140,144,174,151,155,144,138,138,156,163,155,124,159,173,146,150,152,156,140,153,137,146,141,154,154,145,162,149,139,155,151,136,150,153,158,136,169,151,136,137,154,152,160,155,147,157,162,161,143,144,156,144,150,139,145,144,160,159,163,156,159,143,151,172,156,151,130,143,144,139,142,138,166,162,127,148,156,151,180,139,132,167,143,147,163,143,155,155,147,144,181,162,161,142,157,146,155,146,130,149,140,154,165,156,146,159,149,156,144,147,138,149,145,143,146,141,140,166,145,155,148,156,151,139,151,156,156,148,129,145,165,159,149,135,141,159,134,152,148,158,167,148,146,149,151,139,142,153,157,145,148,141,145,148,144,163,162,151,148,147,171,144,137,132,141,133,164,154,147,149,152,159,149,150,141,159,158,153,142,158,141,145,154,159,167,144,141,144,172,153,161,162,146,159,173,158,149,161,150,132,154,132,140,145,138,146,161,142,158,177,137,146,155,151,152,148,168,149,157,160,149,152,158,150,154,148,139,149,158,145,146,156,143,149,144,145,136,148,139,144,140,158,155,145,168,152,141,162,136,160,152,172,149,145,146,163,144,145,155,156,148,159,162,157,148,167,148,159,157,145,147,160,152,142,154,150,157,154,144,138,130,146,140,145,134,160,163,133,137,158,158,152,156,138,153,149,146,157,144,151,157,148,156,149,164,160,134,143,146,136,152,149,156,142,152,154,164,152,136,153,158,153,139,154,156,161,148,149,153,159,137,162,145,143,161,167,151,144,162,164,132,155,151,149,147,175,167,155,143,158,136,141,167,153,149,154,158,145,150,139,149,146,158,139,143,151,148,153,131,158,143,149,170,141,145,152,145,150,138,171,167,158,163,147,134,153,152,140,141,136,159,138,141,153,164,158,143,160,144,156,164,151,159,164,176,147,148,162,157,132,150,140,150,141,140,165,164,165,147,161,155,135,150,145,157,145,143,161,159,165,144,156,162,142,151,155,159,156,164,165,147,161,162,158,156,149,141,165,162,150,174,144,143,139,161,148,153,146,155,152,156,161,142,148,149,149,139,141,141,151,168,130,162,161,150,149,141,152,152,135,140,131,151,140,137,135,144,167,158,150,160,160,156,162,144,162,153,158,147,128,156,143,144,148,146,145,149,146,143,143,151,149,145,160,156,134,158,154,142,143,141,142,165,138,142,155,158,146,161,152,142,138,140,144,147,148,141,151,140,133,136,122,156,141,157,154,146,150,148,156,130,169,154,138,146,144,157,148,168,148,150,148,144,143,153,145,146,143,161,160,152,152,152,156,151,152,154,136,145,154,152,142,154,130,149,167,139,138,160,143,158,148,151,147,144,153,157,162,144,134,150,150,140,149,149,144,156,156,136,152,152,166,155,145,158,149,158,151,153,154,157,152,143,154,138,156,141,139,152,157,154,135,161,142,142,145,138,144,161,153,147,139,157,150,148,156,154,161,170,137,147,163,148,161,142,146,139,150,136,166,156,152,146,134,142,148,147,163,153,136,136,160,158,142,167,141,149,148,143,148,142,161,140,149,154,163,142,145,141,155,126,132,166,142,160,140,133,143,162,139,161,156,157,152,156,138,164,151,134,141,150,161,148,162,145,142,144,129,154,147,140,159,152,151,171,144,155,149,143,133,141,139,153,142,152,147,139,179,169,152,145,146,147,151,149,142,163,150,162,127,140,150,153,150,142,151,155,131,151,139,143,139,148,150,142,143,163,147,168,153,164,151,143,139,142,161,142,153,148,150,117,159,159,144,134,165,150,139,133,156,143,145,165,143,159,146,140,145,149,150,153,144,131,149,151,149,128,164,143,159,152,165,136,159,148,160,144,129,155,162,146,144,151,142,141,145,124,133,157,152,137,157,149,139,140,146,145,161,148,148,152,158,133,143,150,138,160,138,136,169,167,145,146,147,151,130,148,144,153,143,134,156,161,158,141,152,128,153,152,127,142,157,146,144,145,152,162,137,144,163,155,152,142,148,137,152,162,133,146,145,143,170,149,157,149,154,140,147,133,126,159,145,163,147,168,142,153,140,133,153,134,157,130,134,159,153,140,166,151,143,151,137,152,154,142,150,157,151,147,156,144,159,161,129,171,158,158,147,152,159,154,146,148,160,175,146,161,154,147,146,152,153,130,168,133,133,147,169,163,118,141,150,149,152,148,149,159,161,174,160,137,150,157,145,134,140,137,146,161,148,156,155,148,143,142,141,157,146,149,136,170,163,132,151,154,159,164,152,142,142,150,172,156,155,159,143,128,145,162,145,142,141,148,168,161,153,152,172,139,159,148,133,146,141,154,146,150,163,160,153,165,148,152,156,156,145,133,145,148,170,151,134,155,145,153,156,170,153,154,167,138,157,154,150,125,138,139,154,142,154,149,165,139,160,160,143,127,161,140,143,152,155,144,147,143,162,145,131,148,152,142,143,143,147,156,145,174,154,141,146,159,140,155,150,146,162,134,162,146,158,158,144,162,155,150,158,162,167,158,169,136,136,137,164,142,151,177,172,144,143,156,152,131,149,146,153,153,141,136,157,143,151,156,145,166,128,139,159,150,152,165,162,142,131,141,143,150,164,145,137,161,169,147,141,147,150,154,159,142,150,147,144,137,148,161,163,147,162,144,160,136,143,149,137,179,153,168,144,149,159,148,149,143,143,153,153,140,145,161,149,144,162,150,152,133,124,144,159,147,144,151,146,156,154,155,155,166,143,147,148,151,160,147,156,138,151,145,155,158,146,154,145,147,148,134,134,150,163,143,131,155,144,165,155,155,145,157,150,152,161,154,146,156,165,153,158,149,162,153,140,133,156,151,157,145,152,150,173,169,141,162,149,151,153,153,149,130,133,147,158,144,151,149,155,143,165,161,149,142,169,139,157,125,156,146,166,149,150,132,162,158,135,125,140,156,136,137,137,159,150,157,140,143,156,167,157,152,133,152,148,151,171,145,133,148,164,130,159,150,165,155,149,151,138,163,141,144,174,153,167,144,146,148,152,149,139,146,136,144,149,147,166,148,159,150,140,166,166,169,153,155,145,152,145,155,137,144,158,143,158,140,150,156,151,140,137,135,151,142,148,132,151,155,146,169,168,169,137,149,147,159,143,150,158,150,165,167,162,136,141,148,147,154,144,141,150,128,144,147,151,139,157,156,152,134,152,153,148,154,125,165,147,147,165,160,151,148,154,155,159,151,155,151,141,139,141,172,168,141,130,152,135,152,145,154,146,136,142,128,148,162,147,136,157,153,136,155,152,128,158,145,150,149,149,165,151,144,161,161,145,170,153,166,157,163,139,158,143,159,154,147,147,128,162,144,143,148,150,159,165,166,159,152,152,144,126,154,144,157,151,161,156,131,145,139,167,155,146,151,162,151,163,161,155,154,138,140,165,153,150,143,144,138,133,171,159,150,154,162,138,139,161,158,142,151,143,154,162,145,145,158,165,143,137,145,143,144,147,146,152,149,133,131,141,145,150,154,160,138,146,155,140,147,156,154,146,146,157,158,156,161,138,149,136,157,148,145,163,166,147,150,141,155,138,153,138,154,146,139,175,158,144,140,135,126,142,165,165,144,150,145,143,142,163,149,149,145,125,147,143,152,152,150,147,153,163,140,167,163,146,156,154,144,168,167,155,160,156,131,151,160,135,133,144,135,148,154,145,149,153,155,152,126,144,150,161,160,150,141,146,158,144,149,160,151,150,143,157,157,144,152,153,126,149,170,166,150,162,151,159,151,153,139,158,148,167,143,161,152,151,154,167,162,145,155,162,137,156,143,143,141,139,150,167,145,153,175,169,170,150,135,161,137,157,148,154,138,160,172,172,139,159,127,124,141,147,177,144,147,154,160,149,149,141,168,154,161,148,144,154,142,134,148,148,146,148,144,158,179,139,150,140,147,154,154,150,161,157,140,135,156,130,150,147,156,142,145,136,151,137,132,144,167,147,140,136,152,164,152,151,161,154,162,129,134,156,159,137,151,152,140,149,163,137,137,153,160,129,148,147,163,148,142,163,153,163,155,157,146,152,152,136,149,148,142,141,156,152,149,137,160,131,178,146,145,148,161,134,150,146,170,166,141,154,139,152,168,145,140,168,145,151,147,129,171,128,133,140,149,138,146,142,148,144,152,138,162,148,148,157,148,165,161,142,150,148,130,153,134,140,168,153,154,160,161,178,144,162,146,156,148,146,157,161,148,157,160,135,145,166,161,144,138,151,140,143,144,149,151,134,148,161,155,156,164,145,172,141,153,136,167,129,150,144,147,153,145,130,145,153,152,126,137,158,141,141,167,155,153,150,135,157,163,146,142,134,147,172,150,148,143,153,141,136,145,147,166,146,149,137,148,130,142,151,153,150,148,158,155,141,145,149,151,148,142,141,139,150,142,156,148,150,143,153,152,167,148,138,151,136,146,144,143,162,133,148,146,138,150,154,143,157,137,166,133,147,161,158,168,144,152,150,145,144,144,156,144,134,159,149,152,159,136,150,152,162,151,166,153,140,156,124,165,160,176,141,162,147,164,169,141,150,151,146,148,156,151,159,150,141,154,147,156,145,150,141,118,142,136,156,139,163,152,157,157,134,171,143,143,170,146,134,151,151,146,136,163,144,130,143,153,136,150,151,161,167,158,136,156,147,140,149,144,138,144,159,151,126,157,159,158,157,152,134,164,161,154,132,135,155,165,155,169,165,176,160,132,154,148,155,147,158,154,158,149,161,154,153,154,140,128,145,174,148,140,162,148,156,135,149,141,146,175,151,149,141,159,148,156,169,147,149,154,157,160,149,148,138,153,148,138,141,162,160,151,172,166,146,148,147,158,156,163,143,143,157,150,156,145,154,167,152,152,160,151,155,167,136,141,141,159,143,153,150,135,135,148,140,160,158,143,159,123,173,143,158,155,135,128,146,152,156,133,143,140,129,145,171,144,166,154,138,157,152,159,161,136,147,173,155,157,166,152,132,156,137,146,157,146,142,137,159,148,164,130,149,143,148,152,148,137,135,149,160,150,149,158,168,141,148,167,155,160,139,168,145,157,145,163,148,158,162,153,159,171,131,162,156,132,137,151,160,138,156,172,154,136,148,147,152,148,132,152,125,159,147,168,141,143,143,171,150,126,142,154,153,161,151,147,150,140,131,136,153,145,141,150,148,150,150,160,152,158,158,148,162,146,154,142,128,158,161,125,150,147,130,131,154,175,143,154,147,155,137,153,136,152,158,152,134,166,127,178,146,150,163,164,151,148,139,161,144,149,149,122,173,147,150,157,165,137,121,160,150,169,175,143,154,140,141,148,162,149,146,151,146,137,126,153,175,122,148,158,151,148,172,148,149,144,137,137,156,150,154,143,132,133,135,159,156,147,150,156,150,161,153,151,160,151,146,140,154,149,146,157,146,145,158,145,138,133,142,155,143,145,134,160,139,154,156,148,148,165,139,150,165,161,151,137,151,154,159,139,165,161,148,163,147,149,163,155,140,142,170,147,154,131,159,153,150,155,153,162,164,145,163,137,134,150,142,157,129,146,146,152,143,159,164,158,147,135,150,150,163,127,151,134,157,139,131,152,148,160,153,149,150,167,138,136,155,145,144,139,155,140,162,150,161,151,155,163,155,151,126,165,151,142,128,145,153,132,168,154,133,164,144,150,156,155,152,172,139,151,149,150,156,156,161,152,127,147,162,121,158,142,147,146,132,153,130,174,146,143,181,163,140,152,134,161,137,166,148,146,154,143,154,168,166,167,159,154,140,148,155,133,138,137,140,142,149,170,157,151,153,143,140,136,151,149,138,158,156,145,159,173,145,134,153,161,140,167,147,142,164,146,144,156,139,143,143,152,170,168,143,157,148,148,158,155,181,163,152,157,151,151,143,151,155,164,142,137,143,140,162,171,129,155,136,156,125,158,149,147,153,132,146,157,153,153,157,158,155,166,156,139,139,149,149,150,158,143,161,140,159,161,147,163,155,149,145,141,155,145,152,168,136,124,148,155,143,164,144,169,163,153,136,140,177,150,148,152,154,158,157,159,152,174,133,140,159,139,150,158,149,143,137,151,158,136,139,162,163,148,161,141,153,125,162,119,138,159,145,159,158,148,132,154,149,149,169,163,156,154,146,153,149,139,148,166,158,158,163,159,149,160,157,169,140,167,148,151,150,129,135,154,142,161,142,143,139,135,143,144,156,150,144,158,142,156,148,148,147,144,144,133,139,157,148,159,148,142,145,130,137,157,155,153,154,129,166,140,162,162,149,156,147,144,144,132,155,155,165,141,158,158,156,145,163,149,154,148,168,135,166,143,164,158,148,160,157,132,152,145,147
150,161,136,146,134,141,142,155,158,164,150,154,147,141,145,152,149,154,141,158,136,138,148,146,176,148,151,154,159,170,150,166,159,140,149,165,143,152,150,146,155,162,133,159,143,147,164,159,161,163,155,161,150,146,159,147,168,153,142,150,140,157,169,168,144,158,131,144,158,158,154,144,156,150,135,151,142,160,176,149,159,156,159,147,130,153,141,155,153,146,140,131,160,145,159,143,140,153,160,157,142,147,145,157,147,171,152,129,145,166,165,148,150,148,140,152,131,142,154,142,153,132,146,149,148,154,149,149,151,148,150,146,153,157,143,145,161,160,147,152,156,133,148,150,130,163,160,145,152,152,144,139,142,144,144,156,156,161,144,160,149,159,153,132,161,166,143,162,143,154,157,142,140,156,139,171,129,159,139,165,155,135,156,148,150,138,137,138,169,142,154,139,146,151,132,140,132,161,150,152,145,152,146,162,139,137,135,159,156,150,148,158,137,158,152,150,150,119,148,152,136,140,150,154,135,137,147,164,142,166,141,140,143,156,156,137,145,139,155,156,159,148,152,157,148,130,165,129,159,153,144,159,137,143,146,151,153,142,144,154,135,162,148,145,141,158,148,138,130,151,148,156,155,151,165,147,167,145,122,128,150,143,153,137,165,169,153,159,162,162,166,137,150,161,148,147,134,157,159,159,141,141,142,152,165,149,179,142,154,156,161,151,140,147,145,138,147,152,163,146,147,164,155,150,147,162,155,137,147,125,141,158,142,147,144,161,142,154,151,156,150,164,155,148,148,156,138,154,137,148,132,142,122,142,132,139,137,142,155,154,152,140,140,156,154,148,139,150,141,152,142,130,151,143,158,141,157,159,159,142,138,175,139,149,149,160,153,167,150,146,160,162,150,147,160,155,152,161,139,148,151,145,154,153,163,133,149,167,156,151,150,143,156,149,143,139,136,152,153,164,163,150,133,155,149,140,142,150,158,150,138,136,154,161,166,147,166,148,139,144,156,166,153,145,158,167,153,139,152,135,147,147,147,138,155,154,144,150,132,169,154,139,142,165,150,150,163,155,142,155,159,157,157,123,161,148,170,151,153,144,151,156,146,127,151,142,147,149,144,144,140,124,154,139,158,155,153,138,131,141,141,148,166,148,140,153,158,161,141,145,151,135,154,165,150,143,152,136,146,168,158,140,156,165,153,167,134,160,137,162,140,141,118,151,160,156,153,153,149,160,148,152,151,152,133,149,165,158,169,140,145,150,143,151,138,154,148,152,139,138,147,156,141,146,164,136,152,150,161,129,143,158,153,173,143,146,148,146,140,158,149,151,141,148,152,156,163,138,158,152,128,150,143,161,163,154,145,149,142,132,142,143,153,147,154,156,136,144,152,183,159,162,130,136,167,126,146,166,150,149,160,154,128,131,147,152,146,155,173,149,153,130,155,126,136,134,148,160,153,150,143,152,151,112,150,147,154,134,133,140,147,126,152,147,159,146,153,150,161,170,157,155,136,154,154,149,168,136,173,162,160,134,158,147,144,144,164,146,142,172,150,151,145,140,154,142,156,151,136,139,150,170,132,164,163,146,156,161,162,153,144,150,142,151,153,148,148,143,146,153,145,146,171,149,159,154,147,142,138,155,163,153,149,162,142,148,153,137,147,151,146,147,150,133,140,142,160,150,146,149,160,155,163,162,128,164,154,147,151,141,146,159,138,144,151,132,150,157,138,134,154,158,144,138,178,145,164,164,137,150,140,142,158,156,135,141,150,149,144,146,165,157,153,139,157,149,154,142,150,144,165,141,167,145,152,138,139,138,151,153,146,133,156,160,150,153,147,143,141,144,142,145,159,157,141,148,137,158,161,160,175,151,150,154,159,175,150,144,132,170,148,147,148,143,150,162,139,157,134,156,162,150,150,121,154,139,143,162,167,159,155,159,135,159,145,146,167,143,142,160,146,146,137,139,152,152,162,145,157,148,142,163,161,154,161,154,154,143,157,149,151,142,151,145,151,152,151,164,153,166,152,141,158,154,147,144,145,155,152,127,137,158,134,149,158,143,140,145,139,153,140,134,159,142,138,131,151,136,138,127,166,156,129,143,133,165,159,147,160,164,159,167,136,131,168,142,140,150,133,145,153,153,164,153,156,159,144,112,132,156,160,147,140,148,144,145,143,143,155,148,153,164,162,168,176,137,150,148,139,130,146,159,149,161,155,152,161,152,132,141,154,135,168,149,162,157,155,159,153,162,138,152,138,149,134,152,148,161,137,141,149,165,133,145,160,154,153,149,129,157,163,158,161,147,154,147,153,153,129,152,167,150,152,149,150,147,154,155,163,169,138,136,152,160,166,176,143,167,173,164,148,143,142,162,157,163,147,145,134,140,157,153,143,163,136,157,156,147,148,158,140,135,143,153,155,162,165,134,154,149,137,152,160,155,154,146,147,151,149,158,134,146,135,146,132,150,159,155,153,134,139,153,163,144,144,139,143,143,139,141,169,160,153,155,146,136,151,141,149,152,151,144,167,146,143,136,149,150,150,169,140,157,146,146,165,159,163,141,138,139,148,123,151,157,149,146,156,151,143,137,139,135,143,174,164,148,159,156,149,137,141,154,141,162,129,149,152,143,144,159,145,136,164,156,147,131,141,149,143,157,142,131,143,145,141,150,148,148,154,164,150,152,125,136,141,142,149,140,149,154,148,154,144,145,156,128,149,131,138,161,121,140,155,151,140,129,151,162,156,131,156,163,160,159,150,168,157,144,139,164,134,151,158,156,152,160,138,166,134,164,143,144,149,169,135,143,154,142,141,121,124,148,136,130,157,141,160,142,132,143,135,149,145,131,145,148,155,157,156,163,159,170,156,137,141,159,168,133,154,162,142,150,156,154,160,152,156,150,150,159,147,155,155,161,145,165,145,146,169,176,157,163,159,141,143,157,162,149,136,131,143,149,168,164,168,136,162,155,131,158,138,151,135,139,129,135,164,149,149,137,131,156,153,147,173,147,126,155,164,165,132,149,165,166,147,134,160,141,160,146,182,143,141,159,170,159,134,136,162,137,147,147,150,160,147,153,139,127,136,157,136,146,158,160,138,163,172,159,148,145,154,137,146,134,137,172,145,148,134,139,138,152,148,154,137,143,137,148,151,158,138,166,141,146,124,166,151,145,151,149,141,142,156,155,152,143,162,145,144,142,152,156,157,142,156,129,148,145,155,154,162,156,148,155,172,164,153,172,141,154,154,140,151,137,131,149,140,143,152,144,147,156,136,156,154,142,140,138,159,152,155,142,152,130,150,146,166,150,148,137,153,152,145,128,153,148,144,142,162,145,155,145,154,149,151,149,135,148,150,143,155,140,138,155,155,151,153,158,151,161,149,136,135,138,163,152,164,152,163,152,153,137,137,142,140,161,142,161,149,144,156,156,142,159,146,133,134,122,164,165,159,153,143,119,150,136,133,150,158,152,147,129,148,131,131,152,142,140,151,171,169,151,143,159,167,170,146,139,170,161,142,165,136,130,154,155,159,159,135,147,159,146,145,137,156,133,151,150,136,150,156,142,146,138,159,159,142,153,152,163,147,131,163,156,148,158,152,145,148,162,161,148,151,157,138,137,156,148,157,144,148,134,143,138,154,142,144,160,141,169,132,147,164,134,136,150,156,146,155,148,158,136,150,160,147,137,155,132,157,157,141,163,133,150,155,155,162,146,137,148,144,147,165,165,157,136,147,153,142,153,138,157,170,157,133,159,149,148,149,144,147,153,137,109,154,148,160,158,147,140,145,159,151,152,147,154,156,156,150,191,155,139,148,144,130,139,165,149,160,177,147,143,153,156,153,148,154,154,145,153,139,167,160,153,157,143,158,156,154,153,140,155,140,143,153,149,142,157,152,161,149,150,141,134,144,156,134,159,156,151,162,155,150,154,146,161,143,160,140,154,154,150,162,155,138,163,142,152,126,141,154,148,139,150,138,139,145,163,157,154,146,154,138,149,144,145,154,138,127,163,152,142,159,153,156,166,157,141,158,135,144,141,134,141,158,136,153,148,148,140,157,133,150,148,166,155,133,159,160,150,156,149,138,145,155,144,145,137,147,165,152,136,152,157,150,156,144,155,146,153,148,152,154,135,146,134,149,141,162,153,141,157,168,143,162,148,139,150,156,149,155,163,159,163,147,140,155,150,145,156,150,163,140,152,147,149,162,151,159,148,140,159,149,152,149,143,165,156,147,148,151,147,145,144,148,166,137,150,143,155,171,151,158,138,149,146,146,145,158,149,153,139,153,138,151,160,137,160,161,143,152,150,159,153,157,134,140,154,166,151,134,156,159,167,139,145,151,162,157,158,173,146,143,152,160,140,138,152,146,154,161,145,134,153,152,151,147,160,150,154,145,134,142,152,165,142,149,135,171,154,158,133,149,137,174,135,151,156,155,164,125,167,143,149,154,153,162,144,148,137,144,134,141,162,139,140,142,180,175,133,152,160,140,140,131,164,150,152,173,163,158,145,123,140,145,146,139,168,146,140,158,156,170,153,135,157,157,137,124,156,160,134,166,145,152,147,143,161,150,157,142,168,152,159,160,145,151,127,137,165,155,158,150,158,143,150,147,146,149,152,151,139,171,153,160,136,151,161,141,150,168,159,143,133,149,138,147,156,165,142,150,152,165,153,152,148,141,147,139,153,160,138,134,145,157,145,153,166,138,170,154,151,157,143,135,138,168,162,154,155,141,143,156,158,157,131,161,161,148,145,167,153,145,156,161,142,159,146,147,141,141,137,146,147,140,144,155,166,157,171,154,158,136,155,145,161,160,178,153,149,148,141,132,157,145,145,148,156,151,142,150,158,151,146,147,161,140,160,154,160,149,146,143,161,157,149,159,136,153,148,144,170,130,159,129,159,159,157,148,150,147,155,153,149,151,149,143,141,148,145,154,138,156,146,158,142,166,168,136,142,159,155,148,145,133,145,144,143,143,144,143,154,130,145,158,136,148,163,146,156,153,141,152,155,154,147,153,137,150,140,169,150,130,145,147,158,164,142,148,132,138,142,136,155,162,133,157,150,144,156,155,132,169,140,146,149,142,160,153,168,151,134,158,154,123,157,147,163,155,158,154,170,157,156,154,155,157,158,143,159,131,139,149,141,154,165,154,149,151,152,150,150,167,147,144,134,142,149,170,152,141,161,155,154,140,146,148,149,139,128,148,139,153,135,137,141,164,137,160,171,153,153,147,159,150,156,133,147,174,144,165,145,149,160,177,135,135,160,141,161,154,151,149,152,157,121,150,157,170,159,133,160,143,133,148,168,148,160,144,152,158,141,160,150,151,149,138,151,132,166,137,157,170,156,139,152,140,143,155,156,139,157,151,147,160,143,151,156,154,145,155,161,140,163,149,165,152,162,139,137,135,170,157,134,137,147,157,161,163,157,159,158,168,152,151,158,136,158,166,146,150,132,154,137,152,139,151,142,134,147,143,133,166,142,154,138,130,146,149,175,136,150,154,140,141,155,165,133,150,141,172,150,164,157,141,144,152,134,154,154,144,160,151,134,153,163,146,160,149,153,137,165,143,150,147,138,158,146,158,143,161,147,165,137,160,148,142,155,148,149,148,138,148,152,147,149,159,146,144,139,176,130,149,156,148,150,151,149,151,149,142,131,129,130,144,157,151,155,144,157,150,136,159,150,150,132,141,158,162,136,148,142,158,147,163,132,152,129,155,140,131,158,140,144,170,144,145,159,159,146,151,160,142,131,153,151,161,157,151,148,150,152,172,156,162,152,144,153,132,160,144,156,165,132,139,168,135,149,143,160,164,153,162,169,148,143,159,143,150,151,138,159,131,130,159,138,156,156,147,147,144,165,140,140,142,173,142,157,151,155,170,141,166,166,162,141,139,158,157,158,140,149,146,149,166,151,171,144,149,151,162,148,147,139,147,163,140,148,169,152,138,164,149,158,155,168,144,137,144,145,137,138,143,159,159,168,153,165,152,160,147,138,151,157,132,134,146,141,152,152,144,132,144,135,143,154,134,138,163,141,137,144,144,165,149,146,150,147,141,180,137,156,151,156,148,152,146,126,159,162,140,158,156,158,148,167,141,151,154,153,149,151,135,151,162,156,136,158,140,141,150,139,154,167,178,169,148,153,151,146,150,155,146,144,168,154,133,149,154,152,164,153,148,138,144,146,144,139,145,153,144,158,155,139,149,155,158,153,141,142,128,154,133,141,146,142,155,143,160,151,138,164,147,134,134,165,151,147,147,147,170,146,131,150,147,144,151,152,156,145,142,136,148,142,148,159,141,167,163,149,163,159,174,168,159,152,156,166,144,145,174,132,155,151,140,138,169,135,149,139,138,152,159,148,146,160,161,139,137,134,157,161,143,131,167,135,142,159,148,164,162,159,141,170,150,166,155,144,141,132,155,145,141,152,157,160,146,150,153,151,146,151,162,173,147,162,150,153,163,141,135,157,150,147,159,133,156,162,146,157,144,158,155,163,139,142,172,160,157,155,161,128,149,152,138,143,147,149,135,163,137,161,147,141,164,165,158,141,142,141,151,162,157,147,137,140,153,141,157,146,151,141,141,151,139,152,154,158,147,148,149,137,133,128,156,147,148,147,156,122,161,164,152,142,164,156,161,147,150,146,159,139,172,155,149,161,146,147,166,127,145,166,144,171,144,154,145,161,149,152,153,158,156,172,149,147,146,157,161,133,160,146,154,164,162,148,147,138,146,159,150,144,151,148,156,146,159,144,154,154,148,149,149,142,151,146,122,149,159,142,159,132,147,151,157,144,147,146,149,153,137,143,157,163,151,150,152,153,163,150,131,139,148,146,140,146,156,150,139,139,156,166,155,151,136,147,151,156,145,163,151,168,163,153,149,148,152,142,146,151,148,145,159,143,152,136,152,148,145,146,142,132,147,141,143,152,153,144,145,132,155,134,160,139,151,153,156,143,145,133,142,148,153,166,163,156,146,128,173,136,157,141,143,158,145,159,141,161,162,146,149,149,148,155,151,152,177,152,144,158,137,151,150,147,185,133,140,137,165,159,152,151,163,161,148,144,136,139,151,164,158,154,161,143,172,138,136,144,166,136,150,135,145,158,159,143,165,144,158,145,137,147,144,154,144,150,133,154,148,142,159,159,158,135,131,134,139,158,152,143,150,156,145,147,153,142,158,139,151,152,141,143,161,148,158,150,141,153,164,158,134,131,155,146,158,160,145,149,142,139,149,167,150,163,135,163,156,132,154,152,147,158,138,152,138,137,154,157,134,128,147,151,145,152,143,161,122,138,152,151,154,148,153,158,153,152,142,152,141,161,147,157,160,142,148,150,145,152,166,150,148,151,161,154,151,146,150,148,169,149,140,141,133,170,142,143,151,162,161,137,147,148,158,157,160,132,142,146,146,138,153,135,161,157,152,142,143,164,155,152,146,154,146,128,142,137,163,152,148,149,140,124,159,172,160,175,143,148,133,156,152,161,142,156,140,154,157,138,153,167,174,143,148,138,146,152,142,141,165,151,163,153,155,148,158,147,147,149,131,150,162,126,145,147,156,166,155,144,160,151,146,166,142,154,159,146,156,171,134,125,153,167,162,133,149,151,133,145,163,146,153,139,146,146,153,135,145,138,164,156,140,155,147,163,148,158,132,141,143,138,143,151,149,150,155,148,146,155,144,148,145,134,140,142,154,159,155,150,141,150,147,140,138,148,136,158,136,135,149,160,142,153,154,138,159,145,168,154,146,147,163,171,124,127,159,142,138,141,139,162,138,141,138,138,151,152,148,148,139,134,159,153,169,152,154,168,149,149,148,168,155,151,160,143,141,156,154,154,149,144,161,163,152,158,168,142,154,131,145,154,151,159,147,148,132,155,149,147,152,162,154,158,148,146,137,148,152,146,147,151,145,152,153,133,151,155,161,161,172,141,147,155,160,172,152,148,135,166,157,149,130,158,145,128,159,163,149,152,155,162,154,152,154,128,161,152,162,138,157,156,152,153,141,158,133,154,137,167,156,144,143,151,153,141,141,156,140,147,155,153,163,147,131,153,156,148,164,138,142,146,160,157,168,137,138,148,140,142,165,155,161,138,146,151,156,162,146,172,155,161,152,154,161,145,163,155,154,153,173,158,158,149,147,152,131,164,158,153,146,153,161,150,155,153,142,165,146,146,153,171,157,159,161,159,144,154,149,145,142,145,158,166,168,155,148,158,138,144,137,147,158,147,159,171,149,131,150,136,144,163,139,163,147,138,164,141,144,134,147,153,149,144,156,147,144,127,167,164,148,179,143,150,151,138,127,152,149,147,151,132,154,149,141,151,139,155,138,149,151,160,164,158,145,147,154,157,141,152,167,154,133,147,144,156,161,145,158,154,150,143,152,143,162,139,155,129,155,151,144,131,141,158,156,154,164,140,163,152,150,134,157,141,145,146,142,158,164,139,149,138,149,158,153,141,149,154,128,133,135,152,166,161,146,141,175,167,141,151,138,144,139,158,139,158,131,145,151,145,152,154,137,144,162,148,154,141,151,151,143,150,136,142,134,138,159,158,168,134,148,149,144,159,136,142,141,150,162,136,158,150,142,153,146,136,160,136,144,167,137,149,144,134,159,146,126,146,149,163,150,156,161,159,145,154,146,143,162,140,153,148,161,128,138,136,145,141,142,146,157,162,136,159,156,157,162,137,159,131,141,156,136,167,149,150,164,155,157,122,142,154,151,157,137,156,130,145,157,129,154,145,142,140,162,147,157,145,146,142,141,148,150,156,171,150,145,153,156,143,143,146,154,122,144,180,149,148,163,147,149,162,132,147,140,144,150,142,148,151,143,128,143,141,150,140,161,128,151,123,149,135,152,158,151,146,153,176,165,160,149,153,150,125,149,151,149,156,139,167,148,146,154,154,147,148,134,166,151,150,148,147,160,125,150,153,154,147,152,160,124,144,154,139,162,130,160,140,145,139,164,158,155,150,152,157,144,136,145,159,151,157,145,165,172,140,141,150,150,135,147,138,152,163,153,147,150,143,155,148,151,149,149,147,133,151,151,147,151,158,143,157,121,157,147,139,175,149,154,136,144,151,156,144,148,127,154,152,149,128,161,163,143,146,145,160,129,145,156,160,151,146,166,154,154,157,150,158,154,158,145,157,153,134,140,138,132,127,153,162,154,131,147,156,138,142,157,152,144,168,167,135,131,147,164,168,146,151,156,145,147,147,161,147,144,145,157,135,140,164,129,143,163,144,148,158,160,151,138,159,150,130,162,157,149,160,144,153,169,156,160,162,138,154,147,147,136,163,166,143,160,153,139,160,165,154,150,141,165,171,131,158,151,172,146,154,159,147,136,147,135,172,152,158,156,142,148,142,162,148,153,143,156,165,157,157,144,151,138,156,145,154,161,144,162,159,160,158,161,160,147,147,144,146,151,153,148,156,156,168,137,155,141,146,142,161,156,177,134,160,171,140,137,151,134,169,156,156,146,140,139,145,162,155,150,156,152,159,140,151,176,158,142,155,138,122,170,150,138,149,142,150,138,156,151,165,144,135,155,139,154,142,138,154,149,139,154,150,155,154,158,158,143,143,169,156,167,147,148,158,143,149,154,161,147,142,154,139,148,133,155,146,151,150,148,146,143,164,173,156,147,139,147,144,156,167,145,148,155,146,139,140,134,155,159,147,155,134,148,145,159,156,143,148,140,168,166,127,126,177,147,140,146,133,158,164,147,154,151,159,154,162,164,155,156,129,149,150,153,156,160,154,148,135,144,154,141,144,143,157,158,160,128,157,163,158,150,157,151,151,156,140,145,159,150,149,150,141,150,147,148,138,153,150,139,140,164,152,147,150,161,147,132,161,144,151,134,143,161,163,141,175,140,147,142,162,151,137,153,141,181,169,164,158,154,135,147,150,142,143,144,144,146,158,144,151,125,140,137,178,135,147,154,148,138,149,152,157,151,150,163,155,162,159,144,157,173,149,142,154,142,138,155,146,151,134,151,149,142,139,129,142,142,176,141,138,146,144,149,178,142,175,148,131,176,137,136,132,152,156,121,149,167,136,142,160,143,146,156,157,152,147,153,143,160,146,141,161,159,165,153,145,154,127,162,142,155,154,136,142,154,161,144,154,144,147,156,168,153,152,141,136,143,138,145,147,153,145,140,132,142,157,166,147,164,148,142,169,157,157,142,167,180,143,147,155,162,143,156,147,144,151,145,156,165,171,155,134,148,139,146,151,147,132,148,157,155,148,186,141,135,156,151,136,155,159,134,142,160,162,161,146,147,143,148,151,143,148,150,151,139,154,150,147,161,152,141,146,152,142,155,172,133,154,148,156,152,155,160,135,151,149,143,152,160,139,151,133,152,129,152,138,144,153,140,147,150,133,158,147,147,141,155,149,152,158,158,131,145,133,161,151,149,149,159,142,140,166,148,144,160,157,136,157,161,147,151,151,146,148,138,158,158,141,164,168,155,157,143,148,155,150,136,136,151,140,148,148,152,153,147,153,142,143,161,151,146,161,162,159,151,143,132,156,152,151,152,138,147,151,151,146,142,160,155,152,141,145,137,150,142,152,150,144,144,160,147,136,138,164,155,162,166,154,178,145,146,135,137,165,144,146,136,153,160,137,144,133,144,145,136,141,151,150,159,145,160,150,156,140,135,146,155,155,159,145,146,159,158,149,135,131,148,144,143,150,165,143,156,151,168,152,147,130,162,141,142,140,140,156,132,159,149,148,142,146,152,158,171,156,145,154,151,145,154,161,148,152,153,144,154,151,164,155,142,135,171,142,172,148,150,163,144,132,156,142,135,163,150,153,174,146,167,148,150,135,143,156,156,152,141,148,164,141,159,144,144,149,138,131,169,153,142,144,147,150,164,148,151,159,137,151,174,163,150,153,148,150,134,154,145,138,165,136,155,152,141,134,141,142,157,144,145,132,156,143,158,157,154,149,135,168,126,147,156,146,156,137,150,171,152,149,150,150,141,147,148,140,157,146,144,147,152,144,145,168,127,138,143,155,147,131,159,143,158,131,144,149,147,157,154,148,173,158,149,146,142,138,145,159,137,135,145,130,153,163,146,152,150,151,140,145,154,165,163,166,154,153,145,163,150,155,169,151,152,139,161,161,153,150,160,150,149,154,153,145,141,153,159,156,164,142,142,137,132,147,135,165,147,154,140,166,148,158,164,136,154,160,159,140,160,156,150,138,145,147,133,154,140,144,162,138,151,140,161,159,152,144,141,147,152,136,123,159,144,161,131,158,142,144,164,135,141,152,142,162,155,154,134,172,135,148,146,140,148,142,141,146,154,142,141,136,161,148,152,145,159,150,160,142,143,161,129,143,136,164,158,145,174,142,144,140,150,156,155,155,144,138,142,130,153,133,139,150,149,154,143,141,160,152,135,158,145,146,125,144,138,151,144,153,139,155,147,154,140,152,152,142,148,161,172,150,140,139,140,150,130,151,134,146,151,152,155,168,157,145,132,142,150,156,137,157,147,149,165,161,161,153,150,153,149,155,139,142,155,138,142,157,161,139,142,143,138,152,136,161,166,165,140,145,141,167,149,164,142,149,142,146,154,137,155,164,163,150,145,151,143,151,140,151,153,145,157,128,151,140,155,138,155,160,147,164,160,144,141,143,140,143,144,151,141,155,163,154,176,157,157,166,141,163,161,133,147,156,163,143,150,140,171,132,157,156,145,173,136,133,136,156,168,154,142,155,144,161,141,160,150,139,142,161,167,159,156,141,140,163,152,136,153,157,135,153,168,169,164,160,139,145,157,152,151,168,155,139,155,148,142,147,160,162,144,137,134,153,152,150,124,171,144,138,160,154,168,153,135,146,139,128,159,153,137,144,153,138,164,157,157,147,168,143,164,158,159,150,157,155,127,150,155,171,156,142,137,138,140,152,150,173,162,148,149,139,142,146,160,159,156,150,146,147,151,161,158,144,159,137,135,138,149,163,162,149,144,145,146,155,137,145,136,144,149,130,147,158,163,147,142,157,151,149,159,131,137,171,165,157,154,135,152,159,145,172,138,154,164,142,162,154,147,139,149,169,135,137,163,160,137,157,137,128,151,158,149,138,153,147,135,151,144,152,155,136,146,163,144,165,140,144,132,148,157,144,135,146,140,147,159,145,152,145,134,150,150,151,158,145,150,163,148,153,149,149,161,155,148,149,162,152,142,156,160,150,172,172,151,150,149,147,143,162,161,165,154,140,130,149,156,127,157,157,155,145,137,145,145,145,160,135,126,159,164,133,143,156,143,156,152,156,155,146,146,151,149,151,142,156,156,139,158,158,145,136,140,169,144,151,151,151,154,146,159,155,142,159,150,151,142,134,142,182,159,153,135,162,159,134,147,132,143,157,157,149,155,147,140,145,151,143,156,137,146,135,154,155,149,154,152,158,143,142,157,150,144,142,140,149,143,151,145,146,153,150,147,150,162,167,150,151,143,151,173,151,146,161,141,156,153,153,155,151,155,157,150,161,144,146,152,166,151,142,164,142,130,146,128,173,165,135,143,136,150,143,143,145,151,151,152,155,152,143,166,169,149,164,167,155,140,149,146,126,157,139,141,156,148,158,156,174,145,148,139,150,162,158,146,162,146,146,158,145,129,155,150,132,148,158,170,137,138,158,156,144,162,138,164,146,145,132,166,157,130,151,153,134,141,169,158,153,136,157,136,163,139,154,143,137,152,149,158,152,140,161,157,143,161,138,152,154,149,158,145,148,161,147,160,175,135,143,154,144,141,141,140,146,149,165,153,142,148,164,148,144,137,146,151,149,145,138,133,141,139,142,162,150,158,149,151,145,147,138,166,146,155,146,151,129,142,136,140,146,153,155,139,160,148,152,151,153,159,138,143,141,150,147,137,154,148,150,151,152,149,151,154,149,151,152,153,144,165,145,160,155,144,163,149,133,148,156,143,143,149,151,144,146,179,130,137,133,163,152,163,123,162,131,148,157,160,150,151,165,164,141,141,151,146,144,158,157,159,173,148,140,157,150,134,149,134,134,150,124,131,143,117,166,148,161,150,153,149,140,143,141,140,125,139,162,144,131,153,143,158,149,161,148,155,161,147,132,142,150,143,151,145,164,154,159,158,147,170,152,156,150,130,132,167,160,133,144,176,138,135,153,139,160,152,134,143,145,133,169,152,139,168,128,132,177,144,146,145,156,155,154,152,161,152,155,140,151,149,147,152,146,139,161,141,152,148,163,171,145,133,152,140,146,125,155,156,143,140,149,159,146,159,149,149,152,141,139,158,151,146,132,158,144,147,138,156,155,159,150,149,153,136,148,169,150,146,165,144,143,141,135,136,138,148,161,160,136,148,129,138,152,162,166,155,156,145,151,173,156,140,151,151,150,140,153,153,137,160,146,158,162,155,161,147,137,166,155,160,148,146,164,128,155,140,133,156,159,175,156,153,130,149,153,168,135,161,148,150,138,135,163,154,154,160,165,158,150,150,148,134,159,142,148,135,148,136,160,129,158,146,147,149,141,147,157,155,152,144,144,168,143,151,136,155,152,129,145,155,142,141,159,149,162,157,146,153,135,163,140,164,150,137,134,151,151,161,173,159,145,151,156,137,139,144,147,138,142,161,143,153,148,160,151,149,155,141,128,143,171,147,163,150,149,160,138,169,167,143,156,160,152,147,140,152,157,143,136,142,149,162,147,127,152,151,142,166,150,146,146,138,157,154,154,163,128,135,152,146,154,144,152,136,156,137,141,144,143,161,154,153,133,140,130,159,148,137,160,158,145,144,139,154,139,158,148,162,150,137,159,142,141,130,157,165,149,155,145,144,140,153,153,150,167,158,140,171,148,155,169,148,154,149,139,145,136,153,135,146,163,140,154,151,144,154,156,127,134,157,165,151,155,147,153,119,136,148,154,143,168,153,157,152,143,146,147,161,155,169,162,143,150,134,142,153,151,150,149,133,138,145,143,145,144,149,133,158,147,142,151,160,134,152,157,153,159,147,135,136,147,142,152,152,148,141,153,158,147,136,157,140,140,163,137,162,159,141,139,158,138,140,147,173,138,160,141,164,144,144,146,169,147,148,155,139,152,136,143,158,167,165,167,130,148,149,152,153,149,143,160,142,141,137,154,131,152,143,146,174,153,158,140,166,150,142,141,156,131,144,165,140,155,155,158,132,150,159,150,159,145,144,152,139,155,149,148,150,157,152,150,156,141,133,168,147,155,129,146,139,127,141,140,143,155,149,157,157,153,144,157,163,155,165,144,168,161,147,143,163,163,151,140,140,170,155,155,146,144,130,159,144,162,162,158,146,146,161,148,124,159,155,148,132,141,145,141,146,171,152,139,136,138,151,134,161,140,135,150,152,137,158,136,158,148,166,150,166,141,147,142,138,158,163,136,157,156,151,151,150,150,136,143,158,157,148,157,153,152,159,165,155,143,157,148,136,162,151,125,137,157,132,149,139,146,159,128,155,144,150,141,144,156,147,146,154,144,156,159,155,145,146,139,146,142,163,151,164,179,154,138,165,159,135,158,164,138,140,144,134,169,142,133,152,163,151,139,153,136,157,145,139,146,164,149,167,133,156,142,156,150,157,144,154,147,165,152,152,160,165,165,139,152,155,141,149,162,145,163,124,165,156,161,148,151,144,140,149,143,130,153,138,162,151,145,148,161,135,160,149,143,164,135,143,128,158,132,145,159,143,144,150,144,152,156,150,148,126,142,158,146,141,166,153,178,141,168,160,143,150,161,157,146,137,149,164,137,137,139,156,151,149,137,143,140,154,157,143,156,162,149,160,143,155,156,154,175,162,143,146,134,135,145,156,158,149,144,139,142,136,152,127,150,154,142,157,139,144,140,156,154,162,141,170,162,148,145,162,159,152,131,168,151,172,169,134,154,141,162,160,140,126,145,149,171,143,157,147,158,142,154,162,157,148,157,135,128,151,143,139,150,139,140,150,155,154,163,147,155,151,161,144,144,148,152,132,157,166,147,149,154,140,138,133,145,155,155,154,157,135,138,159,130,133,148,156,146,145,148,136,153,157,141,149,138,142,165,127,153,142,130,139,154,160,142,158,149,150,146,140,144,150,146,159,149,156,160,147,150,138,147,139,159,157,168,160,164,170,140,148,155,165,141,156,138,154,152,137,137,162,140,149,158,159,155,165,151,147,138,145,144,137,140,157,159,158,152,158,157,167,158,172,143,162,149,136,150,149,136,151,152,127,149,141,157,157,156,155,157,148,159,146,151,142,130,150,129,128,147,139,130,141,144,152,134,151,156,145,154,135,132,155,151,148,152,148,143,158,150,140,133,131,151,154,140,140,154,152,165,149,165,153,135,118,152,141,154,159,151,130,136,148,150,159,160,153,158,130,162,172,152,165,148,154,162,156,161,149,156,158,130,154,143,160,162,158,158,161,165,141,156,146,148,141,155,142,155,143,132,152,142,158,140,143,135,147,132,160,165,143,165,133,151,154,146,151,144,161,142,141,126,166,139,157,151,139,134,138,153,165,139,137,146,141,155,166,162,147,152,140,138,159,143,142,158,156,161,143,142,153,173,131,139,154,153,157,145,149,139,141,146,168,154,151,163,155,149,148,156,157,160,148,153,160,139,142,150,152,136,153,134,139,148,152,144,150,174,159,145,149,141,136,146,149,167,139,140,150,154,156,142,148,142,149,173,147,147,147,141,145,151,151,147,146,147,157,154,163,160,138,165,134,164,155,151,136,144,146,156,142,149,146,140,146,150,142,141,159,143,138,159,158,176,143,140,137,141,167,155,167,149,150,136,168,154,146,147,138,132,145,149,139,155,154,162,149,163,133,158,133,156,139,144,137,168,160,132,163,159,150,143,152,152,152,150,138,151,159,162,153,149,136,146,159,149,140,150,154,153,158,133,141,132,148,140,150,144,145,141,156,147,135,146,157,134,134,149,149,139,138,146,127,159,145,126,155,164,160,156,166,148,154,140,156,156,152,143,150,136,145,136,153,163,160,145,166,152,153,162,133,120,161,138,151,140,153,143,139,151,139,139,150,150,159,140,146,169,140,153,150,134,149,149,151,157,153,157,139,154,137,148,152,155,150,152,161,143,139,137,151,156,176,166,141,151,142,146,156,141,142,129,165,137,148,146,150,158,170,158,132,147,141,152,141,165,150,158,148,148,148,154,150,156,148,155,132,153,132,142,145,137,133,157,154,163,165,172,146,141,168,139,135,161,161,133,151,156,156,149,149,134,162,158,163,150,149,160,159,157,143,156,129,156,136,160,129,157,149,168,155,155,136,160,154,158,139,150,134,154,143,131,133,160,149,148,133,165,135,154,146,159,142,134,157,160,149,149,156,141,142,154,148,141,157,145,145,138,151,164,134,147,149,146,154,142,147,142,148,137,140,141,148,125,151,148,138,165,157,158,152,170,160,153,138,146,139,164,120,142,170,146,168,147,151,144,125,158,162,163,137,141,135,144,141,136,153,146,147,153,135,133,142,148,169,133,149,145,159,155,152,153,177,140,156,151,149,160,153,141,171,157,153,149,156,151,161,138,143,140,142,152,160,162,157,149,141,150,147,149,155,148,148,154,145,173,169,152,141,151,159,140,154,153,141,142,152,152,154,143,156,154,139,145,142,141,155,157,150,146,141,142,169,156,165,145,153,138,152,141,137,144,153,157,143,145,157,163,139,140,154,156,146,152,129,148,142,152,156,159,160,153,153,154,145,155,170,149,153,164,142,158,164,148,154,130,152,143,142,153,155,147,150,138,145,160,156,148,144,135,169,145,165,156,139,155,155,131,150,133,141,138,161,142,139,150,163,152,140,136,148,157,168,153,148,131,141,161,148,160,154,135,153,143,154,162,151,158,172,142,147,141,149,144,154,141,138,135,144,153,145,164,144,148,131,167,156,149,151,137,151,157,156,149,147,165,155,138,143,181,154,137,173,162,144,146,166,148,151,149,176,161,146,172,154,151,159,147,147,156,158,154,154,156,151,166,138,153,157,143,151,148,161,151,147,161,144,164,141,159,132,158,168,135,148,156,138,141,126,157,161,167,158,157,151,136,156,148,148,150,153,158,140,165,143,158,153,159,149,143,150,152,139,145,153,146,173,142,158,146,128,161,141,149,160,149,154,144,156,155,155,159,164,168,136,140,158,140,141,157,139,144,159,151,160,146,136,129,164,147,146,131,149,133,147,136,150,152,147,163,146,143,145,144,158,150,150,153,142,150,165,140,153,141,144,163,150,154,143,156,151,144,166,143,145,141,144,144,137,125,140,149,147,163,161,153,154,142,145,129,137,130,146,159,143,147,168,135,150,153,132,155,142,133,157,143,171,157,146,148,168,141,137,145,143,155,138,143,139,142,148,162,170,156,136,155,158,136,142,161,165,151,136,149,152,137,146,140,153,157,152,159,161,148,134,152,161,160,122,132,158,159,167,149,139,134,150,143,140,152,155,132,161,158,155,162,152,150,148,147,167,162,145,134,158,139,152,157,156,152,144,166,142,144,129,153,157,178,132,146,139,157,150,146,137,162,159,171,137,165,139,169,139,157,145,152,146,155,134,148,150,154,139,152,147,145,163,135,144,148,171,163,154,151,137,149,147,170,122,165,131,157,149,139,153,151,139,134,155,161,150,143,141,144,165,139,139,154,163,136,149,158,151,146,156,163,159,142,152,146,149,165,159,151,142,151,159,152,142,138,154,140,154,138,168,159,150,148,142,141,127,141,146,137,166,141,160,144,146,151,139,138,144,144,145,163,152,148,168,141,145,133,138,145,143,151,179,156,148,155,153,140,148,147,158,156,130,149,141,167,161,152,144,165,156,141,137,153,151,164,147,163,156,138,149,163,138,149,171,151,154,139,157,157,138,147,145,147,145,172,156,145,147,136,145,157,135,138,134,155,154,162,162,152,165,156,149,142,138,147,151,147,149,158,149,161,158,146,155,140,150,139,153,136,143,137,134,160,136,134,146,131,153,149,146,150,143,130,160,147,169,138,148,143,123,148,131,152,158,137,165,173,131,145,147,149,150,146,154,141,145,156,162,156,150,152,148,146,155,147,141,173,148,138,160,136,156,148,142,145,151,134,142,140,151,152,140,136,134,157,140,142,153,163,145,165,155,148,178,148,173,137,143,162,151,159,142,139,148,153,164,161,132,150,164,143,149,155,167,179,122,133,152,145,145,152,139,146,165,150,154,148,162,155,167,122,149,145,158,157,148,146,145,134,147,147,141,138,136,164,141,146,141,161,155,148,134,143,152,138,141,156,143,154,143,135,163,152,148,155,152,154,144,137,162,153,160,154,154,152,147,153,158,145,161,140,134,133,153,129,137,150,150,159,143,154,156,138,152,158,147,146,145,134,152,136,151,150,162,134,137,145,151,146,153,151,171,157,158,147,123,155,153,163,155,146,134,146,153,153,148,135,148,143,152,137,153,144,153,142,159,157,151,157,161,150,160,155,151,152,145,137,171,137,156,143,156,166,145,165,155,167,143,144,155,130,152,139,139,133,140,152,142,150,144,136,146,155,165,164,165,155,155,147,158,179,152,140,149,148,158,161,168,129,149,155,164,163,161,153,134,148,139,148,159,148,161,154,128,155,143,158,141,141,151,147,162,144,144,160,152,151,147,152,163,143,155,141,146,143,150,149,154,139,170,139,137,150,147,153,140,147,143,152,152,137,146,137,150,140,151,162,159,157,136,147,141,142,143,141,164,137,135,154,161,159,156,135,154,150,131,161,158,155,144,135,143,145,145,160,141,155,125,164,150,135,147,134,156,139,154,161,144,141,138,155,153,134,128,148,161,162,155,154,148,158,148,161,168,130,146,159,156,149,153,151,172,157,155,139,149,124,163,129,153,160,171,148,137,143,145,148,146,149,156,150,159,153,148,152,153,137,158,138,134,132,161,128,153,147,133,156,163,144,159,147,141,149,158,138,144,146,137,160,161,163,169,141,142,152,147,156,170,146,132,150,155,140,147,146,156,156,144,153,146,144,153,151,161,153,153,154,142,149,160,135,160,155,136,152,145,165,163,147,147,147,148,147,123,151,157,164,156,147,139,149,147,157,157,135,125,167,140,151,178,147,136,144,148,160,154,140,133,155,158,136,146,154,151,138,146,137,137,130,144,151,164,159,160,153,151,148,153,144,142,148,131,172,136,154,138,160,147,154,159,150,159,164,158,158,136,152,149,152,144,161,152,156,133,149,165,156,168,160,137,149,143,156,156,153,157,149,152,152,144,145,158,141,143,146,141,138,150,143,131,153,153,157,133,139,124,153,165,150,149,144,167,146,158,157,151,133,138,135,142,148,158,160,148,136,134,148,163,141,158,158,136,149,147,153,145,161,144,143,139,156,151,142,158,155,151,161,153,134,133,151,145,145,143,145,149,122,147,152,150,147,138,143,144,169,161,145,149,148,149,158,138,145,166,139,166,136,136,141,151,150,149,147,162,150,154,137,154,133,160,147,140,157,152,148,147,164,137,150,144,156,162,141,159,156,161,144,154,132,158,141,139,159,140,139,146,144,143,142,161,149,150,151,149,154,156,137,145,143,131,140,136,155,139,141,150,143,165,160,148,156,152,160,133,166,155,145,158,149,161,160,134,147,152,143,150,138,169,157,140,139,163,152,152,127,163,147,149,127,155,147,175,150,159,139,149,177,142,152,140,145,139,154,156,154,156,145,135,150,146,151,157,149,142,151,144,140,138,151,164,159,167,159,135,133,148,150,138,155,147,142,149,157,164,143,138,138,152,157,143,158,124,146,138,160,152,137,137,147,142,153,139,154,138,147,137,154,148,160,138,147,132,163,149,151,133,134,140,142,158,143,127,137,138,160,160,129,130,141,146,144,144,147,142,146,131,146,151,159,163,138,153,154,153,141,149,142,155,148,147,170,151,138,143,160,152,162,158,146,148,156,141,141,156,164,142,136,144,154,143,144,154,139,148,136,144,148,141,135,161,141,159,158,152,161,159,160,124,146,149,141,165,159,137,144,155,149,143,150,146,123,144,156,144,161,166,137,152,169,147,144,145,160,136,150,144,141,162,145,156,158,151,142,142,146,156,153,148,140,152,157,155,148,122,158,138,152,142,146,159,152,148,154,137,149,155,150,138,176,141,145,151,151,143,159,145,145,171,145,147,140,138,160,150,134,170,173,144,173,154,154,149,134,155,140,135,148,161,158,136,146,175,159,162,136,154,169,159,135,136,151,152,130,170,146,159,170,149,161,163,149,132,146,154,162,153,175,145,138,155,142,143,159,147,141,156,133,154,155,155,132,136,150,158,168,156,141,155,140,138,160,138,146,156,158,142,149,133,162,151,155,150,158,148,156,177,170,155,152,153,166,157,158,148,157,153,153,152,151,160,163,143,168,138,137,156,149,136,156,126,153,176,161,157,158,145,150,144,161,144,164,123,165,148,169,156,142,156,170,133,154,155,150,144,155,150,154,155,141,151,136,153,144,139,162,168,156,153,148,165,156,158,147,132,159,167,144,148,148,149,150,151,165,157,148,148,143,144,140,147,140,150,156,164,163,153,161,148,142,152,152,161,162,165,157,135,141,166,134,130,146,171,138,169,140,152,154,154,160,132,144,141,151,143,161,157,149,147,154,130,147,147,140,143,135,136,145,145,157,162,137,154,157,158,171,129,174,151,152,167,136,143,152,144,157,158,152,149,159,158,162,140,146,157,134,150,158,147,149,166,151,144,155,150,139,168,141,156,139,133,149,170,153,135,161,145,137,153,145,141,155,157,157,134,148,154,151,156,143,144,125,142,142,151,152,168,149,140,155,137,137,171,134,159,153,149,148,162,170,150,134,149,152,150,158,140,147,138,143,155,142,141,155,147,151,133,162,143,162,136,149,149,166,153,165,141,144,154,160,151,156,154,153,155,152,164,146,148,151,173,171,142,156,163,148,144,142,134,145,157,151,143,142,149,167,143,142,146,155,146,152,158,153,141,147,141,145,157,157,137,145,140,139,142,129,132,139,150,162,159,142,154,161,160,136,146,156,171,132,134,148,141,164,130,150,166,156,155,158,146,151,154,154,124,149,161,165,150,156,149,144,131,133,136,150,152,148,151,137,151,137,154,169,143,130,149,137,151,152,163,140,148,157,146,163,125,137,160,154,144,144,149,165,154,145,144,149,141,137,143,158,161,138,154,160,143,159,138,154,153,151,148,146,159,147,153,165,132,164,146,145,154,163,158,144,144,140,144,147,144,161,150,144,152,136,152,163,152,153,159,145,145,125,142,160,141,163,151,162,143,149,167,132,172,157,138,144,154,165,117,143,140,152,139,151,147,136,149,146,156,153,137,138,152,158,141,161,135,139,143,146,143,143,151,156,139,129,148,151,156,161,160,151,156,140,154,149,164,165,150,159,155,159,156,149,139,163,152,153,164,146,162,146,157,149,160,156,170,162,155,146,151,157,164,150,135,152,124,154,158,128,160,159,152,155,155,138,146,129,165,152,133,171,140,144,164,140,149,144,154,151,152,129,150,163,150,152,153,143,163,153,129,152,129,136,166,149,158,147,150,163,154,153,144,145,146,145,145,147,135,140,147,139,144,155,160,143,154,145,142,142,169,155,158,163,130,157,141,137,153,159,141,146,133,141,145,133,145,146,159,143,147,150,154,161,148,147,166,128,151,158,141,145,159,146,167,159,170,156,136,133,163,136,157,136,174,164,154,137,171,156,154,132,139,152,142,150,138,159,141,152,142,146,152,143,160,144,156,146,139,141,164,154,148,155,161,144,151,140,153,145,162,162,136,147,157,160,142,156,156,141,166,159,144,152,164,135,143,152,154,150,147,160,131,147,141,159,139,165,141,134,145,139,151,139,148,134,154,169,139,157,155,153,152,155,160,133,165,148,147,160,163,142,142,140,161,138,148,173,154,153,152,164,138,149,143,149,128,142,137,155,131,158,159,137,141,158,163,140,156,145,150,140,145,140,155,159,140,152,171,128,155,161,152,144,153,153,150,146,151,153,136,165,153,163,143,146,169,163,141,156,143,167,148,126,159,154,143,174,141,163,159,156,141,153,141,159,160,135,140,141,133,134,151,154,155,145,153,159,140,144,155,145,154,152,141,144,155,161,150,149,146,129,153,178,153,143,150,126,156,140,158,147,143,154,144,153,164,153,147,144,150,146,151,140,159,144,158,137,146,152,158,156,152,155,156,149,136,151,152,138,152,146,160,141,163,154,139,159,147,157,139,139,138,162,154,146,152,151,158,144,146,148,149,141,150,161,164,146,146,148,146,132,133,160,142,146,159,149,161,129,154,150,141,138,157,141,141,159,172,139,141,136,147,157,159,126,160,158,168,158,134,142,166,135,140,169,158,162,144,142,160,148,162,163,146,145,155,171,154,153,149,144,160,150,159,141,159,149,154,121,151,146,144,176,167,150,145,148,136,167,145,151,148,156,143,139,148,144,147,149,122,144,146,154,141,140,153,154,147,167,134,134,156,152,155,155,153,165,140,151,150,155,146,151,141,136,130,157,153,145,150,150,138,158,149,143,159,139,150,150,161,148,151,130,156,148,146,157,137,148,137,163,142,130,153,139,137,154
168,127,155,156,141,144,141,155,152,153,151,151,151,149,142,164,168,149,145,145,141,151,158,149,130,150,152,155,127,146,158,168,147,154,134,144,155,161,160,135,155,143,149,171,138,160,147,172,147,143,167,143,170,138,158,155,166,140,171,156,162,147,133,156,148,161,155,142,162,162,138,152,154,147,149,151,144,141,143,159,136,145,152,133,156,160,139,150,159,146,166,151,144,147,159,129,151,166,144,159,146,156,131,154,150,164,139,164,151,150,152,152,145,156,157,151,144,156,164,123,129,158,152,143,140,157,144,145,153,135,140,149,141,148,152,160,163,136,144,148,151,169,144,159,158,158,161,148,141,129,150,178,145,134,153,155,150,135,147,163,143,165,130,136,169,174,136,135,152,139,151,155,142,135,139,141,164,155,153,153,156,142,132,151,143,160,149,140,144,147,144,139,161,168,141,137,147,144,156,146,172,166,157,130,151,152,134,158,153,157,165,164,142,154,158,156,162,135,137,136,146,155,162,136,153,147,156,146,135,142,149,149,135,163,152,154,147,148,154,136,165,135,151,150,133,131,158,158,133,158,154,169,160,152,143,137,150,160,145,160,146,141,150,157,148,136,144,147,150,144,160,159,145,151,158,135,162,153,156,167,148,144,144,133,141,144,141,140,140,138,145,164,144,138,138,149,173,143,133,146,141,141,162,146,164,147,142,166,129,142,138,158,160,163,152,144,158,138,152,146,169,146,155,157,148,155,139,149,148,151,151,141,149,141,146,152,164,141,150,161,140,147,137,143,153,138,148,125,150,153,152,152,131,146,149,152,154,162,136,144,152,137,145,154,140,139,174,143,151,149,149,162,133,142,156,160,150,157,164,158,143,143,168,148,150,155,151,148,145,146,140,136,159,130,124,169,162,154,146,144,159,141,168,143,159,140,153,148,165,141,151,146,136,144,149,137,125,147,151,137,158,140,144,131,145,156,140,165,144,157,171,152,141,140,140,149,142,168,152,141,162,146,137,134,155,146,160,164,133,158,140,139,138,135,148,141,147,152,141,154,143,143,147,178,152,146,151,165,162,163,142,157,151,166,143,152,152,139,151,149,168,150,162,172,136,145,145,139,155,153,148,164,145,152,149,136,136,150,135,143,152,135,158,153,166,148,147,155,155,149,135,151,163,148,159,155,133,155,170,167,146,126,136,146,152,136,144,146,146,156,141,150,132,145,162,149,154,153,151,137,156,152,152,151,148,161,158,167,140,149,141,147,149,160,140,142,169,137,157,148,155,146,144,154,156,134,144,159,161,158,151,134,139,125,158,141,147,153,152,150,158,141,157,145,152,141,147,158,146,158,143,137,144,136,150,147,146,138,152,129,144,160,158,161,147,158,140,130,149,139,138,136,159,150,147,151,146,151,166,137,167,143,150,176,144,141,144,140,159,152,139,130,148,142,156,163,158,145,147,148,142,135,138,158,148,138,159,146,148,138,139,148,150,141,139,163,158,149,144,151,150,142,134,165,165,169,139,158,160,154,159,138,140,156,150,137,157,142,155,153,152,148,158,151,153,126,160,151,142,143,150,146,162,140,149,152,153,149,138,150,163,151,153,147,132,160,168,143,154,133,156,137,130,147,147,141,149,148,165,147,146,163,158,144,131,151,145,139,151,148,146,164,138,157,156,152,129,151,150,168,143,138,174,165,153,153,159,143,138,128,144,170,151,165,145,138,160,137,150,167,146,159,147,156,168,149,144,151,144,151,152,149,154,147,143,136,158,139,153,165,134,146,157,148,144,135,145,148,146,159,159,151,151,146,135,152,158,149,162,162,149,149,155,144,142,141,139,141,136,138,147,149,141,149,139,142,148,147,150,145,144,143,161,156,164,164,154,147,167,147,142,158,162,147,147,152,148,134,152,147,170,160,139,152,173,140,145,152,168,140,156,152,150,148,161,138,152,158,138,153,139,149,151,155,153,150,176,145,157,148,148,142,145,151,151,165,147,143,146,152,138,158,154,151,157,155,128,144,144,146,156,147,153,157,150,137,133,148,160,160,152,149,140,146,136,140,147,148,165,149,154,132,160,149,168,160,148,149,155,139,145,170,159,145,149,136,137,141,154,153,149,155,151,125,159,144,143,139,167,154,155,151,145,143,158,138,148,146,170,141,152,156,135,147,155,147,162,160,163,144,149,151,128,149,159,154,154,135,136,151,149,148,125,156,146,138,148,132,135,152,149,141,155,160,130,146,135,132,159,157,156,153,153,136,145,138,166,156,153,144,145,148,139,160,151,145,171,157,132,155,137,137,146,132,148,153,150,148,145,142,164,141,168,159,147,139,144,135,155,143,151,158,149,143,157,144,154,155,152,135,149,133,145,153,124,157,141,149,157,158,144,143,156,139,148,151,156,143,163,158,147,132,144,147,146,169,136,136,152,163,134,153,158,147,145,138,142,138,139,146,147,151,155,155,134,139,133,151,147,158,165,150,146,137,149,153,149,147,146,152,145,158,141,155,150,148,147,165,141,161,152,166,136,139,155,136,153,140,142,152,153,140,156,143,153,155,152,147,155,158,133,147,159,134,146,137,143,146,164,148,171,158,164,152,141,146,150,159,149,161,159,174,146,149,144,160,138,148,148,133,148,157,142,153,156,167,147,142,150,149,144,152,135,147,144,134,165,148,129,140,132,151,134,162,148,142,152,160,149,143,141,154,166,153,164,149,133,158,163,155,156,152,153,134,156,157,148,147,147,148,159,161,142,161,128,152,137,168,154,157,154,146,163,137,149,131,137,150,156,140,161,149,150,148,144,145,153,140,157,150,158,165,148,150,142,150,152,156,173,140,153,164,157,155,164,148,144,138,145,150,143,138,156,153,162,153,144,135,141,136,154,161,135,146,119,151,146,154,144,155,175,164,151,150,154,142,159,143,148,138,153,155,131,147,135,143,153,150,149,137,151,149,143,172,159,137,175,159,154,155,150,167,174,143,160,130,145,142,144,140,168,146,151,145,145,146,148,155,147,139,146,158,150,147,136,153,156,159,129,163,154,162,159,156,149,154,161,150,145,135,160,151,144,143,154,149,138,144,161,139,153,152,145,132,164,147,144,148,159,145,154,157,160,157,151,154,134,131,137,154,148,151,151,149,142,142,147,136,145,156,167,161,157,144,148,146,149,136,165,146,124,154,148,157,146,153,150,145,157,161,138,146,144,170,154,155,142,157,160,142,142,153,158,154,139,155,153,136,148,147,155,147,164,151,143,135,150,153,142,153,149,164,142,148,146,146,130,121,146,162,159,130,143,156,133,146,158,148,149,165,156,153,167,165,153,152,139,148,168,147,145,150,158,140,145,147,159,147,135,147,140,160,162,162,154,162,141,131,150,152,161,157,142,141,147,151,163,138,135,167,149,158,143,163,135,157,148,167,122,144,148,155,150,159,137,143,159,159,161,146,133,130,151,142,149,162,146,149,160,146,130,135,149,175,143,143,176,147,137,158,158,156,149,164,137,136,152,156,150,154,146,155,158,169,130,153,156,148,136,137,149,141,158,134,141,157,163,165,138,153,154,153,130,145,145,173,150,137,140,153,157,128,135,162,143,174,144,149,153,160,156,148,151,150,150,155,169,144,153,160,145,136,148,149,161,153,163,166,160,151,166,161,153,156,162,150,170,156,148,151,153,146,146,158,148,157,132,157,159,158,147,166,142,152,155,149,137,166,144,142,146,148,139,147,151,150,149,132,154,150,138,155,151,160,146,155,143,146,149,143,154,144,159,140,145,153,151,158,156,130,160,150,149,143,155,153,147,167,145,160,160,174,137,168,148,162,154,148,144,142,145,156,158,138,153,164,137,142,160,146,160,142,149,142,165,160,154,158,150,140,152,163,139,143,155,165,146,146,141,153,128,147,123,160,141,134,146,134,162,162,142,148,144,139,159,142,147,143,158,145,156,135,149,146,137,149,154,147,139,157,143,155,156,143,142,143,158,134,161,143,157,169,156,163,147,161,152,146,149,152,149,153,147,151,154,143,157,134,130,151,155,168,140,153,139,149,139,170,153,153,143,160,154,131,161,136,143,129,128,153,143,145,164,135,163,141,149,165,159,142,168,142,149,148,156,154,162,153,171,165,140,144,133,138,154,157,141,156,149,135,145,150,145,150,152,162,146,146,159,163,135,148,138,150,144,144,148,172,152,171,138,159,158,144,141,147,132,131,142,140,157,145,153,143,173,158,163,130,140,139,158,144,159,134,150,153,144,163,152,149,148,154,143,147,146,138,139,144,127,147,157,162,155,142,148,153,156,164,148,159,156,153,164,151,166,150,148,144,149,157,152,142,153,126,144,145,149,153,168,147,134,164,153,159,157,142,149,148,139,155,166,146,162,140,155,141,152,162,142,146,147,155,137,176,151,151,128,156,158,149,130,149,144,159,137,144,148,167,147,133,125,157,154,133,160,151,155,155,169,159,136,159,159,169,154,156,168,158,168,134,147,137,148,168,170,160,156,145,153,155,165,152,163,138,149,154,149,140,150,139,143,146,136,142,131,141,150,152,154,149,148,148,146,144,153,151,134,140,166,155,137,144,148,142,145,160,172,150,156,165,147,159,166,142,156,147,173,155,147,136,134,134,147,166,168,139,143,147,152,174,155,140,159,161,134,162,133,161,142,162,152,147,159,129,143,147,139,144,142,158,154,162,143,155,142,162,164,160,162,138,160,155,151,159,153,164,145,158,150,148,124,148,151,140,145,145,167,172,163,148,156,145,142,150,146,147,148,164,148,165,157,151,169,151,157,135,130,133,154,139,126,143,143,153,138,139,158,162,146,136,141,154,155,154,151,161,144,137,154,160,144,159,156,147,149,143,171,132,139,162,165,157,157,149,156,159,164,159,150,154,135,150,154,157,157,161,140,132,151,146,128,138,147,142,157,163,152,157,143,146,137,153,146,166,167,144,141,144,166,143,137,154,135,143,137,146,158,127,166,159,140,159,160,166,144,149,119,139,157,150,155,143,149,158,150,158,138,145,160,145,142,165,153,160,141,148,157,158,136,154,141,155,134,148,136,160,146,156,132,153,153,153,153,145,150,160,154,155,166,136,152,150,134,137,175,135,163,136,163,140,150,143,157,165,140,147,141,131,163,146,136,174,136,148,147,135,150,126,147,137,153,169,169,135,162,149,150,145,152,144,151,146,152,157,166,155,160,152,150,162,158,173,141,147,168,155,142,148,147,148,142,144,147,154,131,157,141,160,150,158,158,160,133,147,143,143,152,143,157,155,152,153,148,167,145,162,145,142,145,152,148,149,153,151,145,149,160,145,141,155,155,148,121,154,137,148,144,137,149,152,140,142,147,145,160,150,140,138,148,161,154,152,156,141,146,154,131,150,146,154,154,166,139,146,141,139,155,142,149,163,144,142,165,136,135,151,173,154,147,147,140,149,156,165,159,156,160,159,149,155,146,163,148,136,137,151,164,141,164,152,152,171,145,130,150,134,138,145,155,154,155,144,136,143,167,137,136,146,152,148,151,150,149,159,148,148,154,139,126,168,153,164,144,148,150,154,158,143,147,150,147,148,158,168,150,134,162,148,160,163,141,157,161,133,157,153,146,151,150,149,151,155,152,142,142,161,149,157,139,155,158,154,138,157,158,148,155,128,139,142,155,144,145,158,144,148,149,151,157,135,136,132,168,172,156,147,151,148,149,137,161,148,149,138,152,159,150,160,138,167,145,142,152,140,148,156,159,153,156,146,159,164,152,149,135,146,172,148,155,151,129,160,161,156,145,148,147,147,162,149,152,132,138,141,148,152,171,149,155,138,155,147,151,180,153,176,162,159,143,159,130,155,134,140,144,148,147,157,169,145,139,148,147,148,147,146,139,175,146,135,154,134,156,166,147,140,149,148,140,158,156,150,149,150,161,150,170,155,161,136,142,134,161,141,144,151,171,138,178,156,138,163,137,144,137,155,152,153,151,151,152,162,147,154,137,140,164,142,146,157,146,156,177,134,171,136,150,133,154,147,145,149,136,149,151,145,146,145,154,169,146,149,159,145,160,152,163,141,149,147,145,149,152,169,155,154,158,151,176,142,151,156,153,161,136,158,158,146,155,155,143,164,158,151,141,144,141,171,152,151,143,149,157,136,161,151,152,137,141,153,158,140,158,150,139,141,145,144,150,164,140,151,156,150,148,155,139,162,136,135,151,144,161,149,140,149,157,146,142,154,144,146,139,161,163,144,152,146,133,171,142,156,154,144,138,161,150,167,144,138,130,157,150,141,152,144,141,147,161,171,156,151,152,143,155,153,144,152,163,165,159,136,141,150,150,149,157,148,155,136,134,149,146,152,153,166,145,168,150,165,151,137,141,152,138,140,159,151,144,135,159,156,144,143,132,156,152,147,136,135,152,151,140,147,152,156,136,171,136,156,153,160,143,160,144,146,163,154,155,168,157,144,135,130,149,126,141,143,138,150,145,151,154,135,131,148,135,155,128,146,159,150,137,170,147,150,142,157,172,149,147,164,168,146,149,144,133,133,149,142,141,140,139,158,147,146,150,139,150,154,163,139,150,149,152,164,127,160,172,153,154,174,163,140,138,157,146,150,150,147,160,133,152,148,151,133,154,165,151,143,153,148,144,146,151,140,154,138,151,152,137,136,149,153,148,129,159,145,130,161,147,157,135,170,153,144,142,153,143,146,137,149,138,152,155,161,139,149,147,160,144,151,157,151,152,157,170,140,146,138,154,158,157,147,168,149,148,173,149,156,145,164,156,125,151,140,141,153,155,158,153,169,149,160,166,155,159,139,154,160,154,155,164,147,157,139,157,137,144,133,161,146,162,135,149,141,138,136,137,138,139,131,166,145,148,159,148,159,155,159,143,143,146,132,144,142,143,148,163,159,127,157,146,133,151,138,141,146,148,158,144,155,144,157,152,138,154,164,155,134,146,143,127,153,137,161,152,125,145,165,144,162,139,150,141,164,154,165,143,150,170,139,157,152,144,154,158,164,143,140,135,150,143,155,144,150,154,155,143,147,157,151,169,150,152,148,171,154,151,168,143,155,149,150,138,165,157,168,161,153,128,139,147,158,156,149,153,144,135,136,139,152,146,148,150,151,144,149,135,159,148,158,116,126,173,149,166,145,143,140,152,147,151,141,137,158,163,144,141,151,160,152,154,150,165,152,156,143,138,139,148,161,179,163,148,152,150,132,163,166,162,140,159,167,157,140,130,161,153,159,144,148,140,151,143,133,129,165,171,148,144,141,156,143,129,139,134,150,155,150,169,131,143,143,155,146,149,161,161,143,139,155,141,141,142,141,147,153,146,142,158,135,141,145,143,149,147,134,159,166,140,149,147,155,155,156,139,157,151,152,145,157,137,129,146,154,146,156,154,161,147,141,160,154,153,163,148,154,171,164,140,144,144,161,148,162,135,151,149,131,169,160,160,147,181,143,161,143,159,167,147,164,154,156,143,151,147,137,124,153,149,150,143,142,142,130,152,135,159,141,135,158,140,157,136,162,150,154,130,144,160,150,165,135,144,160,147,165,144,167,145,129,159,145,150,154,152,155,142,132,142,149,149,172,158,129,142,165,156,139,159,145,152,155,153,160,156,171,150,152,133,143,145,147,147,143,142,150,146,151,132,139,133,158,141,146,129,140,153,177,142,139,155,161,156,163,182,153,150,162,157,135,152,146,159,139,131,148,143,140,151,157,154,149,154,156,156,140,137,138,148,169,138,152,140,157,152,179,162,153,144,161,149,145,171,157,136,163,174,154,151,128,139,137,155,157,150,155,154,163,151,141,157,137,140,138,146,156,136,143,137,153,154,149,151,166,154,153,161,155,150,153,143,139,140,148,166,148,150,149,139,148,148,141,169,149,157,158,142,132,144,164,145,160,151,156,149,154,139,151,142,169,160,139,149,140,159,169,138,160,159,156,153,163,149,160,141,162,135,155,152,176,155,154,154,141,157,153,138,140,156,147,145,141,165,166,151,154,133,149,159,161,164,147,125,151,159,161,134,139,156,151,132,141,157,149,158,129,154,153,156,150,142,133,154,145,145,168,147,148,143,149,161,144,145,151,133,134,148,163,148,148,144,126,149,149,165,154,146,153,156,156,161,160,125,153,131,144,144,163,153,152,157,161,131,157,134,163,152,137,167,150,139,148,134,138,142,139,126,159,148,144,152,159,154,148,156,159,142,149,127,139,146,136,156,153,148,150,142,147,143,160,154,156,136,153,169,148,135,139,152,161,148,145,129,157,149,150,138,151,166,145,171,152,141,153,142,157,135,142,138,150,142,149,153,134,151,147,153,161,126,152,151,132,152,140,146,149,145,162,134,162,170,148,151,138,143,165,135,151,154,138,139,137,166,147,161,166,156,160,167,148,164,157,149,145,157,140,138,143,148,172,153,159,138,166,162,140,147,163,146,158,139,167,181,160,162,152,166,154,145,142,147,159,178,166,144,174,136,140,151,163,150,136,144,161,158,152,160,136,129,151,152,148,149,152,142,149,141,144,165,158,175,152,157,144,154,129,152,135,155,143,145,153,146,156,135,144,133,136,143,151,147,141,166,138,173,157,141,140,150,161,167,155,156,140,140,166,155,155,152,158,154,146,148,132,151,123,157,147,149,146,153,147,166,157,154,151,164,171,150,152,143,147,163,162,160,146,151,143,145,158,152,140,150,145,161,141,149,135,137,141,172,149,150,146,150,173,144,162,145,134,150,149,152,143,141,145,147,147,153,147,160,150,159,149,156,147,157,164,139,156,134,156,148,148,153,162,159,159,157,148,164,154,152,132,165,147,152,153,171,154,144,150,168,144,153,171,146,144,160,163,167,130,158,145,151,155,160,154,153,156,138,146,154,158,153,150,147,152,142,175,163,138,154,152,154,149,152,141,149,169,132,141,151,165,141,149,161,173,132,166,155,137,131,143,151,150,149,155,161,158,148,155,125,150,149,151,136,147,151,154,156,129,145,162,179,150,166,149,156,156,132,150,144,165,141,158,160,147,150,164,152,142,138,165,148,143,157,148,153,160,141,150,149,144,136,146,152,128,136,124,152,149,154,141,154,154,165,153,151,153,150,155,147,138,149,142,148,158,144,187,150,147,153,136,149,135,147,147,160,139,155,147,162,160,155,160,157,142,146,156,148,141,149,140,152,145,148,155,149,149,146,137,147,136,129,149,154,147,139,159,136,148,151,161,171,144,150,155,155,146,150,162,150,143,159,154,131,140,140,150,167,150,139,147,162,154,144,153,133,140,125,151,145,152,141,144,142,158,164,136,132,156,164,155,143,133,162,148,139,147,151,147,147,157,148,152,144,159,176,160,155,143,145,131,141,147,136,144,146,159,151,164,146,167,170,149,158,144,144,157,156,136,148,148,152,150,132,155,150,137,150,139,139,156,156,142,153,142,149,137,137,142,134,144,141,165,152,156,166,131,163,152,142,152,146,145,152,144,148,166,140,147,160,129,143,137,144,157,168,145,158,144,157,157,147,152,147,152,135,166,160,150,132,137,152,157,141,155,155,164,168,162,159,143,152,157,149,150,137,167,138,153,145,144,141,138,141,153,160,143,155,142,135,149,151,145,165,157,136,123,169,155,153,161,148,141,155,144,152,170,146,151,147,146,133,158,146,140,149,176,144,150,174,136,149,141,140,144,151,142,133,157,152,131,144,150,154,159,176,152,140,143,144,140,147,155,157,146,171,140,159,141,153,140,139,151,155,128,158,148,146,154,133,155,154,181,151,140,145,148,157,137,162,165,147,140,149,158,163,163,132,143,145,154,160,145,156,163,164,166,153,119,144,159,147,162,147,153,155,124,154,147,163,161,157,157,126,169,145,132,171,153,170,145,148,156,129,164,153,145,145,144,146,162,160,142,141,140,138,142,146,152,138,144,144,174,157,152,136,143,144,147,144,161,167,164,134,149,140,146,139,152,135,153,156,166,148,150,140,147,145,138,147,143,136,163,138,143,141,153,157,130,151,154,150,158,170,137,140,146,147,138,170,166,147,156,145,143,171,142,155,148,160,151,176,149,156,159,143,138,157,134,144,153,149,144,154,144,129,143,132,139,159,152,151,143,151,135,158,153,129,155,152,143,159,165,176,136,137,146,150,131,153,164,146,141,152,154,153,158,150,163,163,138,144,158,155,175,152,146,158,146,145,148,141,162,151,132,137,156,160,167,161,136,152,158,146,137,136,143,159,147,136,160,154,148,153,157,163,146,144,151,147,148,155,151,141,149,147,142,148,149,144,147,149,157,151,155,134,143,141,168,147,151,151,143,147,147,151,149,145,146,144,151,147,158,134,146,147,139,133,149,149,142,152,139,144,147,132,147,160,150,163,148,162,148,154,152,167,157,139,137,149,154,145,141,143,151,143,148,143,141,154,166,133,161,149,149,158,142,147,147,133,155,147,165,147,157,154,157,141,157,153,166,141,145,158,164,156,155,168,150,149,147,167,149,132,144,152,152,146,146,156,146,162,149,143,154,143,130,151,138,137,158,154,142,140,155,148,155,141,159,166,140,173,152,137,166,162,153,136,154,162,158,161,145,150,127,130,163,145,141,151,157,153,139,167,159,149,147,127,154,150,154,154,154,144,142,150,132,162,160,146,158,145,164,141,139,158,153,150,155,153,159,129,157,146,143,139,160,156,147,140,148,147,151,141,145,163,143,161,151,147,148,142,154,143,162,143,140,146,146,149,136,141,155,145,165,132,145,143,139,150,165,162,152,162,166,138,142,140,156,161,167,151,173,133,147,154,158,147,131,143,162,152,176,148,148,135,139,159,162,146,146,145,159,156,143,158,153,147,144,157,161,164,138,156,144,138,146,152,142,161,134,153,142,137,151,152,163,154,164,147,142,144,160,152,136,163,149,154,160,136,143,143,167,143,176,147,140,150,155,160,145,151,164,136,151,152,124,141,140,139,146,159,142,138,167,142,142,156,152,137,148,145,142,152,163,158,150,163,156,150,151,142,143,152,160,155,153,167,146,146,149,149,146,146,121,164,170,149,156,147,158,167,144,166,149,159,140,150,150,167,163,141,148,131,165,154,160,155,136,154,139,140,136,146,169,123,157,155,149,142,166,144,147,153,160,155,135,140,148,167,144,141,131,144,150,150,151,154,160,135,148,156,140,141,132,168,167,133,148,148,161,150,145,128,139,141,135,134,159,141,139,154,157,135,153,131,169,158,157,143,140,155,151,150,143,158,144,168,172,146,150,156,149,161,152,148,161,165,150,131,161,147,142,139,160,165,163,151,158,160,160,141,149,156,144,158,156,174,166,153,143,155,155,145,139,150,153,170,159,134,145,160,153,144,154,167,144,141,165,142,136,134,167,156,168,154,166,146,148,137,149,155,154,134,142,173,159,155,152,145,145,155,139,147,154,146,137,159,154,149,127,142,144,137,169,153,166,158,166,159,149,156,154,143,141,139,150,154,158,154,140,157,137,145,131,159,172,146,153,138,155,145,153,140,147,132,142,135,165,154,164,152,154,149,144,151,168,162,155,163,140,161,129,149,136,152,140,149,169,146,161,142,158,141,161,150,159,153,136,147,155,135,130,140,160,148,162,138,153,152,137,162,137,144,144,136,166,134,151,136,156,138,124,145,154,133,169,144,130,128,151,125,136,149,138,166,130,148,154,154,154,155,139,153,132,156,156,141,157,147,133,147,140,127,154,163,158,137,146,148,155,134,142,137,162,146,150,134,149,141,142,156,152,158,170,138,155,166,137,154,179,143,155,170,146,139,138,146,141,157,158,158,166,154,156,137,149,161,136,168,137,140,160,142,142,154,148,162,132,147,170,146,149,160,143,138,170,155,155,152,131,150,145,148,151,130,140,130,137,158,145,165,140,153,164,147,167,165,143,156,153,157,164,159,152,134,135,129,153,158,146,147,160,155,146,152,158,143,168,149,161,145,154,149,142,159,145,164,153,164,133,154,141,169,144,139,143,153,138,139,163,149,169,148,152,151,145,152,140,144,167,139,160,155,129,161,152,156,135,146,146,160,159,156,161,167,159,150,156,154,124,179,156,146,145,149,152,158,153,177,146,150,151,161,139,137,145,143,152,161,150,146,151,143,138,154,143,144,155,161,132,144,141,158,140,138,159,142,143,156,157,133,163,144,164,136,151,145,171,133,175,142,132,161,145,159,147,146,154,143,143,132,154,135,147,165,146,148,156,155,150,137,143,141,136,162,165,144,146,141,152,143,159,159,157,146,143,153,172,149,146,152,163,164,131,163,160,148,156,152,158,153,137,151,156,151,137,153,148,136,162,153,145,159,147,153,142,139,148,164,142,149,166,168,152,154,160,149,152,181,159,137,167,145,158,166,148,136,126,139,141,160,147,148,171,153,145,162,146,163,152,151,151,150,150,154,162,145,147,156,122,153,151,134,151,151,137,150,140,151,156,160,149,149,163,153,166,135,140,138,162,158,129,148,168,147,160,134,152,158,146,145,153,154,141,152,159,130,155,141,160,134,175,147,118,154,145,138,164,163,134,153,154,141,134,146,156,168,150,147,156,124,146,161,133,156,164,162,143,156,138,144,156,151,130,131,138,135,141,163,143,158,151,134,156,164,151,170,144,159,158,146,166,158,140,146,148,160,146,152,155,151,130,146,142,152,155,152,163,142,161,136,147,141,165,178,154,134,128,162,162,172,148,154,145,151,146,154,163,146,131,150,130,143,161,156,144,169,156,147,160,175,144,173,155,157,138,154,160,146,141,164,147,140,154,144,151,142,156,131,149,145,170,140,148,145,166,150,136,154,152,144,157,142,143,152,145,149,157,151,157,161,126,166,166,162,157,139,147,152,149,145,148,126,139,155,145,162,142,148,138,140,157,144,154,150,155,145,138,159,155,139,148,127,147,134,154,155,127,150,149,132,158,139,160,148,153,138,140,158,137,148,171,130,149,126,153,147,144,139,142,138,156,165,155,135,146,158,123,167,155,161,142,137,154,153,156,159,167,145,138,139,158,147,156,164,141,163,142,150,138,144,156,145,130,159,137,156,164,139,156,145,133,144,157,151,145,126,149,169,129,136,154,166,147,168,129,137,159,161,145,150,164,136,144,164,157,166,141,148,158,136,138,148,152,147,155,158,154,131,145,142,146,153,150,161,160,138,143,156,133,138,138,150,147,152,177,144,148,156,140,161,144,147,154,135,148,149,151,163,153,134,159,157,160,161,158,140,156,140,137,141,145,127,152,142,150,164,148,178,150,143,152,142,141,146,152,157,158,146,156,148,153,139,142,153,141,159,142,161,147,155,148,165,142,143,154,158,131,162,146,160,174,149,152,140,159,164,157,151,144,145,144,149,154,136,143,143,133,149,150,142,152,136,138,139,148,138,161,144,143,167,151,155,152,157,126,138,157,135,141,166,157,129,165,146,150,143,173,147,144,152,168,154,142,145,149,141,159,148,160,136,124,155,161,170,138,149,144,135,142,157,136,150,144,153,150,150,147,149,131,153,161,165,136,144,138,142,151,141,133,122,146,147,145,142,138,157,154,161,153,147,159,134,148,140,150,160,144,144,156,147,143,161,145,155,139,161,141,152,152,149,153,145,141,157,149,154,169,144,166,135,137,145,155,156,158,141,152,149,131,160,140,144,152,154,148,156,128,141,154,158,152,148,154,152,159,143,168,150,138,149,129,137,141,162,141,157,154,142,163,130,142,161,145,140,159,137,159,128,149,153,140,150,165,149,138,162,152,156,159,139,141,157,165,124,151,152,155,148,149,135,160,125,168,149,157,149,150,151,152,146,151,165,145,138,143,139,159,131,142,142,128,158,157,162,122,145,139,144,154,147,157,141,139,159,147,165,152,147,151,152,144,173,150,144,157,150,141,148,156,141,155,150,140,147,149,151,151,170,143,155,161,159,138,128,161,141,168,161,140,146,145,148,141,146,136,151,131,136,153,131,149,144,143,143,154,177,141,150,157,149,140,142,162,147,161,158,148,165,142,154,135,161,153,142,156,151,175,151,151,136,159,153,168,152,155,145,170,155,135,161,145,156,145,152,151,150,152,149,145,152,162,151,148,135,156,170,159,157,147,161,140,143,140,145,142,169,163,150,161,144,136,145,153,152,155,143,148,139,154,149,146,157,154,160,154,131,159,141,162,156,152,155,155,141,131,153,141,158,157,146,133,143,150,146,146,177,150,137,142,133,137,156,138,146,125,145,161,136,154,119,152,141,144,125,157,158,160,157,141,141,157,143,135,163,140,156,153,143,151,165,137,143,135,151,152,157,140,174,154,166,172,145,156,162,145,138,136,139,139,145,143,172,155,150,127,151,146,150,127,151,166,152,150,139,145,156,142,148,143,148,139,136,137,154,137,138,171,157,153,141,163,162,149,146,143,123,152,161,151,142,146,157,153,143,142,158,150,167,157,164,139,159,163,145,136,145,147,140,143,142,159,148,135,151,155,139,138,149,142,140,157,141,154,164,169,146,153,148,148,154,137,147,157,129,146,141,149,145,145,153,136,140,151,162,148,134,154,160,155,167,137,162,149,157,134,141,138,146,149,150,148,175,137,155,150,153,169,152,163,166,143,135,145,171,156,156,142,159,146,137,139,148,168,136,148,154,128,157,152,155,150,140,162,157,147,161,168,143,151,130,148,153,160,144,152,156,144,134,139,132,141,166,136,157,141,146,155,138,163,141,147,156,158,152,145,141,140,155,145,147,127,127,140,145,150,147,151,141,146,156,134,147,141,151,163,144,167,159,135,154,150,134,138,162,146,136,164,150,142,155,153,143,158,159,158,115,145,168,133,147,138,144,151,159,147,134,151,136,172,153,128,129,155,157,134,165,151,155,143,136,144,154,145,171,144,126,146,166,137,156,160,137,152,151,148,144,153,142,142,143,132,148,149,151,147,144,148,136,143,143,159,145,147,145,146,155,154,157,139,146,159,133,148,170,158,146,145,149,160,161,153,133,153,176,139,157,155,161,161,158,177,176,153,134,134,156,141,144,144,151,154,159,174,157,142,156,137,141,145,140,142,144,158,143,161,152,155,144,150,148,146,145,136,147,146,159,151,143,140,157,142,133,152,156,151,159,164,165,158,166,149,154,141,150,113,147,160,146,148,150,164,170,149,165,156,170,169,152,145,134,136,142,158,164,157,130,162,144,136,149,144,144,147,159,140,132,161,127,149,153,146,144,154,145,138,149,121,155,150,141,179,156,158,150,154,164,151,146,146,154,164,164,145,156,155,155,149,166,157,138,166,158,141,162,149,135,157,170,152,150,150,148,133,134,143,141,154,177,149,137,166,138,149,152,144,143,130,147,136,143,159,149,143,145,141,167,151,157,150,142,167,135,156,141,156,140,151,134,150,131,149,137,170,163,148,143,153,153,149,155,168,131,166,159,143,147,154,156,151,154,153,149,150,147,146,141,162,157,141,154,158,141,168,137,162,139,140,152,155,149,147,146,146,163,150,140,151,147,157,161,148,172,146,136,139,149,147,158,171,151,157,121,151,135,130,166,145,145,172,159,150,155,138,128,150,130,160,151,152,134,156,155,147,130,139,162,159,154,159,152,126,151,142,130,137,162,144,172,155,163,152,145,147,161,166,143,151,148,142,146,137,149,152,140,138,141,161,143,135,153,159,156,151,145,165,151,151,147,152,153,150,143,163,143,159,157,144,144,135,161,153,149,155,136,151,161,154,151,154,164,153,144,143,154,146,151,129,145,153,173,165,149,136,140,155,155,149,152,147,164,144,157,152,158,141,155,143,137,155,137,139,144,173,165,157,147,145,151,145,159,154,140,167,146,157,155,129,138,157,169,152,150,151,169,154,150,163,143,139,140,131,169,153,158,171,153,168,147,150,159,156,162,146,164,142,158,148,155,169,157,157,138,172,133,165,179,166,144,150,145,158,151,134,131,143,152,147,160,164,151,150,162,146,139,153,136,155,166,147,154,153,131,157,138,156,155,149,153,153,134,151,160,144,152,154,135,133,153,156,150,142,138,159,151,160,141,162,152,152,152,146,149,154,142,157,139,147,145,142,153,156,152,143,136,158,132,151,150,155,169,169,137,178,176,167,165,148,159,144,144,141,166,168,139,171,134,151,135,143,142,142,144,139,146,158,146,155,149,150,130,161,144,139,146,166,123,131,155,151,150,146,150,173,142,152,155,152,151,136,162,153,140,136,141,153,151,140,148,148,139,148,172,150,157,153,148,147,178,143,135,149,137,144,165,146,168,163,145,159,143,153,138,143,156,148,140,133,146,150,167,148,139,157,145,146,143,164,160,153,161,127,137,139,136,130,147,140,151,150,161,156,147,162,142,146,165,142,141,157,160,154,140,151,145,144,124,157,145,145,129,124,154,159,142,148,140,141,132,159,169,142,151,138,154,147,152,149,148,144,158,121,147,121,141,132,157,132,139,134,141,141,137,140,151,144,154,159,159,148,157,126,149,147,155,158,141,142,152,170,162,146,158,145,140,158,146,142,162,159,145,161,156,153,146,144,149,160,140,146,169,157,175,129,165,158,129,132,125,145,156,135,147,134,149,162,147,132,153,164,143,155,162,133,141,148,138,138,152,149,137,167,159,148,141,167,136,131,161,150,158,142,145,152,163,168,156,141,141,156,170,138,148,171,157,139,162,145,125,155,148,155,143,155,142,156,150,152,158,132,143,156,151,141,160,161,141,144,149,150,152,122,148,144,137,131,162,158,125,148,149,143,142,160,152,143,171,127,167,161,160,146,153,146,153,145,152,130,146,157,152,169,153,169,141,144,151,156,161,146,136,158,142,135,138,141,162,170,158,144,157,139,144,151,163,145,142,169,159,146,155,176,148,140,162,143,159,149,163,149,173,157,136,169,150,155,153,152,135,150,157,148,122,166,154,159,147,154,159,125,163,140,144,157,138,147,158,158,145,147,141,161,167,169,132,150,151,151,136,156,137,163,150,162,151,154,155,143,147,157,147,159,165,152,147,152,154,158,139,163,156,148,151,148,157,168,142,140,141,134,165,137,145,140,158,142,172,144,162,157,129,141,148,164,142,153,139,160,142,144,144,145,148,124,140,158,143,166,127,171,144,137,140,141,142,156,134,145,153,155,146,165,148,159,154,149,150,167,151,165,149,151,139,141,155,154,150,162,159,164,127,157,150,151,135,146,154,149,165,139,137,159,162,152,132,144,159,153,159,165,175,147,150,144,147,146,153,150,150,144,146,161,133,163,161,147,147,132,150,135,167,162,158,137,173,146,155,161,151,162,142,156,149,153,145,155,151,151,151,140,141,161,160,157,159,154,160,145,147,146,156,152,140,159,145,153,139,147,149,150,140,157,156,134,132,153,156,161,145,152,143,156,153,141,149,143,153,145,146,141,153,137,163,161,149,146,157,160,154,159,143,144,146,153,150,158,160,129,156,171,129,152,146,136,150,167,163,153,147,153,168,160,148,151,169,150,155,135,156,150,160,154,137,149,167,144,128,149,148,165,161,146,157,168,158,151,178,166,156,149,155,146,155,155,155,139,155,160,164,165,157,158,164,141,134,137,160,154,146,150,155,168,158,155,141,146,160,159,143,156,165,129,148,160,155,142,147,145,149,130,157,150,152,165,154,155,169,158,151,151,149,156,152,128,139,143,179,159,148,147,146,151,136,143,157,154,141,146,139,142,160,135,123,141,131,170,157,132,172,148,168,146,138,145,162,153,159,143,159,148,146,134,143,145,144,136,142,147,150,167,145,156,145,156,155,150,158,154,160,164,134,160,151,151,151,150,145,141,154,156,155,160,141,140,147,148,145,143,136,157,160,147,138,165,142,137,155,144,151,142,148,149,129,146,153,147,160,144,155,135,122,157,164,147,144,142,138,140,141,159,150,119,149,130,149,154,159,146,145,155,148,155,145,140,149,154,160,156,132,166,140,164,146,145,140,148,170,165,147,138,165,149,149,156,156,152,140,166,157,164,145,144,146,144,153,141,145,149,162,144,152,140,144,147,148,144,151,155,145,161,143,143,137,160,157,153,149,169,150,158,165,126,134,158,136,150,133,135,157,172,149,151,153,147,161,137,134,147,152,156,152,157,130,146,147,152,165,137,154,165,155,149,146,141,161,149,148,147,166,145,155,145,140,144,160,148,147,146,157,164,137,160,160,156,136,155,150,151,154,147,137,156,139,159,165,156,155,147,140,151,154,155,169,125,155,151,147,164,167,145,155,161,153,154,164,159,140,166,161,154,150,143,139,154,142,164,162,149,148,157,141,148,142,144,159,161,135,159,129,125,169,164,145,147,164,146,159,158,144,147,164,155,145,132,132,137,141,158,160,153,141,152,158,159,160,144,134,158,155,162,140,151,151,179,154,143,157,152,167,127,131,138,144,169,150,152,145,166,156,154,139,158,159,158,150,140,148,152,150,160,151,156,138,140,138,164,149,153,134,153,179,151,134,156,155,164,143,148,149,171,146,144,149,141,161,162,140,150,156,147,166,154,152,142,163,131,159,164,154,173,134,134,155,141,169,145,145,145,115,150,152,122,163,147,155,138,141,138,136,170,169,148,146,147,145,146,135,170,150,136,134,146,154,167,168,124,141,149,137,146,152,142,161,141,144,159,143,159,144,165,170,146,153,154,151,170,155,129,158,152,158,139,138,159,145,150,128,154,150,147,139,141,164,151,154,139,152,162,153,137,144,169,152,134,155,150,135,147,169,156,165,131,151,159,150,135,141,163,152,133,157,154,137,153,154,137,150,142,133,147,132,125,163,142,155,140,166,148,148,157,160,150,134,140,127,158,145,148,157,138,149,146,144,160,170,145,144,142,156,144,152,148,147,149,144,145,145,144,148,141,154,152,154,150,172,138,156,152,138,153,147,142,139,138,166,152,148,146,149,163,138,125,138,143,128,142,150,154,164,168,154,155,142,158,164,145,138,151,147,148,158,153,142,151,154,130,145,147,167,137,154,139,157,162,145,151,143,144,155,154,163,153,141,164,164,137,163,140,140,155,141,146,127,130,142,152,128,143,148,163,160,159,153,139,142,139,164,137,147,155,139,130,167,150,156,137,162,146,152,143,155,141,149,156,141,155,164,137,160,154,147,153,136,149,164,145,145,156,161,130,151,169,148,148,163,146,145,166,142,142,154,157,149,142,163,149,146,159,146,148,138,142,155,151,142,159,146,140,139,148,140,138,146,162,166,146,150,144,155,132,148,148,148,161,150,146,137,155,139,151,143,153,164,147,138,155,151,167,146,145,148,154,129,164,145,142,155,161,151,146,137,163,139,154,133,158,150,138,149,143,157,170,171,158,140,167,149,136,143,153,151,147,158,159,158,155,137,155,155,155,156,157,139,177,164,148,147,149,142,137,143,165,148,164,153,166,158,132,154,142,145,158,143,161,148,146,164,146,145,157,144,135,152,144,155,153,133,147,158,152,140,143,157,159,143,141,169,141,151,153,143,148,152,163,136,152,151,145,130,151,134,145,158,146,146,144,146,148,139,149,175,154,162,154,157,146,168,147,139,181,162,145,134,148,131,175,161,157,152,138,118,162,158,139,145,152,153,151,151,150,160,156,147,156,146,164,169,148,132,148,141,141,162,144,150,162,145,132,177,147,163,152,160,157,154,144,156,144,146,161,133,149,154,158,155,154,153,165,136,128,146,163,153,141,152,145,139,157,153,151,142,156,133,154,167,168,148,140,161,173,143,155,146,141,165,145,143,131,149,147,136,166,175,164,149,129,128,162,148,150,160,165,147,153,159,146,159,158,155,157,154,145,155,158,152,137,158,142,155,148,149,165,147,157,142,148,163,154,132,139,145,132,149,150,148,145,149,141,141,130,146,150,152,171,138,150,127,138,154,140,125,143,157,159,151,140,147,156,158,139,146,154,150,153,168,154,150,147,150,140,151,148,145,149,146,136,149,144,160,128,141,175,167,147,155,151,154,151,142,148,132,155,160,171,148,151,139,148,160,144,160,145,141,160,141,146,159,149,161,143,157,146,137,172,155,159,138,151,150,153,171,149,149,134,165,147,139,149,152,143,149,153,163,151,153,161,162,152,170,145,161,138,147,156,152,145,149,141,157,148,148,147,153,155,138,151,147,157,148,149,157,155,158,143,154,153,154,115,150,153,163,149,140,147,152,158,141,164,152,147,142,150,138,151,156,151,138,149,152,145,132,143,170,147,143,149,162,157,155,152,169,154,145,142,147,146,144,151,138,149,141,137,135,169,137,136,144,136,156,150,167,162,153,143,163,155,139,160,151,161,160,147,150,149,169,163,150,143,147,147,150,155,150,151,139,152,157,148,142,150,152,147,167,151,170,161,134,152,154,152,152,147,142,138,151,138,145,153,138,149,146,147,146,152,154,135,148,141,143,167,149,158,151,153,144,150,154,164,146,162,163,159,145,158,143,129,147,134,160,159,165,168,155,149,143,162,139,156,156,168,156,176,160,151,165,139,159,163,150,148,164,153,163,138,149,168,139,160,177,141,156,155,155,145,151,157,126,150,133,139,142,147,145,135,144,147,151,143,134,153,143,182,145,155,158,145,145,146,156,155,145,141,145,155,145,131,158,150,138,155,145,143,150,166,164,138,168,162,156,149,138,150,143,160,149,162,153,159,162,141,142,152,153,149,152,152,142,142,154,151,149,161,149,156,158,163,137,154,152,142,149,161,168,150,142,159,169,141,143,168,126,147,153,150,140,158,161,145,137,144,150,136,141,149,146,147,136,163,169,167,145,154,140,156,157,155,181,155,152,150,137,153,148,151,151,164,141,140,139,134,146,138,153,138,141,137,161,158,160,148,142,141,142,167,159,142,160,141,140,138,138,151,142,164,150,154,145,123,155,164,140,139,138,138,164,162,143,156,132,153,145,150,156,151,156,162,160,157,159,150,156,147,139,129,130,151,138,163,141,152,148,146,163,157,139,141,155,159,154,152,144,149,154,145,137,153,162,137,152,151,162,156,158,154,136,144,146,152,156,158,166,161,142,143,139,154,145,153,142,133,137,158,139,151,158,145,160,139,150,151,153,124,172,147,159,149,151,155,152,157,144,151,147,130,135,154,148,162,147,152,143,126,136,178,145,166,164,146,150,151,161,144,142,147,146,160,144,162,134,141,144,152,154,151,134,164,153,138,141,164,133,159,140,149,144,169,151,138,158,159,156,156,143,128,150,160,157,145,172,127,147,151,162,152,139,160,150,156,154,152,145,158,155,137,145,147,166,145,158,168,150,175,150,153,154,148,153,142,166,156,151,150,152,148,159,174,157,154,145,153,155,163,135,146,149,149,164,151,156,151,166,152,159,172,161,138,145,150,148,153,159,164,139,142,162,149,157,132,145,150,162,155,135,134,160,139,142,151,175,156,150,172,147,149,156,150,154,144,130,149,163,134,155,167,149,160,149,156,136,142,138,155,151,158,157,155,151,141,178,161,168,138,156,151,126,147,128,152,147,154,148,144,150,143,142,154,147,145,146,148,159,127,143,161,161,142,141,154,153,151,155,168,167,141,137,142,135,146,145,146,142,146,156,160,158,157,143,145,140,146,150,150,139,164,164,147,157,167,154,151,159,137,152,148,142,147,156,154,157,148,128,152,164,159,147,160,151,141,172,154,145,155,126,176,152,152,140,148,156,136,168,139,155,161,142,145,141,151,124,155,138,136,157,160,149,135,146,155,144,157,142,138,144,157,157,131,139,144,135,154,170,144,161,166,164,141,142,167,162,140,166,153,174,148,162,156,147,152,135,143,155,135,128,158,139,152,146,148,159,148,148,141,147,142,151,149,153,166,164,135,158,148,148,145,177,145,142,159,147,148,131,178,152,164,147,168,152,160,151,163,141,154,159,137,157,152,149,153,138,162,150,161,155,153,168,148,157,152,154,159,146,144,152,148,150,160,133,146,163,145,164,158,163,140,136,130,169,150,163,142,155,146,153,145,153,134,139,130,142,151,136,138,167,158,143,147,164,139,153,144,147,151,144,148,152,152,141,146,149,171,166,145,149,151,159,141,163,142,136,158,156,155,150,154,149,171,142,157,163,153,124,135,161,166,153,138,150,128,137,164,139,141,152,164,150,140,157,148,145,145,165,155,147,133,140,152,154,135,145,143,177,156,181,171,149,153,145,124,145,162,159,150,134,147,151,158,164,143,152,126,155,152,141,162,145,151,135,147,137,159,137,137,138,165,128,159,139,150,160,155,153,152,158,147,159,135,160,141,152,164,149,141,157,163,143,152,160,150,157,136,160,152,162,177,157,159,133,150,168,140,137,139,144,161,136,157,132,168,144,146,144,148,158,155,154,149,157,146,156,160,163,154,142,137,152,157,148,145,147,150,169,158,146,144,143,158,159,149,150,153,142,138,156,157,157,146,156,145,156,142,147,144,162,141,159,160,152,150,153,161,151,160,134,154,134,151,153,154,141,159,149,166,153,156,151,141,135,157,139,154,150,144,139,145,154,140,162,154,143,163,144,158,168,151,157,152,169,152,146,133,152,147,142,162,134,145,158,159,157,140,149,139,154,141,145,140,159,166,146,146,156,149,149,147,153,140,155,150,142,152,161,137,130,139
146,137,165,156,136,141,146,153,150,154,166,156,142,154,132,150,159,155,156,140,159,146,165,166,135,144,143,139,154,130,141,146,149,138,131,138,154,154,173,144,136,145,147,143,137,160,167,132,162,149,160,168,137,142,138,151,136,156,141,160,177,138,158,138,146,144,140,159,159,151,164,159,156,147,148,144,154,146,139,136,156,147,140,143,142,160,147,159,159,139,168,148,145,142,167,147,153,146,167,133,156,156,147,140,147,150,160,149,136,152,151,151,155,171,173,148,159,148,148,157,141,150,161,167,149,154,149,147,137,148,135,156,140,170,159,170,136,157,139,141,129,141,144,155,146,156,143,149,146,163,148,135,160,158,166,173,148,141,151,149,121,134,175,139,147,145,152,142,160,150,143,148,150,125,168,141,142,138,150,139,157,159,156,162,141,156,141,155,139,164,148,161,129,138,152,143,135,150,149,144,145,157,147,144,152,133,160,139,137,147,149,147,146,144,135,142,153,127,162,160,140,158,137,136,156,151,147,146,161,149,143,146,140,158,157,164,142,150,151,128,148,132,160,155,183,169,143,145,141,161,151,152,133,138,155,155,158,138,146,167,139,140,162,135,154,134,154,164,137,149,150,130,146,154,170,141,147,151,135,142,154,159,156,152,159,155,156,180,156,145,141,126,160,156,157,150,137,153,165,144,165,161,136,151,157,148,166,135,153,129,148,157,131,144,148,150,160,139,147,151,153,156,121,136,153,143,161,141,138,146,159,161,155,149,147,148,156,147,137,172,156,146,143,145,153,145,161,140,156,160,157,137,145,138,151,170,146,144,146,155,143,149,161,160,147,151,171,168,148,141,150,149,138,145,136,144,134,163,157,143,156,146,160,145,163,146,163,139,164,159,147,134,147,153,163,144,151,147,156,148,131,148,156,161,164,152,134,148,147,146,152,149,143,159,145,134,150,155,156,137,155,158,142,135,128,142,142,139,173,139,142,152,133,146,139,145,154,142,138,137,143,129,160,149,136,158,149,147,170,135,164,144,132,158,148,150,130,169,150,148,145,156,139,141,134,143,130,156,163,143,151,148,152,155,154,155,140,144,144,138,141,155,143,146,136,157,143,143,157,155,143,148,136,167,166,141,155,144,161,146,142,125,126,141,154,130,150,159,154,147,137,130,136,154,148,150,151,156,149,161,152,145,161,147,159,156,133,149,148,144,159,144,147,156,160,149,138,137,143,149,140,166,152,169,138,156,155,153,152,167,162,136,152,133,136,137,154,149,136,161,146,153,142,148,144,138,142,139,156,149,147,141,154,163,140,146,146,153,135,134,138,135,143,138,157,143,144,150,162,135,152,141,160,153,137,135,150,148,145,151,152,153,154,149,143,134,147,153,142,154,139,156,146,132,167,142,125,142,152,156,165,169,150,156,165,147,132,138,142,156,141,156,146,150,166,150,156,127,135,154,143,152,137,154,144,143,165,166,157,146,146,150,161,143,127,147,138,161,152,151,164,155,148,155,148,164,163,162,160,142,134,159,164,133,168,171,156,165,146,148,151,131,149,149,139,175,145,173,139,152,173,142,156,142,152,123,145,163,143,139,149,143,146,142,177,159,167,135,157,134,143,167,144,149,150,150,152,155,128,137,146,145,133,169,166,161,154,180,153,143,157,155,156,155,152,154,151,139,137,153,122,128,152,153,158,154,133,164,129,172,150,151,155,150,169,142,149,143,151,163,150,135,147,133,153,171,147,136,154,141,163,146,143,141,142,143,162,152,146,140,155,150,166,138,153,152,146,158,155,157,141,143,154,156,137,145,117,162,139,149,161,143,125,149,152,157,164,152,151,161,163,159,143,153,134,154,145,149,144,158,143,158,148,155,142,146,140,153,167,158,161,153,175,144,146,161,144,157,147,148,153,148,136,133,132,162,136,141,153,161,148,184,149,156,140,144,132,137,135,162,142,153,150,161,139,155,137,155,143,139,158,131,147,164,129,135,142,156,165,154,146,153,145,152,135,139,149,156,155,149,142,165,150,162,159,137,160,155,163,155,142,156,145,155,149,158,153,155,154,137,157,164,158,148,152,132,146,160,144,155,145,152,132,173,123,151,123,141,141,135,141,163,167,140,154,152,153,150,143,153,148,155,147,137,162,154,139,151,133,135,141,155,142,152,142,151,145,152,156,156,147,150,152,157,154,137,153,146,142,140,144,157,167,158,159,143,155,152,153,167,157,145,141,140,150,154,146,145,149,159,150,162,174,146,138,148,137,148,152,154,162,152,145,156,146,152,156,143,142,153,155,154,166,143,142,133,153,148,148,136,152,163,128,158,146,133,157,138,156,148,149,142,145,133,152,160,152,156,133,145,139,139,151,121,155,134,148,147,142,140,132,149,165,130,158,159,133,154,130,163,153,153,154,139,141,149,161,156,171,152,157,142,135,139,165,137,148,145,130,145,139,158,139,141,132,140,161,167,136,152,162,144,150,147,161,151,149,145,161,138,148,148,156,162,149,164,149,116,145,150,133,159,171,155,136,150,140,149,151,141,160,149,156,159,150,148,167,131,153,162,137,149,160,135,150,147,152,173,168,135,175,157,140,147,146,138,144,149,142,148,161,155,147,143,147,154,144,146,136,157,146,142,166,159,147,141,151,140,158,153,146,142,154,167,155,137,152,140,163,147,137,158,158,146,163,155,144,140,158,152,152,142,157,159,165,164,149,136,147,163,157,142,160,150,171,160,140,161,160,161,153,149,155,130,156,165,174,141,154,148,138,166,153,166,147,155,138,147,147,130,150,150,150,174,154,143,142,165,155,156,158,142,142,162,162,155,142,160,159,151,134,156,180,155,139,144,139,143,151,142,139,144,144,149,124,162,135,144,140,162,167,145,162,146,147,140,172,147,145,140,159,159,141,140,165,151,140,132,155,161,151,158,143,147,125,165,143,155,141,146,162,151,160,139,151,136,166,139,133,147,134,150,141,152,141,137,153,149,144,161,147,146,157,157,159,144,155,150,127,159,157,147,145,148,155,130,157,142,132,145,157,144,164,147,145,148,172,146,153,144,154,146,163,160,155,150,156,160,183,154,135,150,146,138,150,141,157,143,133,166,148,137,129,140,145,143,145,146,159,148,170,135,137,145,154,158,139,159,159,146,140,150,148,159,153,135,146,147,162,148,135,171,146,136,140,138,152,157,172,152,164,137,140,143,151,137,155,139,158,151,141,147,147,150,147,145,137,136,149,152,153,154,146,128,157,151,161,130,149,156,148,147,161,136,147,146,145,151,160,129,151,132,159,157,174,151,158,156,168,164,147,135,148,156,163,141,150,176,166,157,156,136,148,156,142,159,155,143,146,156,138,141,149,126,143,149,148,138,150,161,142,142,146,156,131,160,159,147,150,136,133,153,143,154,166,143,133,166,150,147,160,140,160,131,147,148,142,157,146,142,149,150,136,156,135,151,156,156,138,172,163,148,143,162,159,168,159,159,136,154,156,159,155,156,149,137,130,150,147,150,166,148,144,151,154,166,152,149,160,161,143,136,171,164,152,146,133,151,148,147,148,162,147,141,141,163,163,164,148,152,147,148,139,149,152,149,146,136,141,171,143,153,156,163,144,150,158,136,151,160,158,154,142,150,140,130,140,160,160,166,154,156,131,151,163,152,154,147,139,123,147,134,153,157,158,156,155,145,163,160,142,146,147,157,140,155,141,147,178,167,133,158,143,173,147,144,148,149,147,149,146,155,162,159,151,137,152,157,157,141,144,148,157,148,159,156,133,152,162,151,151,161,139,140,139,141,156,151,151,154,163,144,165,159,150,141,141,164,168,139,158,151,143,146,145,147,139,147,164,136,134,133,153,134,153,157,145,148,140,154,143,166,143,107,160,158,135,177,160,147,138,156,167,154,146,154,154,133,154,151,145,142,159,127,149,161,146,165,140,160,144,138,165,140,153,135,154,146,154,138,139,151,165,154,152,151,162,161,168,162,148,148,163,160,142,173,155,132,138,139,130,167,139,144,151,152,164,143,128,154,160,152,147,134,151,135,133,158,142,143,151,156,153,165,163,150,163,153,147,133,147,156,153,149,165,152,141,158,149,156,155,149,154,160,145,144,154,154,161,157,161,164,150,160,153,160,146,150,151,149,166,160,145,139,156,153,133,147,145,155,146,156,171,136,147,146,140,118,150,149,152,156,143,145,153,147,158,140,145,159,168,154,143,139,157,163,155,148,131,144,143,150,140,148,154,167,182,147,144,154,154,142,149,154,141,150,161,166,136,169,146,156,152,167,155,156,155,166,135,154,140,150,149,162,137,141,135,148,118,147,145,156,139,157,134,149,139,155,155,163,134,134,152,142,157,168,152,146,143,162,137,155,159,161,160,150,152,157,156,153,134,153,142,164,154,153,150,145,147,165,154,150,134,150,164,157,158,137,140,149,144,153,141,141,139,153,130,136,152,151,162,146,152,123,132,151,160,144,162,145,147,160,129,153,131,147,135,152,146,143,149,156,152,146,147,133,154,151,143,150,160,159,174,167,162,151,152,156,156,142,142,144,137,154,174,157,168,134,135,160,144,164,144,141,152,155,144,144,149,139,158,141,157,154,141,150,157,146,152,143,140,165,152,142,148,141,153,147,150,156,158,150,131,131,159,155,162,146,160,154,136,145,167,152,141,152,166,149,144,136,149,148,168,163,144,141,142,141,167,147,159,152,157,157,156,152,152,161,158,135,134,158,156,163,174,155,173,163,136,146,159,158,166,145,137,145,137,146,158,157,161,141,148,153,142,145,142,134,171,155,160,163,155,147,150,144,165,171,149,136,140,157,142,142,147,144,150,142,144,164,150,150,149,155,166,152,140,150,156,148,148,156,154,144,162,139,131,162,147,146,129,167,165,151,159,165,152,168,159,130,142,162,170,151,148,144,161,154,136,142,146,142,154,151,129,154,138,160,150,133,148,145,152,141,168,152,157,155,158,161,150,161,155,145,148,156,153,141,146,155,143,141,149,169,145,143,148,152,163,148,175,156,171,156,153,155,151,157,147,163,162,151,128,147,142,137,161,160,154,139,167,143,150,143,145,135,139,149,139,151,166,157,150,149,160,139,154,158,128,145,153,140,132,158,161,144,160,148,159,150,163,145,168,143,150,147,155,146,147,165,150,145,149,141,151,139,138,153,149,152,146,165,133,141,141,143,140,134,154,156,153,149,162,142,148,150,138,141,132,134,162,141,142,140,152,139,131,158,158,145,149,135,153,158,144,142,136,159,145,143,138,138,151,168,158,164,151,158,141,137,158,157,146,154,132,154,161,161,145,146,148,143,153,156,147,145,160,146,156,138,144,159,141,154,146,137,158,145,154,147,139,139,156,145,158,150,168,128,129,158,167,155,157,153,137,134,137,168,136,142,131,148,154,135,132,130,141,146,134,158,139,138,147,153,129,146,159,158,161,134,151,154,139,139,166,145,158,136,150,132,157,159,141,154,134,144,148,136,175,157,155,157,168,148,157,161,145,152,148,144,141,146,145,168,137,157,168,164,154,136,156,164,148,153,144,159,136,149,150,158,128,137,133,149,145,149,161,167,153,145,162,158,158,164,146,153,160,143,159,147,137,134,154,152,158,157,131,154,140,141,144,139,169,148,148,133,157,154,184,166,149,136,167,155,137,149,143,158,133,165,148,156,146,152,138,138,152,147,160,153,151,134,139,129,163,134,158,162,161,148,154,159,166,156,145,173,140,142,150,167,159,158,149,149,143,147,155,160,154,145,143,130,138,138,156,154,139,133,129,154,158,151,155,157,126,149,162,152,162,133,168,145,153,159,146,191,161,152,155,144,156,144,157,149,148,144,136,132,147,153,150,141,177,134,146,160,151,142,124,166,143,176,157,158,157,165,155,162,130,158,139,158,151,154,150,157,161,138,156,156,175,139,152,158,148,147,134,142,144,153,136,158,157,152,151,143,145,145,148,141,139,137,160,161,130,131,146,152,146,160,156,146,141,155,139,147,153,153,140,146,157,159,154,150,132,152,145,144,154,150,160,137,152,149,138,143,158,155,131,176,136,138,157,165,151,159,152,146,148,145,142,154,152,157,150,155,134,153,144,134,165,146,152,149,145,170,163,146,159,170,161,147,141,145,137,162,144,149,142,145,161,147,139,153,142,161,139,157,156,135,159,171,152,161,141,168,147,141,147,143,140,161,154,141,154,150,166,148,160,144,136,163,160,133,150,156,167,156,144,148,171,156,149,156,149,136,153,145,143,128,155,168,137,152,145,157,155,154,152,167,165,135,168,160,162,134,147,142,163,159,153,159,148,157,162,177,159,158,152,163,139,157,157,137,145,149,161,169,155,130,142,148,146,134,153,144,148,144,148,144,170,156,148,141,150,151,141,163,147,157,143,153,151,167,163,134,129,158,165,163,161,148,150,172,153,162,139,155,176,164,138,147,165,151,152,168,148,157,153,128,157,172,142,155,147,138,126,152,149,157,141,134,148,150,157,156,160,146,120,139,169,141,165,147,154,143,155,142,140,140,162,141,153,144,133,155,157,139,157,155,131,150,159,157,152,153,157,141,150,144,147,163,138,154,153,163,158,157,158,167,164,167,149,143,152,146,157,155,153,153,158,149,154,155,145,153,153,154,160,131,151,135,145,128,141,151,134,143,143,150,157,162,134,151,134,135,150,152,148,151,147,155,174,149,155,152,156,143,135,145,144,168,121,137,155,148,143,161,147,148,146,152,142,135,142,162,164,150,137,174,150,143,141,164,150,139,158,153,148,149,120,157,157,158,136,164,148,147,152,137,149,138,155,164,154,145,155,158,150,159,164,145,138,152,149,146,159,139,152,139,156,165,150,150,168,152,139,144,152,129,149,160,145,157,153,164,160,140,146,140,151,129,156,122,145,149,151,143,157,148,146,152,167,154,139,164,137,140,170,169,153,158,155,157,156,151,138,160,138,144,157,154,141,147,141,146,127,158,136,156,143,136,150,150,146,159,142,151,157,151,149,149,150,161,155,144,160,144,153,150,130,150,163,153,151,158,142,156,137,141,145,152,159,138,164,151,146,161,147,136,137,156,136,151,139,162,143,164,137,161,141,150,148,149,143,154,151,155,152,141,148,156,123,152,155,164,153,150,145,150,141,146,148,137,149,143,138,158,146,149,150,139,140,154,149,162,139,153,133,164,153,150,144,133,151,157,154,157,142,170,158,138,165,160,154,148,142,147,174,147,143,152,162,175,150,148,153,157,141,161,134,152,161,144,178,167,157,160,140,139,132,151,152,171,139,160,157,168,149,141,148,127,155,156,143,153,188,142,147,156,159,149,153,138,172,151,174,155,146,145,152,152,141,157,162,154,144,145,142,152,144,157,146,145,148,151,142,140,144,142,159,136,149,136,146,153,131,150,157,158,141,157,148,147,151,162,149,165,152,145,139,165,138,143,160,155,148,147,160,153,141,149,141,146,153,145,141,140,142,156,147,152,139,151,149,129,126,159,156,164,141,143,144,154,144,152,148,150,163,155,144,147,143,148,150,157,143,150,154,144,150,155,141,156,143,145,146,164,137,145,139,154,162,150,140,145,140,157,134,150,137,126,161,142,136,154,155,152,142,144,141,167,157,155,152,162,155,149,137,135,138,141,150,151,149,145,155,126,156,134,143,127,147,142,150,151,149,169,140,134,146,148,152,152,148,149,143,134,153,145,134,177,147,141,134,122,141,152,172,135,157,171,146,156,143,154,152,134,158,155,162,143,144,181,156,160,136,154,165,166,149,141,158,157,158,158,158,169,155,147,143,143,166,135,157,164,156,150,158,142,136,141,132,148,137,157,165,157,162,167,136,175,163,147,161,158,143,154,153,147,153,147,143,143,156,141,146,145,140,150,157,141,152,158,150,155,151,138,140,151,157,153,140,167,148,139,142,150,152,150,150,152,153,133,140,156,137,166,137,130,156,152,147,154,153,146,123,153,139,156,150,132,156,156,148,135,134,128,151,148,148,156,161,154,161,142,149,152,161,140,162,143,143,160,167,134,129,143,153,156,150,165,143,162,146,152,140,149,136,160,149,149,167,155,138,151,152,163,144,181,136,168,150,147,170,149,155,144,159,149,155,161,144,148,141,164,147,169,147,150,148,149,164,150,153,158,162,160,161,149,157,157,145,141,153,162,146,148,165,153,128,142,164,163,152,149,151,151,148,153,155,144,152,157,137,149,143,127,167,168,158,163,142,153,163,148,147,139,145,163,170,157,159,140,145,166,142,166,139,147,158,152,147,146,158,146,136,162,155,161,140,150,166,161,163,164,151,152,160,141,152,133,165,133,147,146,155,148,172,147,141,146,148,143,159,145,158,148,139,171,155,147,139,147,147,158,151,153,130,154,152,135,146,150,151,149,148,156,145,138,146,147,158,157,152,169,154,149,155,148,152,141,132,137,160,152,160,138,154,144,147,148,146,160,143,164,121,142,164,161,140,139,152,189,133,152,154,148,150,147,145,131,168,145,144,132,150,142,162,151,173,162,142,146,165,155,150,153,153,165,126,165,143,150,149,147,164,136,125,164,138,134,148,164,167,153,152,167,147,147,134,158,157,151,153,148,143,151,170,135,133,154,143,163,137,153,151,150,145,153,151,152,155,156,142,147,149,152,164,152,145,154,150,151,134,147,144,143,164,154,155,149,148,148,132,154,145,159,179,134,171,156,152,146,150,170,156,141,130,143,158,160,169,132,130,151,165,139,158,161,147,139,147,165,138,139,147,143,139,146,143,148,142,160,146,136,148,146,149,167,160,152,136,161,158,163,144,138,148,159,157,153,142,157,136,152,152,160,162,142,150,147,132,153,163,128,155,151,154,158,152,158,156,154,143,155,147,129,147,163,163,148,137,161,162,123,134,150,150,158,142,148,160,148,149,136,182,146,148,152,159,154,168,129,160,166,132,138,144,160,148,158,159,143,156,134,163,156,141,138,138,134,145,147,142,145,159,160,148,134,136,166,140,158,144,169,145,156,127,145,152,152,157,162,155,152,157,140,151,137,147,140,145,135,143,138,142,131,161,145,128,155,143,140,147,163,150,148,161,137,157,149,153,151,140,138,152,148,144,137,129,152,143,142,158,138,148,149,144,162,148,169,158,155,128,135,138,155,155,151,163,168,146,145,150,162,155,146,178,151,149,154,141,143,153,159,152,144,145,144,133,158,146,135,149,129,173,152,160,148,159,143,170,141,139,147,163,149,152,157,159,152,136,130,144,134,148,160,147,140,135,155,151,127,125,140,158,151,155,133,144,168,158,166,155,148,166,162,137,160,142,150,162,154,163,136,165,131,150,162,142,135,154,155,155,163,151,163,143,163,156,141,169,165,150,149,127,145,169,161,159,148,152,162,138,149,149,125,159,133,152,157,155,149,146,175,164,158,138,168,155,135,134,155,143,135,158,157,133,139,153,150,172,145,162,158,160,138,145,146,156,153,158,150,155,136,156,147,130,164,144,147,154,143,153,156,156,145,142,156,157,142,153,152,143,139,160,136,157,154,155,142,141,143,157,147,152,142,153,142,156,151,152,151,142,134,157,146,151,176,148,148,160,141,144,158,160,129,144,155,144,144,158,136,155,167,144,151,152,152,165,151,164,166,156,155,153,128,151,140,163,153,157,153,142,141,141,123,162,172,150,135,150,153,133,151,161,168,158,149,144,144,140,150,149,167,140,150,133,145,148,132,130,146,141,147,147,140,153,146,122,157,156,162,146,140,138,125,156,141,157,152,159,133,151,128,132,140,145,142,132,161,157,151,148,146,156,148,126,147,151,163,141,147,147,142,161,126,159,139,140,145,150,152,154,148,135,138,123,146,147,152,137,155,162,151,134,157,162,148,135,140,155,143,147,143,170,143,132,156,144,156,141,163,147,149,154,153,149,136,157,144,164,156,135,155,147,162,154,147,146,157,164,149,150,159,132,139,147,163,155,141,152,155,132,143,158,144,137,158,157,146,144,172,132,149,156,146,161,161,143,149,146,158,147,151,147,153,145,139,153,155,140,142,146,154,158,139,162,145,149,154,149,149,141,151,154,158,143,140,139,149,134,146,136,137,159,145,148,145,150,162,153,136,145,122,154,164,154,163,156,125,152,157,125,167,142,156,162,144,155,155,157,157,140,143,146,155,153,145,152,157,149,158,137,145,156,138,154,173,157,143,161,150,140,161,164,150,162,136,125,164,156,144,152,156,128,148,143,125,145,142,138,158,127,142,158,159,141,147,150,159,157,139,145,156,158,153,142,152,130,151,129,156,151,183,146,159,156,162,156,152,127,167,142,159,147,172,160,170,149,149,157,169,158,163,163,164,165,148,141,149,156,140,154,137,146,151,140,143,161,155,154,130,153,140,173,145,149,159,158,155,148,167,142,138,154,148,137,148,131,131,151,140,157,155,151,152,168,157,146,161,159,144,148,139,146,156,144,154,140,147,144,158,141,148,139,138,155,135,127,148,127,161,141,149,160,145,148,148,174,160,146,144,145,156,170,131,153,148,143,146,150,142,145,139,155,162,169,164,159,155,153,134,144,140,168,136,145,165,150,139,149,158,155,153,154,146,158,157,173,158,152,148,154,129,138,154,148,158,143,143,150,147,150,154,158,141,148,153,153,146,171,151,138,146,137,137,152,154,167,167,150,162,142,151,158,139,157,151,144,168,162,144,161,154,148,159,139,147,161,147,169,139,153,140,159,143,148,137,156,155,136,149,157,139,150,152,152,144,136,160,151,163,160,173,153,151,147,151,141,155,142,144,134,158,162,164,140,152,156,164,144,144,145,157,143,136,156,130,156,149,143,149,160,151,174,148,151,167,137,153,146,151,154,139,149,155,158,164,142,152,139,165,143,170,150,155,152,146,153,140,145,151,144,166,157,146,151,175,149,164,133,148,146,152,152,160,157,154,170,159,164,144,134,134,133,131,146,148,141,162,156,161,163,157,142,146,147,153,187,168,151,158,164,148,131,144,161,136,137,155,170,152,155,163,152,161,144,157,144,137,161,153,141,151,147,154,149,151,141,148,151,155,170,168,163,154,135,151,147,148,140,142,156,156,145,137,161,140,148,177,150,168,160,132,142,164,155,159,147,167,169,151,160,152,164,135,144,142,138,143,143,142,149,151,136,142,158,140,123,137,147,151,172,138,144,143,146,138,148,151,144,161,152,135,155,155,156,159,160,137,140,149,154,144,156,168,131,162,138,149,170,145,157,142,136,153,146,146,154,170,138,134,132,145,143,145,158,142,144,160,160,141,152,139,124,152,155,123,164,150,163,150,142,139,163,141,147,148,168,155,155,138,141,149,161,148,130,142,160,160,163,166,145,153,165,152,161,164,152,141,135,156,170,144,157,148,149,133,136,131,152,135,152,160,134,136,136,136,167,128,156,150,163,151,135,157,145,148,157,153,142,142,154,163,150,155,164,147,153,166,148,157,162,154,146,131,142,150,154,145,158,160,142,152,150,141,140,156,124,137,155,149,150,139,149,153,163,154,162,145,151,153,166,155,150,146,152,146,143,165,154,155,155,142,147,147,147,134,136,142,128,163,162,134,142,165,158,152,169,150,145,151,124,144,160,153,146,144,165,159,158,152,158,145,164,157,142,169,153,146,135,137,130,141,144,138,155,157,155,144,139,146,151,137,154,147,145,151,169,144,143,148,155,122,142,154,152,168,143,149,163,160,165,131,151,162,145,156,145,129,145,150,147,146,144,144,131,172,132,159,154,143,163,172,138,142,142,150,168,157,144,144,157,165,150,151,138,151,131,144,137,156,148,148,149,132,151,152,154,167,136,128,141,153,161,154,150,140,154,138,127,161,152,164,147,153,172,146,148,163,170,156,149,144,141,162,150,136,155,169,148,143,149,158,137,133,156,154,151,150,153,142,145,142,150,128,148,136,138,137,163,156,141,149,165,150,139,182,137,154,147,155,156,135,158,150,150,151,155,160,161,159,147,157,148,162,143,169,153,138,153,146,156,137,160,166,152,155,152,163,133,150,150,139,151,155,151,145,148,147,138,140,153,165,151,164,137,167,137,136,149,161,162,161,142,151,149,156,136,170,170,154,160,142,154,146,146,153,143,147,154,137,155,167,145,162,146,159,152,152,162,153,139,161,173,167,161,151,159,138,146,146,142,157,152,161,151,160,159,157,146,169,157,163,158,148,150,149,167,156,162,152,169,156,144,168,152,133,153,145,162,170,161,159,126,138,152,152,155,139,157,130,144,156,153,138,135,135,167,138,140,159,153,159,153,133,153,143,155,163,156,154,150,163,163,137,157,164,165,142,154,173,143,155,160,141,160,158,146,164,163,156,156,165,145,163,159,140,141,148,163,158,147,167,156,163,138,151,148,139,154,156,148,157,152,159,137,133,142,159,152,158,163,141,140,147,168,155,154,146,152,149,151,158,161,150,146,153,140,160,161,147,152,156,141,169,142,133,162,133,142,162,160,152,151,140,160,140,150,153,161,166,155,152,141,149,135,149,140,168,158,145,150,156,147,147,141,151,167,169,159,142,155,153,147,153,149,158,156,170,165,160,166,145,150,146,133,148,160,140,150,175,150,156,153,151,156,165,173,154,156,150,162,137,149,146,158,153,135,140,147,159,150,141,146,155,161,140,159,153,138,149,138,146,140,161,151,144,166,140,143,143,140,149,153,172,143,178,142,164,160,147,156,151,165,160,157,149,130,153,146,165,150,167,141,133,136,149,155,138,163,143,154,151,149,153,167,157,149,157,159,149,141,138,144,157,140,133,156,141,151,132,141,128,167,162,168,149,129,144,157,154,146,150,145,149,151,150,154,158,144,155,149,143,142,147,149,143,140,150,135,143,170,136,144,169,139,152,155,155,139,150,153,179,156,136,162,137,150,147,149,152,151,152,158,138,147,139,164,137,144,145,133,163,152,162,143,151,153,134,151,146,138,152,149,143,172,157,153,136,158,133,141,164,146,175,142,143,142,172,136,152,160,142,166,143,157,156,133,145,146,161,157,153,137,145,159,160,143,144,156,148,153,141,155,146,154,156,166,131,176,156,145,151,155,147,147,157,151,156,182,147,153,141,144,150,166,155,121,146,149,153,154,140,152,142,153,148,149,162,150,155,138,151,162,152,154,146,142,159,141,148,151,149,146,156,157,152,133,152,157,152,157,146,141,142,168,151,149,144,156,152,129,129,163,139,158,150,160,150,162,155,147,142,141,163,166,148,147,146,150,170,143,177,177,152,143,145,149,156,153,134,154,140,151,159,141,133,164,144,159,154,154,163,151,152,149,145,164,144,175,147,159,141,149,160,143,157,148,166,154,154,152,152,161,156,149,152,157,144,166,157,130,148,153,158,135,156,151,148,145,162,143,147,163,150,144,152,143,158,145,151,153,149,151,161,154,136,148,148,139,170,149,145,161,135,136,158,136,152,153,151,150,168,152,150,145,144,154,158,168,144,127,136,141,149,149,160,156,165,152,149,132,153,160,125,137,139,134,153,144,136,152,156,159,146,158,137,131,148,154,144,163,138,156,166,150,145,145,165,145,164,134,142,150,171,159,146,147,161,131,149,160,173,155,139,140,138,142,168,145,136,143,168,156,164,159,163,135,145,154,158,162,143,132,158,151,141,161,146,133,150,153,153,150,158,135,153,153,147,152,156,159,162,135,145,143,157,146,167,158,152,142,162,145,149,156,149,149,164,147,161,154,156,138,166,138,155,159,149,151,147,139,154,135,154,148,156,126,139,147,160,147,151,142,169,134,165,170,156,163,163,153,150,150,157,152,133,153,142,166,174,145,160,151,150,155,160,144,164,155,161,149,161,136,136,168,146,152,148,164,148,148,160,157,138,148,143,156,149,163,135,156,161,155,147,154,143,139,131,140,177,160,181,148,151,159,136,141,163,149,142,150,144,147,141,164,140,149,147,158,172,132,150,163,144,135,142,160,144,151,148,151,157,164,155,161,161,145,153,138,153,156,156,157,167,163,141,166,141,163,157,142,149,146,153,147,156,139,165,152,140,155,156,148,150,155,155,141,143,165,155,149,145,160,144,146,143,155,154,156,150,170,151,161,155,166,149,162,167,154,145,140,154,151,150,169,154,158,158,149,151,152,151,133,167,157,161,148,165,151,154,151,162,167,142,151,133,135,149,149,165,133,144,160,151,157,135,140,148,139,128,157,137,153,164,157,160,164,135,163,152,158,175,150,157,151,142,141,152,138,167,141,148,141,167,144,149,143,154,137,125,168,152,135,177,145,162,157,148,145,149,155,140,160,153,160,149,148,166,154,163,158,145,143,150,152,151,157,146,151,154,144,145,153,160,146,161,146,155,140,151,154,150,155,146,122,164,165,146,154,155,146,154,158,137,155,137,150,146,149,136,155,152,138,136,151,175,154,155,154,137,166,153,158,141,153,151,169,158,138,130,145,153,154,148,164,162,146,139,151,155,151,138,169,160,160,167,149,156,138,125,161,164,153,152,127,165,153,147,136,132,150,141,165,170,156,153,136,149,153,148,170,150,152,152,167,157,149,145,162,154,133,151,141,157,145,153,129,141,153,137,170,148,153,153,155,167,155,148,137,159,154,134,147,155,154,151,167,156,149,146,153,149,137,144,153,142,168,151,125,155,139,145,131,148,154,149,136,152,159,147,137,148,153,142,142,143,136,128,150,146,163,155,142,157,144,149,132,158,157,126,160,146,157,151,165,149,167,145,152,156,147,143,158,162,169,149,150,148,142,141,139,135,147,140,127,137,144,159,130,147,145,140,165,167,142,152,167,139,156,148,131,146,146,154,142,159,161,147,146,152,145,179,142,142,149,140,150,169,139,148,145,144,163,145,140,143,163,136,164,143,142,150,163,162,148,148,167,149,149,144,161,145,167,147,139,152,161,168,145,140,143,121,131,151,125,147,144,137,170,164,159,141,150,150,167,158,132,153,138,154,141,162,148,149,138,151,143,126,146,141,149,141,154,137,145,148,148,151,143,139,160,149,165,154,148,153,160,144,166,166,145,150,137,139,146,158,148,143,164,158,148,176,171,135,128,122,152,157,148,129,150,158,146,133,158,170,153,154,159,146,142,157,159,138,149,154,158,157,162,158,158,171,154,148,160,147,156,158,165,159,140,150,173,144,155,159,153,173,152,147,146,162,151,144,148,142,140,161,147,145,153,134,155,148,135,155,144,146,151,148,162,146,153,154,167,140,148,145,144,157,137,149,145,157,144,147,148,148,151,166,155,161,144,147,147,143,143,150,146,146,148,143,148,146,144,164,141,149,153,151,162,140,158,153,156,152,129,129,146,149,160,166,148,147,158,152,157,142,157,144,158,149,132,160,137,127,152,168,150,149,142,138,152,148,156,146,147,144,140,145,141,149,124,151,143,161,135,158,148,150,147,165,155,146,146,156,183,158,135,148,152,138,141,149,155,170,143,142,140,160,155,156,149,153,147,136,163,141,146,158,142,150,133,171,153,144,145,138,138,158,136,139,155,149,150,143,155,142,141,152,153,149,151,153,159,146,135,149,152,129,150,146,132,146,135,158,147,147,138,151,157,157,150,152,137,148,133,153,158,157,144,147,158,128,145,158,149,154,167,131,152,146,139,146,149,134,127,146,139,151,160,136,139,138,156,169,144,139,144,138,159,144,143,148,155,128,154,145,140,161,152,145,153,158,148,141,153,149,165,147,162,170,147,155,155,151,127,155,140,172,158,147,143,147,156,146,143,139,157,172,150,139,158,132,139,149,128,148,151,152,157,132,151,133,143,162,150,140,168,153,158,164,167,149,155,144,154,167,144,145,134,146,136,142,142,153,164,164,155,167,159,135,159,149,152,129,140,163,163,137,142,147,166,148,148,158,156,143,149,136,153,140,154,147,137,150,163,171,138,135,139,161,146,145,144,150,148,145,132,137,142,156,146,144,149,167,150,152,141,144,162,134,135,167,138,133,156,159,137,164,146,136,145,164,152,139,150,140,133,145,137,162,152,141,164,146,137,160,147,147,163,131,166,164,139,151,149,154,130,149,141,164,156,128,141,131,143,151,163,150,140,132,151,135,141,156,146,142,170,164,134,152,154,150,162,172,147,155,152,151,139,163,161,168,162,136,133,146,157,158,141,158,158,152,137,144,146,145,148,155,144,137,159,153,146,163,154,148,142,157,137,136,151,126,147,147,144,162,147,141,152,145,158,161,147,150,159,144,134,161,159,155,168,159,134,155,130,151,139,142,144,156,137,139,150,138,137,152,134,154,148,156,144,151,167,158,134,145,160,147,156,144,146,172,164,140,145,166,153,149,151,154,154,163,151,140,141,144,151,152,145,154,159,140,134,148,146,149,155,139,139,153,155,167,146,145,142,134,167,156,144,148,144,147,150,165,158,131,137,151,174,165,134,132,150,154,163,152,153,149,132,159,123,152,157,146,149,132,151,149,159,150,172,139,146,142,146,146,163,142,148,147,129,170,158,139,151,141,161,145,148,171,152,148,153,147,162,158,152,142,153,152,146,144,139,161,158,148,165,163,152,130,143,149,150,153,159,131,147,150,173,130,144,158,134,147,156,141,146,136,174,151,155,144,139,135,140,155,153,152,131,151,143,148,159,140,155,146,165,160,133,150,151,139,152,169,165,154,157,140,141,156,159,147,142,152,142,148,140,152,156,159,163,139,127,164,158,145,167,141,150,147,149,152,159,143,153,158,170,145,167,171,148,174,144,148,135,135,146,135,164,154,161,140,150,138,139,143,164,144,148,154,159,142,140,150,147,168,152,140,146,145,139,146,139,157,140,147,135,144,158,151,143,143,161,134,146,157,131,155,157,166,146,151,151,147,137,146,137,151,148,147,148,121,138,145,148,177,160,150,156,135,156,143,157,153,163,168,139,165,129,137,157,157,159,156,151,164,154,138,151,169,135,156,154,157,140,148,144,124,154,148,134,150,170,144,148,149,133,132,142,142,147,147,145,151,134,156,153,150,146,157,148,144,157,157,142,140,141,155,145,126,157,164,169,156,168,162,143,169,144,146,154,151,140,148,156,144,149,155,162,157,154,130,141,148,146,149,141,149,161,159,155,150,151,149,145,136,144,146,142,152,146,151,155,136,152,131,153,158,172,157,167,155,147,159,136,153,143,152,159,154,139,135,148,167,135,144,149,144,164,164,143,160,136,152,149,151,156,143,156,145,149,159,159,145,147,144,152,147,152,164,160,146,134,151,124,160,150,137,156,149,141,133,143,165,153,160,134,142,156,127,147,136,136,145,147,159,157,146,150,148,166,139,156,140,151,165,157,145,149,151,136,159,133,166,147,139,145,154,158,155,171,153,161,145,150,148,154,153,144,135,155,155,150,169,137,137,161,143,139,168,166,149,139,149,145,162,168,163,147,140,150,155,141,159,133,156,135,162,146,136,147,161,141,154,161,156,153,151,150,140,143,146,145,132,136,154,163,144,157,153,144,140,147,137,137,143,165,140,146,153,165,162,165,128,146,151,160,141,146,173,152,170,133,150,141,135,151,128,163,141,141,147,135,147,148,151,143,145,145,158,163,158,156,150,144,154,135,136,132,161,144,151,150,154,146,153,147,131,150,154,162,166,157,137,140,150,144,154,158,154,154,156,140,159,145,138,143,137,128,129,139,143,154,153,157,146,150,135,150,154,139,144,152,145,132,162,155,147,154,137,158,145,159,139,151,146,158,154,146,164,146,147,142,154,165,150,122,142,152,132,147,140,156,130,141,133,166,145,148,145,153,151,156,137,162,155,152,149,137,137,157,130,135,140,160,157,159,152,149,140,145,160,154,170,165,140,153,129,138,145,170,139,136,139,162,147,144,153,161,157,154,153,134,152,132,153,161,148,148,158,156,152,160,148,141,135,162,162,149,158,153,139,153,146,152,147,153,164,147,144,150,137,140,157,157,158,153,129,160,157,160,136,165,159,167,145,141,171,149,135,152,151,155,137,147,164,161,153,157,162,144,142,137,158,152,152,130,138,149,159,157,142,143,156,159,162,157,147,147,146,146,149,153,150,164,162,149,151,153,139,137,151,145,147,145,153,161,150,150,143,170,135,150,154,158,167,152,168,169,165,158,157,159,153,150,142,152,149,150,150,144,155,166,149,142,137,149,152,157,154,152,154,155,142,147,140,146,156,152,152,133,142,152,143,140,136,155,172,149,137,160,144,146,145,158,150,140,138,143,161,153,142,159,141,149,143,167,153,153,150,135,151,143,152,159,147,139,151,155,153,160,169,138,143,160,147,151,162,137,157,143,147,137,150,132,143,147,148,146,159,152,151,155,148,147,127,133,150,165,135,151,168,154,154,147,142,127,152,167,144,148,164,137,133,147,159,146,133,161,146,144,155,174,151,137,147,146,157,157,170,158,146,148,151,144,156,144,167,148,157,154,152,158,151,152,148,164,155,164,156,172,139,141,156,138,138,150,148,151,160,166,145,147,135,140,146,156,144,138,141,141,176,144,131,152,169,157,155,145,151,145,169,161,172,154,167,137,161,147,133,142,150,137,155,153,159,150,155,145,131,161,165,150,142,149,163,140,160,140,145,154,157,151,150,152,157,171,162,156,145,147,137,132,145,151,151,156,145,130,158,144,165,148,150,159,134,151,145,136,160,160,132,160,145,135,167,138,162,138,178,156,162,134,160,145,156,156,154,147,145,158,163,144,166,137,180,142,156,156,163,138,155,163,149,148,153,165,148,146,154,169,139,128,151,136,154,158,145,156,151,120,135,138,154,151,144,140,137,151,141,124,144,153,134,167,136,118,141,144,151,174,148,149,156,149,153,158,151,139,152,151,140,143,150,163,155,138,145,165,146,159,140,158,155,169,142,145,164,150,167,142,157,151,150,145,160,148,154,173,165,146,139,162,139,142,148,162,151,142,160,137,140,137,149,144,148,154,175,147,155,179,149,150,148,146,162,149,157,147,138,160,151,153,148,158,139,141,142,151,157,153,147,147,145,172,150,147,151,154,159,158,144,147,176,144,152,152,154,153,147,140,154,144,167,134,160,144,154,129,158,142,146,149,154,152,146,156,144,136,155,149,132,135,155,170,166,158,150,137,161,144,142,152,142,161,143,140,143,147,155,133,148,157,158,147,151,165,156,149,161,145,149,161,143,143,163,146,157,163,155,162,158,159,141,133,151,156,136,158,134,130,148,163,158,141,153,153,121,129,130,163,134,151,152,142,135,156,143,145,148,168,147,156,154,149,147,154,129,154,154,152,153,147,148,142,145,150,148,161,146,150,140,145,144,156,137,142,149,134,139,156,140,137,151,159,149,150,153,154,156,146,152,175,142,153,153,184,145,161,153,156,157,165,155,144,127,155,148,153,135,151,135,152,154,137,156,153,148,157,155,145,149,172,146,167,143,170,155,147,155,138,167,157,149,147,157,141,143,140,146,162,159,151,145,146,139,179,146,164,144,151,167,154,153,143,137,152,162,149,140,160,147,167,159,139,132,137,170,160,132,142,156,151,139,177,143,150,145,158,155,154,150,157,147,146,160,157,142,158,137,158,169,130,160,167,163,137,140,125,153,150,139,153,155,140,136,134,140,157,163,149,148,147,149,154,156,131,157,164,149,147,171,153,127,139,151,145,166,151,151,134,140,160,155,159,133,134,137,143,152,133,157,146,151,156,153,138,157,135,155,147,149,144,145,169,150,139,149,157,159,144,148,152,133,163,137,161,138,148,155,140,159,147,142,132,155,132,149,122,159,172,137,142,165,127,158,157,157,148,141,156,155,149,156,134,145,149,146,145,148,154,162,144,154,160,164,156,163,141,132,155,166,157,134,164,148,148,145,144,153,151,135,165,142,161,171,136,156,150,152,143,157,150,151,130,141,130,157,153,162,142,155,139,147,154,148,136,144,154,169,138,151,170,155,152,143,141,172,155,165,159,153,143,160,143,162,155,145,149,138,154,150,154,150,149,162,151,146,138,140,134,140,155,143,157,150,155,161,151,140,143,137,156,161,147,148,152,146,147,142,141,147,146,148,147,128,164,144,147,145,150,131,140,146,148,136,154,167,150,150,161,152,150,154,144,125,146,149,145,146,139,156,172,153,153,158,157,154,140,160,148,161,149,160,134,156,134,137,144,141,180,167,154,143,149,142,155,161,136,137,140,156,150,158,144,147,147,134,166,157,137,143,132,172,150,153,161,144,158,141,145,146,148,134,123,162,144,153,148,147,158,141,145,140,132,140,135,144,150,171,149,161,144,152,159,129,157,144,158,156,152,143,158,154,162,159,151,139,161,151,149,159,158,154,146,146,154,163,147,142,169,143,145,149,169,139,163,145,147,151,152,156,160,154,170,146,152,147,145,141,146,143,157,155,143,160,151,145,167,150,160,144,153,151,162,131,144,167,149,165,157,164,155,160,142,150,137,149,158,132,165,165,152,150,150,154,151,125,142,157,144,167,148,147,150,143,151,154,150,136,165,142,146,143,156,143,151,157,150,150,153,144,164,150,150,142,139,145,144,149,143,143,149,148,143,122,144,142,162,152,141,153,159,153,150,162,149,159,163,139,139,143,129,139,145,139,165,151,148,145,142,150,159,149,158,156,139,137,115,140,148,160,155,144,145,149,151,154,161,143,153,142,149,145,153,130,148,138,158,143,142,139,160,163,156,151,161,150,172,149,128,134,140,139,162,159,149,143,145,132,155,129,154,150,123,148,155,154,153,147,151,150,158,144,139,146,143,156,159,144,139,152,140,131,147,149,144,148,139,161,132,149,134,151,138,157,143,138,165,158,165,148,151,149,141,137,140,148,144,148,142,149,152,144,159,141,164,121,147,149,151,158,163,158,152,153,148,151,140,135,158,151,138,140,146,143,157,138,139,138,150,145,165,146,162,149,149,156,148,146,133,150,147,141,130,163,154,141,150,150,147,148,149,169,135,150,143,150,155,151,151,146,146,151,155,144,150,151,148,153,147,159,162,142,160,141,155,166,143,143,143,147,163,163,142,158,163,137,143,152,147,158,161,137,151,166,133,144,148,133,154,153,143,144,147,157,160,172,157,152,147,149,144,143,145,151,150,138,154,128,162,143,130,145,162,139,157,158,143,155,156,154,136,166,151,143,147,144,130,168,153,148,143,145,133,167,138,157,144,145,140,149,164,131,168,153,158,145,147,160,164,155,162,156,139,143,156,137,146,157,142,156,158,155,148,145,135,142,126,139,149,166,151,147,138,163,144,139,154,155,151,153,129,150,150,159,159,154,151,154,151,171,159,147,153,154,138,153,144,166,158,159,162,130,163,161,157,150,154,128,138,157,155,147,152,144,151,161,154,149,149,147,150,158,138,150,164,125,148,156,143,135,171,158,144,144,130,144,164,137,158,147,137,146,155,167,143,171,151,143,154,169,148,138,152,163,136,147,134,145,149,160,132,143,141,148,152,135,158,152,136,138,155,138,154,130,141,146,154,137,149,152,152,152,165,134,141,143,143,162,135,146,165,170,159,157,144,148,144,147,152,145,145,141,152,163,159,155,148,149,142,138,148,155,132,167,139,150,143,137,153,148,144,151,156,129,159,152,133,153,171,132,141,146,141,175,161,149,168,138,146,150,149,162,150,154,155,142,140,164,134,176,148,163,150,149,154,142,146,145,142,172,153,147,152,137,156,157,150,135,153,157,139,178,138,152,158,142,139,157,153,149,141,144,154,151,147,149,139,163,151,148,148,131,171,136,147,135,138,168,146,156,143,133,149,136,129,145,143,135,153,155,150,158,149,148,160,162,155,145,139,169,157,155,154,153,164,156,155,158,160,160,150,142,146,158,130,138,157,153,141,152,164,140,156,136,170,151,142,138,162,162,143,137,160,160,151,157,149,130,162,153,145,161,138,150,134,134,151,151,158,145,163,158,139,159,149,144,166,152,142,146,143,137,156,158,131,142,152,144,141,154,147,136,154,159,160,133,146,159,155,149,134,143,158,153,150,140,130,149,156,146,142,152,137,156,157,137,159,150,131,126,133,163,153,159,145,152,137,147,155,141,145,143,149,148,145,145,151,151,131,130,156,159,179,152,133,147,143,135,151,151,124,170,149,139,151,153,151,140,145,159,151,144,155,122,158,141,152,153,153,129,129,160,148,146,141,146,139,132,161,146,153,155,149,145,134,160,147,141,165,160,143,153,140,143,147,140,157,160,162,141,142,127,142,151,142,155,131,119,150,140,162,137,146,140,129,143,155,150,137,152,151,149,136,142,139,140,156,135,153,157,143,160,150,131,156,147,138,168,150,133,141,162,139,141,136,138,166,153,137,132,144,147,154,141,158,143,131,150,159,147,164,151,151,143,153,128,132,158,125,133,166,139,147,155,147,170,150,159,125,145,156,157,151,145,148,152,157,133,149,151,140,140,152,154,135,151,156,154,127,167,135,155,161,129,150,142,171,137,167,142,133,140,168,147,140,160,148,164,131,148,129,157,154,144,148,142,134,143,151,160,137,161,164,153,142,144,159,146,147,159,135,176,183,141,155,157,138,157,151,144,140,158,169,140,163,145,154,161,162,128,161,155,136,150,142,177,138,156,139,147,156,145
156,159,150,129,165,162,153,140,157,144,145,152,139,137,138,152,126,133,143,158,160,140,135,164,150,151,148,168,153,146,148,161,157,142,156,141,159,151,159,147,159,154,157,156,148,138,141,150,150,146,144,151,155,163,162,174,144,157,168,163,153,162,141,139,144,146,142,137,163,154,148,144,143,163,142,130,164,140,143,155,147,152,136,141,161,141,163,156,145,155,152,140,148,137,168,144,138,138,148,150,156,148,131,153,138,143,148,138,154,142,132,152,159,162,140,150,166,141,141,140,154,139,152,159,161,138,149,159,142,166,142,145,152,149,161,153,146,147,150,157,145,147,148,146,153,158,155,151,146,155,154,162,157,156,156,145,153,153,148,161,150,153,158,154,152,147,158,141,163,161,135,141,146,144,156,146,153,138,153,164,161,140,142,142,153,138,161,146,159,152,160,125,144,143,157,157,144,152,129,150,168,155,150,145,136,131,150,136,163,158,151,153,137,153,124,159,155,147,146,130,147,156,147,130,153,134,136,140,147,142,158,181,159,142,163,156,156,138,139,152,146,168,142,146,139,149,156,142,154,146,173,159,134,153,138,141,157,144,148,145,149,143,154,142,164,162,157,147,161,134,167,157,171,152,163,141,137,164,170,169,157,142,145,139,138,161,156,141,154,162,136,154,137,143,151,152,138,130,154,160,131,169,148,133,149,141,149,165,145,147,140,158,148,166,160,153,136,166,156,165,141,129,143,153,152,127,135,152,161,149,155,158,154,145,149,159,170,144,148,135,135,174,142,146,156,158,136,141,134,148,143,170,142,150,153,155,156,153,157,142,165,136,174,154,138,164,150,148,142,131,150,153,159,141,147,159,135,149,148,143,140,149,144,148,153,157,162,156,127,160,136,145,154,146,151,132,143,146,147,136,158,136,164,137,141,145,137,154,136,147,159,134,161,168,148,136,150,135,146,146,126,157,168,151,163,151,167,151,145,155,164,138,141,155,152,147,155,161,145,150,147,132,143,136,149,134,173,141,141,168,143,166,144,139,164,171,163,144,149,158,145,149,147,143,151,142,143,132,156,135,158,142,138,143,146,154,156,160,169,155,146,167,157,161,155,146,151,159,142,156,148,162,151,139,139,151,144,152,138,136,154,132,145,130,135,161,157,142,157,146,148,134,153,159,139,157,151,147,150,152,156,133,150,145,141,138,153,146,160,168,149,136,161,153,159,157,160,148,139,157,155,154,152,150,146,150,149,141,143,146,153,147,148,153,160,140,173,152,156,145,159,164,140,164,160,153,147,163,159,136,148,142,153,143,143,132,162,154,130,159,157,144,139,154,149,142,149,151,148,133,146,158,148,143,149,147,156,141,153,141,143,144,147,135,162,147,138,155,179,165,139,171,149,139,157,152,156,154,147,162,155,156,166,132,149,142,149,164,149,130,159,170,138,165,163,137,140,151,159,146,169,163,127,155,144,163,136,152,150,171,149,139,164,129,141,145,139,144,160,151,153,154,170,133,140,144,141,152,156,159,142,152,158,138,128,140,133,148,158,141,150,150,157,134,136,141,156,165,137,143,164,147,146,163,143,153,157,149,155,153,148,154,163,156,152,124,145,139,139,146,130,137,158,149,149,141,173,139,138,144,136,153,178,155,144,153,163,150,158,147,158,153,145,169,158,146,153,151,166,147,162,136,148,149,152,154,158,151,122,156,143,157,141,144,150,136,129,149,145,157,150,149,163,162,156,162,155,144,148,151,154,158,163,152,142,148,150,158,148,136,140,147,120,150,161,144,145,166,151,150,146,140,167,142,141,138,150,160,148,159,151,157,142,145,134,146,145,136,148,156,157,146,153,124,156,135,162,150,149,156,148,141,132,156,175,164,151,147,145,140,151,148,164,149,157,138,139,149,137,155,147,132,149,139,149,146,149,143,146,159,144,157,148,180,139,144,145,162,152,150,153,162,130,137,133,145,159,161,145,140,157,144,136,146,153,144,133,146,130,152,141,145,157,148,152,140,151,143,159,144,143,143,137,156,145,156,147,137,161,150,151,154,156,151,156,130,134,154,150,148,143,149,147,165,131,136,153,159,147,153,148,150,143,145,156,163,160,144,152,167,138,164,142,141,162,142,156,158,154,177,152,147,156,143,144,149,159,132,145,123,147,142,151,169,143,153,152,156,165,140,166,154,137,140,141,158,150,130,151,161,146,166,138,157,130,162,156,163,158,140,137,140,137,142,156,147,146,139,152,148,141,162,151,130,151,154,147,151,120,142,136,155,150,144,155,150,143,147,160,151,152,156,151,152,146,147,162,158,149,159,157,148,125,165,145,153,144,146,164,144,159,145,141,142,140,148,150,159,128,143,149,162,119,136,151,144,142,149,163,160,126,150,149,148,133,163,143,169,138,130,140,150,171,150,150,155,142,147,150,151,139,134,147,148,143,155,161,155,151,144,152,149,150,141,159,169,158,131,166,152,142,171,148,154,161,152,143,153,153,147,143,149,147,141,146,148,158,130,151,162,144,148,168,154,143,150,156,132,140,150,146,153,151,150,153,130,143,149,160,151,134,147,149,160,167,151,132,149,153,143,149,147,152,142,130,132,138,138,162,153,160,148,141,148,148,161,166,152,148,157,146,168,143,157,161,129,154,143,163,176,139,149,139,148,146,151,132,166,144,160,140,168,122,147,155,140,155,164,161,145,149,157,145,181,137,141,145,136,137,154,155,146,162,146,155,144,133,167,147,158,149,146,163,144,149,137,155,167,158,135,152,154,140,153,143,157,151,156,145,150,165,143,151,150,149,147,174,148,152,160,142,141,148,150,168,147,132,140,142,153,123,141,142,150,158,162,146,152,163,159,152,143,153,134,167,152,157,161,153,136,135,151,156,147,147,148,139,158,133,141,162,137,135,147,155,157,159,148,141,150,141,151,152,149,164,163,162,144,159,143,134,150,140,148,171,152,148,170,145,147,161,159,148,150,154,151,142,149,124,162,161,155,170,147,136,157,141,145,158,134,157,159,137,149,150,150,153,144,140,145,141,153,142,148,158,124,135,160,140,138,151,145,155,160,147,131,165,159,147,148,169,141,145,157,139,144,154,154,161,160,138,153,155,146,150,167,143,150,147,143,160,150,153,135,159,157,145,144,150,152,163,132,153,158,134,148,153,175,151,151,156,143,166,156,158,141,137,147,138,139,150,153,176,148,151,169,144,155,147,158,143,148,137,156,147,161,131,157,145,154,151,154,162,164,157,150,151,150,149,166,127,158,143,175,156,155,131,148,149,142,138,163,165,163,150,153,156,133,152,151,168,152,148,136,145,159,134,141,150,143,158,164,154,144,124,160,151,154,152,150,161,128,149,149,159,154,171,137,164,153,141,154,153,156,159,169,150,155,142,142,153,143,168,144,147,156,135,139,143,155,151,139,128,155,153,160,150,154,141,155,137,150,156,145,158,153,140,138,123,142,142,166,162,139,147,153,153,142,152,153,144,145,144,146,160,142,164,138,177,158,146,158,131,163,147,146,153,143,153,147,152,154,141,146,153,152,145,141,148,168,145,164,146,145,149,134,145,163,146,161,164,157,132,145,153,134,148,142,154,154,176,139,164,147,146,170,132,135,161,169,138,134,145,151,153,144,155,173,149,176,157,153,148,154,145,167,141,148,123,130,151,156,159,149,156,150,142,144,146,143,138,149,143,134,157,154,150,159,148,158,139,151,149,157,141,158,150,158,178,162,152,152,149,148,150,131,160,158,158,165,133,170,164,147,160,160,167,163,173,145,159,147,154,140,133,157,129,135,147,144,159,143,153,141,153,155,145,138,164,153,159,149,146,148,163,155,155,145,161,138,135,145,176,148,162,141,146,159,149,141,152,160,145,137,128,169,150,147,149,144,163,125,169,144,137,136,163,149,144,138,152,167,141,142,164,162,142,151,160,143,158,153,141,169,147,148,141,147,167,153,150,151,159,155,147,152,145,152,149,161,141,173,148,144,154,140,163,141,143,141,144,145,165,150,148,139,127,147,146,145,166,131,162,171,126,153,143,147,144,169,166,148,141,137,122,157,141,158,143,140,150,146,133,148,150,163,144,150,165,149,142,152,147,149,156,156,138,151,164,143,158,146,146,157,178,135,133,158,138,146,116,152,152,138,165,143,172,160,145,139,162,147,145,143,149,150,144,141,159,153,155,142,145,140,148,141,133,142,151,150,185,137,147,154,171,151,145,152,145,149,145,162,151,136,145,155,159,147,150,144,159,133,160,149,148,154,173,146,141,151,146,137,170,160,151,149,159,153,154,142,140,144,153,159,160,135,157,143,148,153,154,151,149,128,147,134,136,129,161,154,143,146,150,150,147,156,136,145,162,147,144,163,160,145,150,156,157,148,145,159,146,152,149,135,153,136,150,153,144,160,145,142,126,147,158,142,149,143,138,154,140,133,150,157,144,152,137,150,152,142,154,158,144,147,145,157,153,149,145,139,143,154,146,156,151,148,140,132,148,147,153,146,148,153,141,150,157,162,156,147,146,143,167,183,155,163,164,151,148,157,135,151,144,156,152,146,131,146,140,131,142,162,143,164,140,168,146,156,145,150,154,148,161,161,146,145,154,143,169,145,156,161,141,163,155,154,142,139,145,153,144,137,153,151,149,156,143,157,161,145,147,135,138,148,140,147,147,140,137,143,153,142,135,142,155,143,139,132,153,139,157,160,159,149,159,164,163,138,149,161,159,151,156,148,146,154,136,159,153,141,148,160,146,153,160,164,153,175,146,143,146,153,167,138,134,152,157,123,132,157,154,159,154,166,158,158,159,143,151,154,150,159,157,148,154,145,146,144,168,157,147,172,121,150,147,152,141,151,157,161,142,140,148,156,156,158,152,134,145,149,154,150,159,149,171,148,153,150,149,143,147,141,135,175,141,152,155,155,150,163,138,153,151,136,169,142,143,159,132,156,141,128,162,157,143,145,162,147,145,160,154,147,142,159,151,144,150,149,136,165,147,148,167,158,148,158,153,146,139,140,157,151,142,145,152,144,144,141,163,151,153,162,151,152,158,162,161,157,143,142,127,150,168,140,148,152,151,134,143,151,146,153,155,145,149,138,153,151,134,157,152,181,128,150,131,149,137,165,151,160,139,161,153,153,178,155,144,156,148,155,141,147,156,137,146,159,150,139,153,149,160,136,152,150,148,143,152,161,152,136,141,156,149,152,125,151,153,145,134,133,165,140,171,128,158,154,143,136,155,157,149,134,117,156,166,140,137,142,150,138,154,148,152,142,136,129,153,140,151,137,138,144,130,146,174,154,154,128,156,154,130,147,151,144,146,164,157,149,145,155,152,157,161,168,155,148,158,161,151,151,146,132,146,121,141,134,143,142,159,147,150,156,143,146,134,159,152,142,141,170,146,144,150,152,145,147,159,154,137,154,126,129,141,175,147,164,158,122,135,157,138,124,149,148,153,158,160,155,134,139,144,152,156,141,156,172,140,136,158,147,137,137,140,161,163,167,177,145,157,163,128,143,160,152,153,133,172,154,157,145,155,142,155,153,144,141,152,155,150,134,147,165,148,160,146,163,141,146,137,141,130,151,149,146,156,179,161,148,145,175,155,167,140,140,142,164,158,140,139,142,145,159,161,156,133,135,150,152,158,152,137,141,151,158,143,159,166,142,142,140,145,160,143,144,150,158,148,140,157,138,160,130,145,130,144,135,147,157,165,143,155,162,153,158,143,146,143,144,153,145,159,157,163,153,141,153,137,140,143,154,162,136,144,154,137,154,147,146,151,153,171,152,158,148,145,154,170,140,160,150,137,148,147,140,138,143,157,160,147,142,146,143,132,157,134,133,153,141,150,149,140,158,162,153,137,165,134,161,161,140,162,143,138,142,146,154,166,150,148,140,161,161,154,132,150,141,129,138,159,150,144,162,152,152,157,163,149,144,149,172,128,141,147,138,170,138,148,145,137,153,139,148,156,148,138,156,146,140,151,167,139,147,146,140,149,149,149,149,175,154,146,140,140,156,151,162,151,145,158,152,159,140,157,138,139,154,147,155,156,160,145,138,137,147,163,137,140,154,156,149,179,146,152,136,138,163,150,150,143,141,155,149,134,153,136,148,165,154,151,151,164,137,151,147,149,157,155,157,149,163,138,141,153,150,149,164,164,140,171,153,122,154,143,144,157,123,153,130,155,160,145,159,161,158,142,147,153,148,149,174,149,144,151,151,142,148,151,151,152,121,159,135,163,144,157,154,147,165,156,147,160,149,151,153,140,150,156,152,136,145,142,153,148,150,140,153,157,152,155,141,147,146,154,151,158,162,142,149,134,151,154,137,143,148,153,155,165,153,142,163,151,150,152,138,150,153,155,148,152,155,142,176,138,145,162,144,156,150,163,154,154,155,156,167,143,147,156,179,139,146,165,137,169,135,136,139,135,146,157,151,121,142,172,139,128,155,177,159,140,155,136,151,149,153,141,143,172,158,130,155,141,145,150,147,137,171,150,148,146,151,140,143,124,152,145,145,145,151,155,152,146,151,143,133,160,165,156,162,158,146,138,150,147,139,155,157,155,149,162,162,142,141,165,158,130,168,150,151,146,164,166,156,154,153,164,153,170,153,161,144,148,149,138,154,146,163,149,145,144,145,164,144,150,149,145,157,160,149,150,141,144,153,150,153,146,131,158,152,127,147,149,145,161,157,145,166,148,135,168,143,145,139,138,144,160,160,140,154,130,162,131,160,143,155,151,158,171,131,142,142,145,159,147,140,127,156,166,164,125,164,160,162,143,134,135,152,148,146,164,134,131,150,140,151,154,152,135,145,149,145,148,157,139,151,156,144,143,154,134,167,148,137,134,157,142,177,157,164,153,165,167,147,162,152,152,142,171,158,148,138,131,149,153,172,141,142,156,152,162,144,154,149,146,150,138,142,174,138,136,147,163,148,144,147,140,143,158,153,156,146,156,155,141,153,158,132,150,146,145,162,149,142,147,136,153,153,149,144,153,174,155,169,150,153,139,147,156,140,152,131,175,136,156,147,152,155,150,166,135,129,149,135,136,157,145,161,169,137,152,157,139,167,171,146,155,153,142,152,142,133,142,158,148,150,150,175,147,162,156,168,134,154,158,162,140,165,145,173,148,130,148,143,158,140,137,129,138,162,161,162,138,157,149,159,162,145,144,175,153,143,149,148,146,152,159,154,168,159,159,171,154,146,151,138,156,153,150,140,152,160,168,161,145,155,167,153,137,133,131,156,154,150,163,138,142,157,148,144,152,134,151,153,161,141,147,157,151,142,143,142,145,137,178,154,141,163,158,154,135,146,156,160,155,151,156,155,168,144,146,144,153,163,152,149,170,142,145,143,165,173,150,151,159,172,151,153,134,150,157,152,129,158,153,140,152,144,156,146,155,142,146,162,163,152,144,173,145,152,161,156,163,149,153,153,158,151,147,147,164,139,157,159,146,168,146,174,164,142,136,149,140,155,142,140,145,145,138,156,149,133,146,146,150,152,159,146,146,130,137,152,163,141,145,160,153,154,150,148,153,159,149,144,168,141,145,142,162,155,133,172,152,173,151,153,152,135,152,152,171,148,148,152,161,148,157,161,155,124,151,145,173,155,148,148,134,138,142,139,157,152,165,144,155,150,137,145,148,143,148,143,141,168,145,155,142,150,154,151,130,142,159,137,162,165,147,153,152,136,170,153,143,136,137,161,141,139,143,148,166,143,154,132,145,181,148,149,154,166,141,163,134,160,148,151,160,139,146,148,162,157,140,149,149,137,153,158,142,169,153,152,150,160,168,146,174,153,167,148,158,136,148,147,158,135,137,150,143,140,161,154,141,156,130,149,147,167,146,146,148,158,147,152,138,152,130,155,151,147,144,140,143,154,154,141,148,147,155,150,167,139,157,160,142,123,141,143,137,136,153,158,151,164,146,158,152,144,165,151,164,128,151,157,138,166,155,143,141,147,172,153,154,125,155,158,163,157,154,162,142,146,138,155,152,158,160,151,158,142,161,144,159,154,148,133,140,152,133,172,168,152,135,147,147,149,153,156,154,150,147,133,145,151,165,145,158,144,171,136,154,142,167,154,166,150,155,145,142,145,144,144,146,144,149,144,162,155,143,153,143,150,142,158,124,157,168,155,164,160,164,152,146,147,151,137,155,136,155,152,141,163,137,132,143,148,150,173,140,129,148,134,150,140,142,154,139,150,142,158,147,163,150,146,158,163,163,166,163,157,156,138,175,146,155,157,149,142,132,140,158,177,151,138,152,158,161,154,140,148,156,142,162,131,161,127,141,145,154,150,141,154,155,153,152,153,175,151,154,164,163,137,146,141,155,163,156,151,153,150,150,155,150,162,145,154,152,147,169,155,133,142,168,174,152,157,137,146,155,158,153,154,168,159,153,146,144,155,139,143,158,157,160,136,170,149,145,157,160,154,153,142,150,158,150,148,138,169,156,160,150,142,146,148,148,150,151,142,158,153,153,139,131,143,161,155,158,151,137,144,139,158,130,143,162,171,160,154,158,154,132,154,155,146,165,150,151,140,150,154,157,159,163,170,170,156,154,151,156,155,138,155,155,144,149,139,144,147,158,152,151,151,146,150,141,130,146,132,149,153,150,145,156,153,163,155,153,151,153,143,139,137,156,140,173,157,152,140,160,136,145,157,165,152,150,139,169,144,132,139,155,149,148,136,150,165,157,161,147,150,142,154,154,151,150,164,157,147,150,175,160,133,142,162,157,140,162,156,171,146,157,149,135,151,155,138,174,167,149,156,162,132,161,133,156,148,138,154,157,150,148,150,142,142,131,135,149,143,147,151,154,158,148,150,152,159,128,146,140,138,165,142,142,144,153,152,152,153,136,168,143,160,146,152,142,160,138,137,141,151,160,149,163,152,160,150,145,164,132,152,149,160,153,151,177,144,144,145,166,143,149,156,140,162,164,165,129,152,162,148,142,144,151,146,146,145,160,153,153,145,149,143,154,148,132,156,138,147,131,148,146,161,149,126,117,167,151,150,150,165,166,160,130,179,157,146,146,155,137,135,149,150,158,138,143,154,134,149,156,160,162,145,153,136,156,155,149,148,155,152,148,148,145,136,151,133,140,138,140,133,135,145,149,148,139,159,159,147,138,161,164,161,153,153,158,148,156,157,149,163,145,150,139,144,155,160,150,161,143,155,159,166,145,139,140,141,158,157,151,170,142,141,166,151,153,143,150,153,140,148,157,144,149,178,147,161,172,145,153,140,150,144,147,145,154,152,136,148,160,149,138,160,148,142,148,148,135,146,134,139,144,168,155,165,159,149,148,161,130,155,163,146,145,143,141,148,155,127,167,144,159,157,145,147,147,134,144,121,146,153,139,149,152,150,152,128,134,155,148,161,152,169,145,143,137,149,136,148,165,123,164,145,157,146,139,151,128,155,133,147,158,138,155,143,162,162,154,147,139,147,150,148,152,143,158,153,158,143,157,144,146,154,146,146,142,153,151,136,146,147,120,146,151,151,153,149,156,161,153,145,155,169,146,144,149,158,137,152,134,153,161,145,149,127,141,140,139,135,131,154,154,156,132,162,156,153,171,161,148,134,136,133,157,151,132,159,149,154,157,139,135,165,145,175,149,157,161,156,164,149,157,161,157,136,152,144,149,169,145,151,153,144,136,179,132,148,156,148,151,158,144,165,148,172,152,144,154,146,157,132,135,153,154,137,162,160,159,154,150,140,152,144,139,131,152,152,137,150,138,145,157,142,149,153,156,146,133,152,145,165,157,144,131,158,134,152,151,135,169,159,160,142,145,140,146,134,140,165,152,152,136,158,148,148,142,145,152,130,133,140,157,153,147,153,134,166,132,165,169,154,135,149,141,158,147,153,149,160,141,132,138,151,148,155,148,146,149,153,159,155,156,139,132,145,142,143,157,153,124,158,129,145,136,169,153,148,137,146,140,148,138,130,148,146,156,145,141,164,143,142,141,157,142,142,145,143,138,153,141,152,165,160,152,138,139,152,143,164,146,157,156,134,164,169,151,147,154,161,139,143,138,126,153,138,155,170,147,151,166,148,149,162,151,147,160,151,159,140,143,142,149,153,156,147,150,169,141,155,142,137,151,134,148,134,135,157,138,151,133,143,179,144,142,135,147,149,134,146,131,151,164,156,136,176,142,167,143,145,156,154,157,152,183,153,168,157,144,167,144,150,143,156,160,154,165,165,141,150,139,153,164,170,173,168,149,155,153,170,146,148,146,140,149,136,158,153,143,159,149,155,146,147,133,143,163,165,162,160,150,128,138,142,158,154,135,146,149,151,165,159,147,148,149,148,134,152,157,146,152,140,158,159,162,144,143,163,141,150,146,148,151,161,136,154,147,161,144,143,149,150,181,158,126,156,138,142,162,143,169,169,152,153,144,156,152,134,136,133,149,149,154,147,154,144,159,147,154,151,146,165,151,155,154,157,159,138,139,129,170,152,153,137,163,152,143,146,163,132,166,142,139,150,151,148,167,156,146,142,154,151,149,131,160,157,136,142,156,140,152,169,146,154,151,162,140,177,159,146,142,176,142,144,141,156,142,154,163,152,162,154,137,143,149,148,146,147,143,141,145,157,162,138,135,149,144,146,154,153,168,159,150,139,178,170,143,168,139,149,140,153,170,155,156,144,147,144,152,158,159,142,134,154,151,149,153,133,149,161,159,142,132,147,149,164,158,155,153,164,156,147,153,153,156,140,138,147,169,150,178,161,151,151,140,171,154,162,146,146,150,144,160,152,136,149,154,150,151,133,151,140,152,135,164,160,150,143,132,156,156,161,145,135,150,156,130,157,148,151,148,151,143,144,144,148,156,132,154,158,146,153,163,143,148,162,129,144,150,136,153,164,139,160,155,133,149,132,157,142,156,157,149,156,145,161,159,166,155,142,142,152,146,147,159,168,157,146,143,137,140,170,137,159,157,139,154,149,149,165,139,156,147,159,152,162,151,140,149,153,171,156,121,159,154,150,138,161,153,154,130,151,145,155,155,158,156,160,152,155,142,151,145,164,130,148,141,148,174,159,137,138,163,155,141,145,151,153,144,153,167,157,156,168,158,147,153,148,167,154,153,168,158,165,152,151,153,149,155,154,144,145,163,155,155,162,151,162,149,143,148,162,139,163,125,146,157,145,160,150,154,147,143,155,160,146,141,141,149,177,162,141,161,136,147,144,145,150,146,153,154,160,160,149,165,147,144,155,139,150,161,149,163,162,155,146,148,147,149,159,154,144,151,147,152,148,151,157,155,158,142,147,150,168,158,163,137,153,143,151,151,133,161,161,126,149,151,161,142,176,164,151,147,130,139,147,142,174,161,152,148,143,171,154,142,154,139,153,152,151,140,151,147,144,167,155,133,155,156,128,144,133,147,151,137,156,157,157,132,153,142,153,159,154,164,139,161,147,151,151,147,133,143,152,135,159,131,149,146,162,162,148,130,153,155,141,163,169,158,138,149,157,156,148,150,139,153,144,153,144,150,148,165,149,156,142,145,160,157,153,131,150,155,157,141,162,143,168,161,144,139,157,163,147,145,161,144,152,138,140,158,131,153,146,156,140,143,149,173,146,162,148,154,158,145,131,140,167,160,143,147,159,153,154,143,151,156,143,127,142,143,134,144,158,167,147,139,154,157,137,154,142,158,149,159,147,160,150,154,144,156,153,159,150,130,148,147,161,135,150,163,139,154,164,147,137,170,145,140,150,144,174,148,169,161,158,153,148,150,156,162,139,143,145,136,146,156,139,163,153,149,153,157,173,142,148,176,141,162,134,158,153,158,143,149,148,160,142,155,149,156,134,153,144,166,154,164,151,158,145,144,144,139,161,149,156,156,141,151,152,157,171,144,162,161,144,155,134,168,145,149,170,170,148,149,146,161,150,147,129,142,155,169,172,137,162,155,158,152,158,133,154,144,168,168,159,138,169,156,140,174,146,136,147,149,151,159,160,144,141,159,137,145,149,173,142,150,134,140,176,140,154,140,145,160,153,142,138,156,153,167,141,139,159,161,167,155,148,149,149,147,157,147,156,141,152,132,149,142,151,158,126,147,157,161,144,163,158,155,145,139,130,157,138,165,163,135,149,146,155,156,134,144,152,138,165,155,144,154,155,150,161,147,156,138,162,139,147,163,137,141,165,163,142,156,145,153,151,160,139,141,154,151,146,147,146,142,159,162,140,146,157,146,129,144,146,151,154,155,150,128,158,136,137,156,142,145,157,140,165,157,165,144,138,154,151,155,151,168,148,154,147,146,137,137,150,145,150,147,136,162,153,138,156,131,167,145,139,142,143,142,152,147,137,159,160,154,149,161,145,164,169,161,146,157,174,137,133,156,134,145,128,150,159,139,155,138,155,151,132,170,149,165,160,147,144,152,161,137,157,157,154,144,164,134,163,161,141,170,152,147,152,160,146,146,147,157,157,151,151,149,164,143,166,171,134,131,163,173,156,155,155,137,145,139,165,171,142,150,141,139,142,143,157,164,155,137,162,144,152,144,144,135,153,135,148,140,142,151,133,135,168,137,143,157,156,160,140,151,140,146,147,155,139,148,142,162,133,147,150,151,165,152,154,164,160,153,141,140,164,166,160,145,142,160,153,153,149,146,172,150,135,152,157,145,154,141,155,155,156,154,144,153,147,143,156,143,160,156,157,162,154,139,148,138,172,147,150,153,144,134,140,157,152,166,146,143,141,148,140,121,132,142,141,153,154,158,143,126,153,151,147,161,134,154,148,153,179,164,154,143,151,150,148,147,143,155,152,145,146,139,134,138,132,145,141,144,166,141,146,165,152,144,150,137,166,134,149,150,154,158,139,160,150,146,134,166,140,151,151,162,149,150,155,164,146,141,142,153,159,147,149,169,157,148,149,148,149,147,148,140,137,171,141,152,143,148,129,140,157,130,149,145,169,152,142,160,144,154,171,146,153,141,151,146,140,176,132,146,168,134,155,162,159,152,149,140,149,141,170,133,147,132,160,149,139,146,149,166,161,158,158,154,164,139,145,153,160,162,158,169,150,146,166,130,153,129,158,137,171,148,158,137,128,151,146,152,148,151,142,143,159,140,141,142,137,159,144,164,157,148,142,150,151,150,147,154,154,152,153,139,154,120,144,152,150,141,154,158,151,146,138,167,148,138,159,165,161,150,151,146,168,165,153,141,160,161,172,140,155,150,165,162,152,136,140,135,148,164,141,160,149,154,135,152,160,139,149,140,127,144,145,159,159,150,152,166,143,153,164,144,150,160,143,164,145,150,148,143,164,141,164,136,152,147,138,161,144,150,149,161,148,168,127,149,154,169,137,154,156,147,138,145,171,149,136,145,155,146,162,142,145,153,149,156,144,152,152,148,159,145,150,161,151,156,153,161,155,148,126,155,163,169,151,142,138,150,161,152,139,159,149,145,145,160,151,152,152,142,166,153,144,154,146,151,143,159,167,161,143,134,152,131,152,171,151,140,152,142,153,168,160,146,142,138,144,150,142,160,139,132,170,149,136,150,147,155,153,134,151,149,141,151,175,142,144,163,156,142,149,152,148,145,137,148,143,146,152,142,151,158,141,142,148,153,156,146,170,158,146,170,152,129,160,136,169,155,156,142,160,146,142,158,128,136,169,158,129,152,150,149,152,162,170,153,134,131,153,154,158,157,142,152,155,152,150,150,144,138,142,142,150,146,149,153,158,144,165,141,152,133,156,148,153,156,151,154,163,150,149,163,151,133,162,146,150,153,142,152,147,146,137,147,153,131,153,157,135,169,147,148,144,150,154,165,157,143,151,151,143,137,131,150,158,153,157,152,149,149,142,159,153,164,147,164,146,161,161,162,141,153,157,158,177,140,167,156,138,136,153,155,148,148,142,143,139,169,162,143,149,152,154,138,143,156,143,143,144,131,140,160,137,145,145,120,158,153,131,146,143,132,151,164,142,156,157,148,146,154,155,138,160,154,158,155,156,157,142,134,144,145,155,146,139,161,133,145,162,133,152,145,152,146,149,146,147,135,176,142,133,146,156,154,133,165,156,154,145,154,143,153,139,143,148,147,143,165,145,144,156,153,147,164,140,161,156,138,164,140,155,166,140,134,175,157,149,138,143,126,141,140,147,156,145,172,150,137,149,142,144,154,140,146,150,146,142,143,151,142,142,164,143,149,147,147,146,138,153,160,145,146,174,135,157,148,152,158,134,145,142,140,142,148,160,154,159,139,161,147,144,136,149,155,161,133,154,149,138,147,150,142,163,165,136,168,149,133,143,150,157,137,152,158,144,168,157,158,165,152,155,161,136,133,132,156,142,148,150,134,149,149,151,148,137,156,141,151,150,157,158,151,142,145,152,167,169,140,143,148,143,156,154,152,155,163,141,147,141,151,164,149,138,148,150,141,158,151,141,128,142,142,149,141,145,164,146,130,154,147,150,136,153,131,165,149,141,152,162,142,166,156,148,139,151,155,156,143,151,153,148,161,139,167,133,158,142,148,150,133,149,146,169,150,138,167,153,140,131,154,152,145,159,144,143,133,178,146,162,130,146,143,152,152,140,124,155,142,159,132,143,131,143,154,141,150,178,140,134,150,149,171,160,166,127,155,146,128,157,150,151,155,155,149,147,156,155,151,156,154,152,146,140,145,149,148,138,146,155,166,144,136,144,131,157,146,160,135,157,150,165,149,163,162,153,150,144,142,150,143,140,152,148,132,153,156,140,171,145,131,154,157,154,153,146,137,140,150,140,147,146,160,143,135,159,150,146,165,153,134,143,151,150,149,165,149,136,141,160,147,160,148,167,161,135,153,150,148,146,145,163,132,162,146,137,179,158,155,154,154,145,136,158,144,152,168,170,139,144,171,124,157,125,160,138,137,131,161,141,145,150,150,148,133,138,156,157,126,162,166,143,157,153,150,157,133,141,148,136,147,169,146,152,172,156,160,153,144,158,143,149,131,155,160,157,147,154,133,143,151,136,137,157,136,153,143,168,152,157,147,150,154,145,130,154,147,167,148,148,146,170,136,163,152,140,129,156,147,148,137,170,151,161,153,143,125,156,152,157,165,162,148,158,173,154,146,143,156,148,164,153,149,135,148,150,152,150,129,139,136,152,163,149,140,157,147,162,144,151,146,149,162,143,141,138,152,168,151,150,151,153,146,144,162,155,137,158,128,161,158,150,154,154,157,148,136,149,144,136,139,153,151,170,154,146,148,151,155,140,141,147,152,153,147,148,162,144,138,152,139,139,146,152,150,160,140,153,177,150,152,145,140,152,152,163,151,155,161,149,154,147,145,178,138,153,176,143,133,155,147,150,161,147,142,156,138,139,140,163,156,136,138,139,144,145,137,153,160,169,143,132,140,166,136,146,152,144,169,149,143,146,157,148,158,159,145,151,155,145,167,163,173,152,154,165,186,161,150,152,143,146,173,154,154,154,135,151,160,143,158,145,142,134,161,150,161,159,143,168,152,142,148,162,166,155,150,164,158,132,162,125,132,141,144,143,160,138,147,148,156,153,143,139,143,129,130,133,134,144,154,153,132,142,165,148,134,150,147,159,137,148,150,148,148,153,164,140,152,147,141,149,165,142,176,160,139,151,145,134,171,148,161,147,157,162,162,146,145,162,152,150,132,163,153,146,132,155,149,141,143,151,147,160,168,142,158,148,153,153,160,138,137,157,166,139,156,141,150,148,158,176,161,149,150,155,143,139,175,143,148,150,157,158,159,156,148,129,156,153,150,158,149,152,176,149,145,132,152,146,137,159,146,159,160,162,165,153,141,158,144,154,137,161,155,152,163,151,148,147,149,151,155,148,143,154,154,153,151,159,162,132,167,154,161,164,135,153,171,142,143,143,165,147,164,158,161,149,133,162,135,143,153,152,133,165,145,157,148,180,152,152,168,149,168,151,141,138,137,134,160,150,144,154,162,145,154,147,158,140,147,138,128,150,155,156,146,170,152,141,171,144,135,142,151,173,166,146,144,135,143,141,139,141,164,153,154,135,154,150,162,155,136,149,156,152,141,145,158,155,133,150,152,158,157,140,175,158,162,147,135,134,133,148,146,135,147,143,155,155,154,158,157,161,147,135,145,137,141,151,163,151,155,138,148,150,151,160,149,138,145,134,156,137,139,165,146,151,152,152,145,136,153,149,165,175,151,151,173,160,162,141,155,147,137,163,147,141,141,147,149,166,158,142,160,144,153,160,147,179,137,127,154,164,147,161,141,155,137,148,159,164,147,142,135,156,169,135,157,140,137,145,146,141,142,140,148,139,157,141,154,145,147,132,145,147,133,145,164,151,164,158,157,140,145,148,154,158,137,152,152,156,138,148,145,164,146,156,159,156,149,139,157,144,161,151,141,156,156,129,157,159,153,156,155,167,152,153,150,159,136,157,146,151,153,164,127,155,149,142,161,163,143,158,142,150,157,140,149,144,161,130,149,138,147,153,160,153,149,155,136,152,149,149,160,138,136,161,151,165,170,159,141,111,153,160,120,143,144,152,136,137,161,149,155,155,144,160,143,144,138,158,137,154,158,137,158,158,153,149,140,167,134,160,151,160,158,154,138,149,146,183,138,175,134,151,151,151,140,153,154,144,160,143,152,149,158,157,135,155,141,140,136,140,150,136,143,166,140,143,147,137,153,153,153,145,162,156,141,141,136,132,149,150,162,167,134,139,151,146,133,162,167,150,156,158,147,154,172,139,156,145,159,155,147,143,148,157,153,166,165,160,152,149,141,158,157,157,147,167,134,146,168,142,148,154,166,133,137,134,140,145,147,154,166,143,166,147,141,146,152,149,159,145,160,149,142,143,136,155,157,153,147,157,132,162,145,164,140,144,155,159,160,136,130,170,151,149,156,133,157,154,153,137,146,133,143,166,151,152,138,146,152,157,152,147,149,137,158,144,161,139,157,149,152,155,138,152,152,150,151,155,176,153,151,180,155,152,137,159,146,156,147,146,148,149,141,150,151,142,164,156,146,142,140,159,147,159,155,158,146,157,137,163,156,144,135,147,159,167,144,137,142,163,158,136,143,137,151,154,156,142,152,140,144,156,162,153,123,141,147,153,158,153,146,159,143,124,139,131,149,168,164,153,159,144,143,146,160,150,152,168,151,154,143,143,138,150,149,144,132,145,139,137,147,147,150,165,165,138,150,142,158,145,167,165,155,143,168,163,148,142,163,168,154,145,146,141,152,146,149,157,140,156,155,145,144,156,141,153,164,148,138,158,145,155,143,178,156,133,167,123,146,158,146,149,129,142,149,162,139,144,161,140,147,150,151,144,146,141,134,181,141,157,156,151,138,153,159,149,147,138,167,138,155,154,152,151,144,148,155,163,161,145,146,155,151,150,144,142,137,140,157,152,143,133,152,146,138,151,163,159,169,159,149,140,166,139,144,141,142,144,149,162,143,138,150,154,152,146,149,169,150,154,151,166,148,152,149,157,140,148,124,141,153,140,160,152,149,154,145,137,155,157,141,143,149,145,146,147,140,164,140,158,143,158,159,140,134,137,150,163,145,156,147,146,146,163,134,156,146,166,146,145,149,151,163,149,152,133,156,165,147,140,145,161,162,163,153,153,154,149,138,151,158,155,158,160,155,138,145,137,130,150,144,156,155,142,160,171,146,161,148,154,150,138,158,143,135,164,137,163,153,152,163,140,150,169,162,142,139,135,147,124,147,138,144,150,167,138,157,151,137,149,152,133,156,154,153,144,151,141,159,148,166,153,146,141,160,160,158,145,156,142,159,148,154,163,139,153,146,150,162,154,152,169,166,141,156,141,168,149,132,147,166,160,155,155,139,165,148,154,142,161,146,163,151,157,141,149,153,139,147,163,149,146,146,161,140,138,135,177,163,147,177,147,150,128,128,145,144,146,156,150,159,153,154,148,138,159,154,137,144,151,145,152,134,137,146,159,144,153,147,151,156,142,128,163,158,157,165,160,148,141,150,156,157,141,147,145,155,141,164,135,149,158,147,145,133,156,145,167,148,150,161,146,149,153,133,146,164,151,151,137,134,151,135,157,123,150,151,137,149,164,154,145,155,148,154,144,153,164,152,139,171,158,133,160,176,169,145,133,156,166,150,158,141,153,156,141,145,156,156,143,144,156,174,142,162,134,162,156,153,149,163,139,141,154,157,150,160,140,150,138,152,158,134,142,142,142,143,143,156,164,158,163,135,131,147,141,150,147,150,138,162,160,145,162,138,147,140,145,153,145,138,154,155,138,140,151,134,163,149,157,149,152,139,147,132,144,146,150,134,156,152,160,151,132,156,158,145,171,139,143,157,148,156,152,153,161,172,149,167,161,155,131,142,155,157,146,170,162,128,159,142,147,139,160,149,151,144,152,174,148,154,144,149,147,136,133,157,142,145,145,162,153,153,139,153,148,154,135,132,143,157,146,138,152,155,165,151,144,152,146,158,147,133,156,174,154,158,147,162,160,159,149,153,144,157,135,122,140,147,160,156,156,138,138,156,140,139,152,151,159,142,151,155,138,149,151,149,141,145,165,162,140,138,158,132,140,140,146,148,160,149,150,154,152,151,139,136,146,156,168,147,139,143,156,142,147,161,143,145,152,143,149,144,162,152,145,160,186,149,142,158,154,131,169,144,169,137,123,147,148,150,162,139,142,137,150,151,139,139,162,133,147,150,147,127,152,141,148,137,145,150,152,149,142,160,150,147,150,147,141,158,140,158,149,135,162,143,160,157,153,157,130,142,134,169,151,174,167,172,145,147,153,152,136,168,155,146,144,134,151,155,148,138,155,144,146,159,148,148,138,136,151,154,140,152,139,168,145,147,151,149,157,155,142,151,160,154,148,151,147,146,139,147,152,159,145,151,134,149,151,168,160,142,150,143,150,144,145,154,146,135,145,151,144,142,157,159,136,141,153,159,155,155,140,152,134,128,159,160,158,171,152,161,165,143,162,147,142,161,134,161,137,141,150,159,153,151,142,148,168,126,155,142,152,152,158,177,141,162,133,148,155,158,167,166,140,160,159,145,149,142,146,155,144,137,161,144,151,161,158,159,140,148,151,164,167,144,145,148,147,145,131,149,135,148,148,147,155,151,148,146,144,151,151,151,142,142,152,175,159,162,163,151,144,157,132,143,165,132,156,161,155,151,145,144,142,142,140,153,180,151,156,146,157,141,138,164,169,152,167,161,154,160,147,142,152,154,154,166,135,141,149,151,144,151,160,157,150,143,137,147,160,150,143,148,153,174,158,141,149,139,154,170,169,147,165,163,151,142,149,159,143,160,155,162,142,153,156,152,146,150,119,135,137,167,158,152,128,148,165,140,144,169,160,142,167,150,160,150,142,151,159,136,168,140,155,139,142,152,141,144,140,172,134,149,147,155,148,154,168,139,160,172,150,153,150,165,143,163,159,136,154,157,145,156,152,150,147,150,157,146,130,159,166,143,144,138,170,149,132,156,167,140,129,145,126,135,146,154,137,150,145,166,150,148,148,147,136,153,147,151,156,158,171,145,152,170,146,137,157,167,156,143,145,148,165,149,143,145,136,148,151,152,152,165,152,133,151,145,162,138,147,147,146,140,152,127,149,129,171,139,160,149,172,148,156,139,135,156,149,142,142,162,153,155,144,157,138,131,142,136,146,140,139,143,145,136,161,160,142,137,134,159,135,151,157,160,177,149,146,144,159,155,159,151,159,147,139,163,150,142,152,163,146,166,150,161,160,142,142,138,125,140,155,151,162,134,145,136,158,149,133,136,154,146,149,149,144,153,144,148,134,150,141,175,136,129,146,156,153,139,152,143,153,146,156,138,160,145,156,153,152,147,154,149,155,158,162,161,153,130,135,154,134,145,131,162,150,154,139,159,153,150,170,137,148,152,153,138,144,150,169,142,156,163,157,145,148,144,151,145,147,160,148,153,151,160,161,151,167,152,143,154,166,162,133,160,134,152,169,119,147,152,163,150,154,151,126,146,154,152,170,163,153,139,151,142,151,163,142,142,161,135,167,154,156,140,146,140,147,156,151,142,150,157,144,158,141,156,176,145,137,129,138,156,137,156,162,144,135,145,146,128,164,162,161,149,144,132,138,155,131,151,147,156,163,152,142,143,161,142,145,157,146,150,147,149,144,142,137,178,151,151,146,152,140,167,149,152,158,156,160,156,132,154,155,156,160,161,156,142,170,158,148,157,142,154,129,155,134,157,142,154,157,147,145,139,166,158,139,167,160,158,150,161,147,145,139,150,150,157,144,151,156,167,167,158,139,155,148,151,138,147,161,166,156,151,155,143,138,164,149,146,159,158,152,149,175,144,154,149,132,150,140,159,160,154,150,161,143,151,154,157,163,139,154,157,147,144,161,154,136,166,153,156,148,154,156,174,133,152,149,151,162,126,147,133,152,152,142,168,147,156,138,154,136,166,159,144,147,141,141,144,143,144,155,146,137,145,156,158,135,151,156,127,143,146,128,145,139,145,163,143,143,152,162,136,139,150,142,147,152,142,152,146,149,133,160,158,151,142,145,136,170,131,134,145,150,151,128,149,142,138,142,149,155,150,141,165,156,138,156,145,156,147,151,125,157,143,140,152,151,166,131,174,161,159,164,152,172,165,155,149,143,140,139,144,139,160,177,156,147,153,137,154,149,148,177,162,153,145,146,155,152,131,161,130,158,138,148,151,126,155,143,138,146,137,169,156,168,146,136,146,141,145,145,154,156,150,149,159,143,157,156,164,145,141,155,164,159,167,155,165,166,150,146,156,146,142,152,144,130,157,140,150,164,147,165,150,162,156,136,155,159,151,149,144,177,140,164,148,152,132,160,142,155,139,151,133,141,149,145,149,135,143,144,159,163,145,155,141,142,146,153,165,148,167,153,150,160,131,164,149,134,145,172,162,141,154,154,136,159,158,142,153,142,126,149,149,141,161,149,150,157,164,139,147,131,141,151,147,168,153,159,148,161,136,162,154,153,156,153,160,170,164,160,140,157,143,162,161,142,157,136,138,163,155,154,148,149,159,146,159,137,166,157,152,162,148,145,140,166,143,137,139,155,151,144,143,151,153,164,146,140,151,158,138,154,162,133,153,142,136,153,158,145,149,153,153,160,132,149,149,137,136,143,133,154,160,139,142,165,167,146,144,154,151,155,150,152,165,171,141,146,135,166,146,159,149,159,149,151,149,150,137,155,153,153,158,154,153,137,140,144,139,130,139,146,160,161,132,155,167,146,131,155,158,156,146,163,155,165,151,150,162,146,138,145,164,160,140,147,158,145,141,142,159,150,161,128,160,132,152,151,165,144,165,160,157,171,166,153,164,144,166,163,165,152,160,150,152,156,172,160,139,149,161,160,145,154,149,150,142,165,132,146,139,156,145,145,149,142,137,132,143,168,147,165,150,141,134,148,150,133,164,158,158,168,150,145,143,153,154,164,133,166,158,153,160,145,165,153,138,141,156,134,149,152,153,153,148,164,155,161,138,148,147,154,150,149,147,157,143,156,141,148,144,144,134,154,151,162,150,163,159,133,142,167,143,132,146,147,160,149,144,145,147,152,134,167,129,147,154,154,149,164,162,149,138,156,154,146,133,155,140,155,158,155,163,145,161,139,147,141,159,154,162,156,164,151,160,157,145,149,156,144,165,169,157,143,149,159,159,133,146,157,148,154,140,150,144,164,158,166,162,141,144,159,174,138,139,144,151,165,144,160,145,163,146,169,157,157,148,156,146,123,152,165,144,141,146,148,156,154,156,147,162,156,149,123,142,151,115,151,160,148,139,143,170,131,149,139,151,139,150,154,170,149,128,146,159,140,154,151,157,144,148,165,147,160,138,157,161,124,151,155,168,145,139,162,145,155,163,154,151,158,159,171,161,147,158,154,147,150,154,136,151,144,136,149,146,146,157,153,165,130,146,148,140,149,146,158,152,147,164,156,129,149,157,137,155,168,166,156,145,149,149,138,136,147,143,152,158,164,154,160,140,160,142,163,152,156,145,160,137,143,147,142,142,157,144,139,152,141,146,131,153,161,158,164,145,148,130,172,140,155,153,160,172,154,152,144,160,158,159,159,130,165,147,168,140,149,160,129,142,152,152,151,127,165,158,132,149,144,142,161,149,160,128,154,149,159,153,153,144,171,176,156,174,134,138,158,141,132,149,146,154,166,146,145,162,145,152,131,160,151,158,137,151,144,141,141,147,147,141,144,146,151,150,153,155,152,147,156,152,158,158,132,149,164,175,160,150,168,144,132,144,139,133,150,144,140,120,158,155,153,148,147,153,165,148,171,160,132,177,159,149,139,131,166,149,118,149,145,138,164,162,142,167,158,148,152,164,171,147,152,146,162,154,151,148,156,141,154,140,141,139,139,157,149,126,137,154,171,169,136,145,152,144,151,178,154,146,154,166,154,149,136,142,153,155,147,142,154,152,157,147,148,152,162,159,152,153,137,145,140,159,150,153,161,158,170,133,156,140,154,147,153,154,147,152,142,159,152,134,169,126,151,142,149,149,156,160,166,150,162,160,153,142,151,164,146,150,133,150,149,151,160,149,166,138,164,153,159,136,150,154,158,157,145,151,135
144,146,140,145,151,144,151,159,164,153,141,144,142,155,162,162,154,147,147,153,145,144,154,146,158,143,163,152,155,153,135,153,149,138,148,140,144,140,156,160,164,141,147,137,155,159,167,147,155,136,155,136,155,140,158,167,148,129,142,161,151,154,137,166,139,156,146,153,143,162,145,156,148,159,157,143,160,162,152,148,162,146,157,147,150,163,139,144,131,146,156,152,157,155,139,159,148,136,165,138,147,158,131,149,143,142,156,149,136,147,148,144,168,161,166,184,134,156,143,154,164,156,157,166,140,137,149,157,145,155,132,140,150,142,157,145,145,148,146,142,163,156,135,148,133,149,152,168,150,146,147,145,163,167,159,145,161,145,149,158,133,160,139,148,151,160,163,140,155,138,152,148,156,161,158,135,147,170,161,146,167,158,154,162,154,138,170,159,170,152,128,133,152,161,145,134,165,156,131,128,143,169,134,127,124,156,154,144,134,152,128,160,149,139,144,145,165,139,155,141,155,158,166,150,138,163,157,155,154,148,142,127,169,144,151,150,158,175,155,159,167,147,138,155,138,159,155,150,159,147,153,148,151,148,153,161,136,153,155,157,150,172,163,144,142,148,155,132,163,132,147,140,152,153,166,153,157,157,147,152,144,143,140,150,152,147,153,142,153,157,140,137,149,161,149,142,147,127,154,156,149,140,160,169,168,146,154,140,134,134,145,149,169,140,149,147,141,142,158,145,127,148,161,138,148,146,141,137,137,143,143,157,137,139,133,162,157,151,161,142,164,127,147,150,137,152,144,154,160,150,153,145,145,136,151,147,148,143,157,149,147,167,154,163,156,149,153,164,140,140,139,153,156,145,142,160,152,171,139,151,156,157,154,139,151,154,138,168,162,137,148,148,153,141,138,147,150,149,153,149,157,153,136,142,159,159,152,138,139,142,161,138,154,137,132,147,123,140,170,127,172,165,149,145,143,144,146,151,149,142,140,158,145,173,153,154,151,156,155,142,147,163,141,152,142,145,143,166,135,145,157,131,144,145,147,139,158,147,155,141,154,157,160,146,157,133,147,163,162,144,155,141,158,162,151,140,145,159,147,156,137,145,148,141,146,143,163,136,144,141,151,171,135,137,163,147,159,131,135,154,152,157,133,165,128,138,161,140,165,160,150,151,132,138,152,139,164,158,161,151,145,149,167,158,154,140,152,140,154,149,172,132,130,161,164,150,157,156,143,150,158,174,146,142,143,160,136,149,132,146,161,163,146,143,150,141,158,146,132,145,152,138,149,151,149,151,163,152,161,162,170,143,143,143,163,164,135,157,150,156,158,129,138,150,130,167,148,171,146,150,161,154,155,165,162,147,147,152,142,152,146,165,118,131,146,145,155,153,170,140,153,146,163,149,149,149,137,153,155,153,145,152,160,134,135,148,149,135,150,154,155,162,161,151,146,154,151,140,154,153,170,145,138,161,139,140,165,162,167,144,148,160,158,146,159,133,141,157,148,148,141,158,157,148,160,166,130,162,141,148,157,160,161,147,137,156,155,157,150,140,151,158,137,149,169,146,179,154,149,135,148,144,147,160,137,161,145,156,149,153,157,138,157,147,140,155,138,144,149,128,135,148,148,154,148,159,152,135,156,154,142,147,162,152,137,141,146,169,160,153,153,164,148,151,138,153,160,161,145,163,144,149,158,137,132,146,140,161,158,141,148,133,160,150,163,130,159,161,149,164,150,147,162,133,166,138,155,134,154,151,165,160,153,166,158,144,130,161,160,153,152,150,150,143,162,168,160,139,149,147,142,160,153,150,147,142,157,148,137,141,163,147,152,152,157,145,159,165,150,154,145,134,149,150,142,137,157,141,148,161,141,129,151,159,144,168,157,174,142,136,140,132,164,146,140,149,159,149,152,153,139,152,151,150,141,147,151,162,151,147,165,152,126,141,144,159,158,154,145,156,143,141,178,151,155,156,151,157,161,148,154,158,145,131,146,142,143,137,139,143,143,145,146,153,144,153,133,135,160,145,157,149,149,132,149,141,152,146,147,149,171,164,162,146,136,158,152,154,150,165,164,159,156,160,147,144,150,145,150,155,145,162,171,145,145,134,152,143,150,139,156,152,150,150,149,143,135,164,158,165,150,159,140,138,131,145,145,124,154,151,150,151,180,146,140,143,158,145,173,165,150,143,144,147,144,140,153,141,156,136,137,144,140,134,152,138,154,147,161,149,153,142,159,160,145,161,138,143,166,145,152,176,157,151,148,148,146,143,144,153,158,146,148,151,162,151,147,161,159,156,140,146,155,140,149,136,157,133,136,142,159,129,146,154,145,144,156,127,158,160,151,138,154,155,164,154,144,138,150,153,144,160,158,152,138,154,136,148,171,145,156,163,145,168,148,146,149,140,160,149,151,137,147,143,141,151,151,147,149,149,146,154,144,144,157,148,151,161,166,154,148,144,158,157,139,158,152,157,160,155,150,159,155,153,131,138,156,146,148,146,157,137,138,134,160,136,154,132,158,144,136,137,180,171,131,158,166,133,153,161,154,174,151,165,159,145,157,142,152,156,148,150,133,154,151,142,142,155,156,129,144,149,146,150,146,144,144,153,155,127,143,151,132,161,154,140,145,140,160,136,163,150,142,163,148,154,153,154,156,147,149,156,153,148,139,142,140,137,123,143,136,156,137,126,152,149,154,151,138,147,159,151,155,139,145,158,134,160,141,152,158,143,154,133,138,152,154,145,146,162,156,168,147,171,141,146,158,154,136,144,162,152,133,154,170,156,143,145,146,149,155,171,139,163,152,151,153,157,131,138,155,157,151,149,127,146,141,164,140,164,142,152,153,149,146,138,156,155,130,157,160,149,161,143,157,151,129,144,132,150,162,154,150,136,144,140,164,171,147,154,140,136,168,145,132,140,148,148,146,154,142,153,153,162,152,135,146,148,138,149,159,147,164,151,130,147,139,160,133,154,160,161,146,141,150,168,131,152,148,145,153,140,151,134,142,152,161,158,164,161,170,148,156,157,129,142,141,166,148,162,138,130,151,139,148,139,135,139,140,159,136,141,148,137,154,142,152,139,151,137,152,135,140,150,141,154,153,137,132,148,142,148,142,163,144,156,143,160,152,162,169,170,129,141,138,160,157,152,157,163,167,145,161,164,157,167,155,155,130,170,144,127,147,134,135,143,140,150,138,150,164,165,171,148,159,178,156,133,168,162,141,149,149,156,142,133,138,154,149,135,169,147,159,129,161,143,141,148,160,159,151,146,141,152,171,134,157,159,139,149,141,138,147,150,143,154,145,142,158,163,142,135,151,142,153,137,158,154,139,162,159,146,155,143,170,165,159,147,138,148,170,152,147,163,153,136,153,124,155,157,145,148,144,146,134,144,147,151,138,139,165,137,141,143,149,161,147,160,160,161,151,149,139,147,150,127,150,145,143,141,146,149,154,152,146,164,128,152,154,155,153,140,152,145,144,156,156,144,135,150,137,148,136,153,141,148,138,148,170,147,167,165,136,154,134,153,146,140,136,157,151,147,170,146,150,148,164,152,147,144,148,152,158,159,136,128,144,143,155,134,143,163,169,132,148,149,142,157,153,150,138,136,141,156,157,148,158,154,162,140,144,166,146,155,145,140,157,162,144,142,160,163,149,127,149,145,144,155,141,157,148,146,147,149,173,150,138,147,157,158,170,138,147,165,149,145,135,158,149,152,154,158,146,168,133,140,126,145,140,148,159,164,166,140,154,157,135,135,150,154,134,148,147,148,151,148,140,155,152,144,153,146,132,150,151,143,146,163,148,155,125,150,160,151,142,134,157,154,152,143,154,131,144,147,149,137,149,159,163,138,157,153,139,144,150,155,149,152,152,156,172,150,145,144,138,155,154,147,162,155,143,137,145,143,131,149,137,156,157,139,131,138,180,161,152,160,152,130,138,166,148,163,154,149,162,155,132,145,151,145,137,157,147,161,150,150,159,133,153,174,135,153,145,138,150,144,155,149,143,141,172,151,142,166,157,152,150,141,131,138,148,140,151,142,147,150,145,136,138,150,144,141,149,136,166,143,150,163,147,158,140,128,146,154,147,156,160,141,140,158,148,150,138,157,136,134,162,149,151,160,145,165,159,140,168,150,127,150,137,141,149,158,154,146,141,164,146,158,131,153,151,152,143,163,161,138,156,143,145,157,173,136,149,150,135,165,177,151,151,157,159,155,145,157,157,149,148,150,165,147,154,138,157,142,138,153,171,143,149,145,162,143,170,159,133,153,152,148,161,142,152,147,149,157,138,142,144,160,151,144,137,154,157,150,139,155,146,138,135,159,141,148,152,129,148,138,147,155,137,153,156,165,160,151,130,157,142,151,149,168,151,143,159,169,159,145,148,158,141,146,153,154,177,154,166,153,168,146,141,149,146,137,162,165,153,162,166,152,153,152,148,131,140,164,151,145,130,171,148,140,170,144,152,145,157,153,143,150,150,156,155,138,116,158,142,150,165,164,147,163,155,142,161,154,154,152,141,158,141,155,146,145,158,151,151,156,154,151,148,160,134,139,147,163,157,161,143,170,161,150,152,133,151,158,153,151,164,147,145,133,151,147,158,178,133,129,133,146,164,160,138,165,149,170,130,144,156,143,164,140,149,153,150,147,156,163,134,158,139,162,148,144,162,122,147,141,152,155,147,148,180,149,145,144,150,149,165,148,148,146,146,154,162,147,164,156,158,155,146,147,130,137,140,154,151,144,138,156,145,151,152,144,162,147,136,150,146,154,156,149,147,162,162,149,141,147,144,145,166,140,152,160,160,161,161,149,164,150,138,157,154,154,140,153,144,142,136,144,135,147,147,144,145,151,141,153,155,142,158,147,142,137,149,171,159,154,149,148,164,135,145,147,145,146,146,155,155,145,154,133,148,144,156,137,159,150,139,144,148,155,145,177,165,152,142,151,151,137,144,140,158,156,151,135,153,170,145,147,151,150,168,184,143,148,159,150,142,137,144,166,158,150,138,156,142,148,140,144,164,152,143,150,152,152,146,152,155,153,161,172,155,145,142,161,153,145,153,149,167,157,153,153,159,132,148,135,160,137,149,158,145,136,126,156,165,145,132,156,145,137,147,143,139,151,141,156,137,163,136,162,143,157,146,148,149,142,154,156,153,158,158,154,132,157,155,160,157,148,155,171,139,157,154,151,170,168,135,150,154,153,148,163,140,186,146,145,146,147,145,141,155,143,160,158,148,148,144,132,149,138,161,157,130,132,140,149,140,154,162,157,143,149,153,158,155,142,138,144,153,137,139,131,154,148,144,163,125,146,151,140,128,149,139,145,155,149,154,139,142,148,152,135,155,160,149,152,159,157,158,141,146,150,151,146,140,154,134,162,145,137,151,132,153,150,137,144,156,157,137,165,158,153,144,156,163,153,131,166,163,145,148,143,148,135,159,138,132,151,144,155,160,148,142,142,127,151,145,155,140,130,143,165,147,153,189,147,150,173,154,149,140,141,143,149,152,150,145,144,149,145,145,155,159,157,160,141,145,154,160,133,163,149,138,139,154,149,160,148,151,144,149,146,158,157,151,136,142,154,149,127,152,149,162,136,153,138,155,141,172,141,146,143,142,133,133,151,159,150,147,147,159,146,132,137,136,156,150,161,148,136,147,129,162,160,148,151,152,163,154,145,161,174,166,148,166,149,145,146,144,133,137,138,149,145,142,164,161,157,154,155,155,146,151,141,159,141,159,157,127,167,140,138,144,138,143,153,155,160,158,145,137,127,143,154,161,150,171,143,136,150,162,157,174,145,159,165,150,157,142,144,154,172,145,145,155,157,149,137,160,163,154,138,148,136,151,148,155,143,163,146,154,161,160,122,151,153,148,137,145,172,150,141,151,167,155,143,163,146,150,147,162,146,158,146,176,155,162,137,124,162,158,164,155,131,138,137,135,153,126,156,151,155,153,159,150,144,148,163,154,165,145,157,152,144,147,147,138,134,165,163,148,171,143,161,124,152,143,132,137,154,156,151,140,138,142,143,138,141,162,167,175,148,131,148,159,149,152,138,162,154,161,145,153,135,144,143,166,153,143,145,152,159,153,157,135,153,147,158,156,137,157,140,156,150,148,166,146,155,146,164,155,134,141,145,167,144,165,163,152,152,133,157,151,136,141,171,157,148,153,142,151,169,150,152,153,140,160,153,138,178,166,144,136,147,151,142,145,135,147,157,164,137,157,128,154,157,160,139,147,147,143,154,152,142,131,168,150,160,148,152,143,153,158,139,154,174,146,156,173,133,147,153,147,155,162,151,160,141,160,155,143,146,160,148,158,167,149,149,134,156,146,151,140,138,149,156,138,151,144,165,141,156,159,141,160,157,156,145,161,155,145,169,155,141,163,162,149,137,145,158,127,177,148,161,156,133,153,159,139,139,149,158,152,145,166,138,164,131,139,137,137,163,145,156,144,145,155,158,150,123,146,134,154,146,152,167,159,153,155,148,153,141,131,139,149,147,154,138,159,146,163,145,133,142,148,151,161,149,141,145,140,139,149,147,133,161,142,146,154,154,142,134,153,153,165,170,155,148,148,158,156,141,151,153,164,144,139,143,156,140,147,151,137,149,142,145,159,141,143,147,153,175,162,146,140,140,143,171,148,154,157,148,129,143,150,153,134,156,148,157,152,138,158,143,145,147,136,159,145,168,160,149,155,150,161,152,155,131,142,140,158,150,143,145,163,158,143,155,141,150,158,141,131,156,136,151,166,154,155,171,146,142,148,143,163,147,158,136,137,164,157,158,140,149,154,164,155,162,133,168,150,152,157,162,155,151,150,165,153,144,153,149,167,145,163,152,155,143,142,146,137,142,139,162,129,167,167,170,158,141,140,139,150,141,150,152,155,162,163,145,144,148,163,154,163,151,150,129,140,143,145,136,141,154,141,155,147,170,158,139,140,130,159,145,165,129,139,158,132,141,131,161,137,172,153,160,162,160,146,153,135,140,139,159,142,144,145,152,136,139,152,149,129,146,162,141,150,169,132,139,150,152,143,152,153,146,156,142,159,158,135,146,165,162,150,148,149,141,151,157,145,147,138,160,145,143,124,155,134,139,154,160,146,161,137,150,141,143,143,162,152,141,146,144,156,147,164,134,144,151,164,135,148,156,117,162,141,149,145,138,142,146,174,151,159,155,154,161,161,155,115,140,161,153,156,153,151,143,142,150,154,157,145,150,161,157,145,144,151,142,146,135,137,146,161,155,162,158,146,140,130,144,142,158,141,144,145,152,150,131,152,150,150,160,153,137,148,156,151,156,161,150,162,143,132,154,150,158,151,165,139,151,133,145,148,150,132,149,141,162,150,132,157,161,146,152,141,173,153,150,154,161,131,158,133,153,143,141,137,150,150,149,149,148,123,162,149,144,146,151,147,150,133,147,148,158,154,148,151,152,135,135,148,148,163,139,148,147,156,162,162,156,155,147,150,142,141,149,152,154,165,157,158,131,139,149,155,142,160,132,166,146,136,172,146,150,142,144,139,163,160,143,142,157,156,147,151,145,149,149,145,152,126,145,134,127,148,155,148,139,158,132,160,166,148,154,148,140,158,165,141,156,157,143,139,150,171,130,151,163,147,153,149,149,122,141,146,157,147,155,141,164,164,152,148,169,150,157,118,152,168,146,187,150,151,150,146,138,158,152,130,160,145,144,133,153,132,151,133,145,156,150,169,139,143,138,150,146,148,170,152,147,159,144,152,155,156,156,153,144,146,148,144,152,148,145,162,146,162,153,159,154,160,150,129,155,151,163,153,155,160,145,159,158,147,135,141,143,149,146,139,143,147,153,151,142,135,137,156,154,148,143,149,140,140,145,130,159,130,143,152,152,130,164,152,155,145,125,135,124,155,167,162,137,152,144,139,152,137,155,150,139,146,147,139,156,163,148,159,152,159,150,154,142,149,145,142,161,143,140,145,143,128,156,150,150,151,160,161,153,160,152,137,158,143,143,140,156,153,140,162,146,140,165,147,150,130,145,137,147,149,160,158,157,139,155,153,123,152,155,127,160,147,156,163,166,143,153,164,143,146,145,149,147,157,137,151,143,135,154,132,159,150,152,145,131,136,144,140,172,141,150,154,133,139,165,156,154,156,159,157,152,130,146,140,161,155,143,162,145,142,158,141,136,151,152,144,144,154,138,151,144,154,171,155,135,130,167,153,144,147,145,158,169,148,152,155,171,144,136,152,151,143,139,159,142,162,159,138,155,150,154,156,164,137,146,148,152,143,162,153,136,152,151,145,155,145,150,157,145,136,168,156,143,142,150,143,161,142,166,163,165,172,148,143,152,157,171,147,150,166,145,161,152,140,134,159,167,155,140,163,162,139,147,159,140,162,143,148,136,161,152,147,139,163,138,154,146,136,153,157,162,134,148,144,165,155,150,129,179,156,138,152,128,172,129,156,170,160,163,162,143,152,150,154,162,134,153,142,148,160,160,151,135,146,159,155,145,134,159,164,154,163,144,144,148,157,136,155,145,146,152,163,152,154,153,139,148,161,147,156,148,167,147,142,153,152,172,140,148,137,141,163,159,158,147,145,138,160,157,162,167,131,151,138,134,145,151,148,146,167,140,142,153,143,138,148,153,126,137,136,155,146,136,162,133,140,144,155,146,144,162,155,141,155,149,149,153,143,146,160,139,164,127,154,144,160,142,150,155,164,149,139,149,154,133,155,161,154,161,139,146,141,139,142,172,138,163,157,137,153,160,153,144,161,145,158,144,167,145,140,154,157,153,151,148,135,167,168,144,130,132,130,161,163,140,154,143,137,160,140,153,152,146,152,141,169,169,152,142,140,158,152,137,163,137,162,128,155,136,143,142,146,141,145,156,154,156,165,172,137,160,138,146,153,133,141,146,153,159,164,162,138,150,146,140,162,131,140,157,153,157,157,152,159,163,156,144,142,151,158,143,139,145,157,158,169,147,133,132,145,132,144,142,145,144,145,163,150,138,150,156,134,150,152,147,155,157,140,170,141,134,144,145,145,149,146,144,137,154,144,157,136,170,136,156,151,165,167,138,147,166,150,145,165,156,144,151,131,148,155,134,155,158,164,128,146,136,154,138,154,164,143,144,147,156,148,146,176,143,149,139,149,143,152,145,137,141,154,149,152,153,148,140,165,153,149,161,156,154,159,159,153,148,156,147,149,160,151,157,164,138,148,173,135,154,138,167,147,149,148,165,155,168,140,160,162,149,141,153,161,139,151,156,146,154,153,131,144,138,161,165,134,139,141,165,154,126,139,137,136,175,165,151,166,157,138,139,149,142,144,161,153,156,155,148,154,160,172,147,140,142,158,149,158,157,152,165,148,142,143,152,138,161,139,151,163,137,156,138,148,158,146,146,154,154,153,142,166,165,147,124,153,151,149,146,138,152,154,154,154,139,145,138,161,122,152,146,167,146,142,139,150,139,158,167,162,152,157,151,135,139,137,145,159,150,151,144,157,142,164,161,162,162,143,143,130,152,160,125,142,155,157,159,153,154,144,141,150,152,141,134,151,150,146,149,161,135,149,141,146,150,161,146,137,132,154,145,133,170,151,138,138,129,145,141,143,131,146,140,133,155,155,136,154,157,158,144,161,139,141,153,151,149,134,145,155,136,179,132,143,146,136,142,139,148,157,161,142,151,162,158,138,154,135,157,146,163,149,160,148,155,154,157,157,151,154,143,145,145,152,158,144,140,145,130,149,146,166,145,147,136,152,154,155,146,144,162,152,168,150,168,132,152,141,152,136,148,167,147,143,132,157,144,157,155,144,124,148,129,153,146,150,136,143,141,141,166,165,144,169,149,168,155,126,144,162,153,152,152,142,127,162,154,150,151,148,135,143,133,142,155,169,140,136,141,147,149,138,146,143,155,154,160,150,134,146,160,157,146,152,153,149,147,140,147,161,158,153,141,147,127,144,158,139,137,131,147,159,143,150,150,147,151,169,163,162,127,146,159,132,161,150,141,155,140,148,158,142,144,143,141,142,137,150,174,163,148,141,155,140,144,149,180,151,144,151,168,145,141,156,163,133,140,148,152,144,153,134,153,140,147,152,152,142,151,136,153,164,172,158,133,156,150,140,161,151,152,151,143,156,144,160,153,148,147,141,162,147,144,157,151,154,140,119,159,171,147,156,139,149,146,161,139,134,156,158,154,154,148,153,136,143,178,169,140,154,137,166,147,150,162,175,154,140,134,132,161,129,177,148,148,148,157,151,134,161,141,143,157,159,159,150,148,156,159,168,164,148,138,162,162,149,146,165,157,176,167,148,158,173,153,133,149,145,143,149,145,146,149,144,130,148,141,165,175,140,160,159,159,152,134,164,154,138,144,150,149,163,149,142,157,154,157,154,138,154,153,144,150,152,143,136,146,142,151,138,151,145,150,163,150,172,133,155,177,146,175,172,139,145,151,147,138,144,143,144,161,138,140,129,145,147,149,133,152,159,150,159,146,148,137,149,147,141,153,138,154,154,151,151,150,148,145,139,163,142,151,150,153,141,137,146,158,151,178,147,153,149,153,160,143,135,156,167,141,126,141,157,133,143,166,156,158,170,156,128,160,137,143,148,133,140,141,134,144,142,148,164,181,142,149,157,149,128,145,140,152,149,156,152,135,139,163,160,153,145,153,156,159,147,157,156,127,158,166,160,160,135,166,163,146,156,160,140,149,134,149,145,151,153,165,154,157,141,166,158,139,154,146,150,132,160,145,152,144,158,137,160,143,133,150,141,172,162,152,149,142,148,152,170,141,149,142,143,165,139,153,170,145,157,163,157,173,146,123,149,180,140,158,147,151,157,140,148,155,149,150,161,169,146,148,155,139,145,159,134,153,151,152,158,144,143,147,149,155,137,127,157,161,171,172,154,137,172,158,158,150,136,154,157,153,152,132,144,141,152,135,148,135,153,145,163,145,138,144,144,146,140,136,156,142,141,152,168,162,140,153,151,164,144,156,152,141,145,156,137,146,133,168,147,156,161,139,142,155,148,134,144,162,141,159,139,151,154,131,166,136,156,171,147,151,140,166,139,159,147,139,160,159,157,152,164,151,153,150,163,138,161,137,170,140,169,134,139,170,169,133,154,158,151,154,132,155,153,140,144,148,142,172,144,156,149,159,160,160,161,141,162,144,156,140,143,143,142,152,151,155,128,160,150,159,150,151,145,158,152,148,156,145,143,155,149,140,152,135,162,155,152,131,150,147,144,153,166,134,141,153,149,148,150,160,142,142,170,149,174,156,169,158,165,150,148,145,150,151,141,144,146,148,135,163,145,152,160,146,141,157,135,158,154,136,149,153,148,166,179,149,150,147,142,154,145,147,148,131,153,155,151,138,155,149,159,142,142,150,156,155,144,158,149,144,150,157,147,138,130,157,145,135,172,136,154,127,160,152,159,141,140,165,145,159,129,140,159,148,150,152,161,161,158,149,163,163,144,141,150,163,151,145,137,123,151,154,159,174,159,154,146,136,171,144,146,151,163,132,156,144,150,158,137,158,146,155,135,145,146,140,145,152,162,139,125,164,167,141,161,152,170,157,139,163,158,160,148,146,168,161,137,142,143,169,157,139,129,150,143,141,172,148,145,162,166,143,145,164,165,154,174,154,150,142,154,136,149,150,164,166,151,140,153,137,148,139,137,145,138,161,132,166,157,151,138,155,155,145,145,147,137,151,146,162,165,159,146,141,159,150,161,146,151,157,162,161,142,155,182,157,157,151,162,165,143,153,152,167,141,157,158,163,128,143,133,163,143,150,151,144,132,150,148,144,144,137,166,155,159,149,123,154,143,149,160,148,157,163,144,131,134,137,161,139,159,140,147,159,148,133,157,142,162,129,147,157,146,158,143,156,145,159,170,140,152,150,157,140,153,146,142,143,152,147,161,153,140,163,137,151,160,143,150,146,151,135,153,138,128,148,134,142,139,141,159,146,136,168,148,167,160,153,148,147,151,165,141,158,151,140,159,150,152,164,161,142,156,164,136,154,146,157,136,154,153,144,146,154,160,153,150,139,156,152,140,147,137,144,145,144,153,174,142,150,154,128,159,156,162,174,143,142,163,149,146,149,140,142,169,158,156,141,163,143,148,154,139,156,131,147,141,166,148,137,163,136,136,166,160,161,149,147,156,136,162,133,162,169,148,140,142,153,157,150,141,145,158,154,129,154,156,146,155,128,155,127,141,151,141,135,146,140,153,137,127,145,165,149,166,164,147,154,131,145,163,143,151,143,150,138,145,136,149,155,142,146,155,151,146,154,146,143,153,144,156,151,143,134,144,139,155,160,143,145,158,164,140,149,159,156,161,146,139,141,167,147,158,142,137,165,174,152,134,120,146,153,150,153,149,141,154,131,146,148,164,150,124,150,149,138,142,151,138,159,151,133,147,158,158,141,147,154,166,140,156,149,151,155,162,134,154,161,163,160,167,155,154,157,154,148,150,140,151,136,147,161,148,151,156,134,146,156,159,151,154,136,149,161,154,145,138,149,147,153,146,139,154,142,131,153,165,168,160,140,141,176,153,140,130,155,142,153,137,151,142,157,125,153,145,169,125,163,162,146,147,158,158,161,142,155,141,149,154,159,159,163,154,165,148,159,140,152,159,170,144,160,143,131,153,151,158,153,147,140,157,162,161,157,154,143,148,150,146,143,161,147,144,126,144,131,134,150,161,140,163,146,130,147,150,167,152,168,163,133,157,144,141,134,130,140,147,158,157,152,158,156,135,149,139,141,158,144,166,141,156,152,142,141,157,154,147,159,156,152,162,136,152,144,153,144,142,144,164,159,152,145,147,162,170,157,159,164,159,161,165,142,157,149,158,135,163,132,136,144,145,165,150,149,139,151,140,158,144,145,139,166,123,154,152,166,156,148,168,142,176,164,166,145,159,143,152,154,140,143,161,151,144,158,140,155,140,159,136,145,157,127,153,134,151,166,157,169,152,151,164,132,146,145,157,151,157,154,153,153,153,144,160,140,128,141,145,142,139,159,148,139,156,139,149,158,143,174,169,160,141,148,148,151,151,144,148,169,139,153,141,166,160,152,148,132,142,158,150,146,150,153,152,155,153,144,147,144,148,161,166,139,149,153,145,153,144,162,148,164,156,156,142,151,132,155,150,159,140,147,121,135,150,153,158,136,135,136,142,150,162,151,153,163,147,141,167,140,161,158,160,166,140,145,156,137,150,152,149,141,155,156,166,144,136,169,153,156,160,150,157,139,154,158,149,166,139,151,153,131,139,149,153,149,139,152,141,170,146,166,157,149,153,152,149,163,145,155,153,149,159,150,153,146,153,147,154,150,165,148,153,131,126,150,158,138,158,145,152,151,149,145,145,143,139,145,136,150,139,164,149,152,145,147,155,166,162,159,148,153,144,156,141,141,150,168,142,155,139,137,165,147,146,160,146,148,157,170,177,145,153,150,156,155,137,159,151,158,135,155,145,144,137,164,145,159,159,140,139,150,141,154,162,151,142,154,146,152,149,145,138,166,148,159,155,147,148,156,153,160,162,133,141,153,151,141,154,134,150,155,147,159,132,158,165,147,146,149,149,147,143,172,154,160,144,151,146,139,160,144,144,169,141,149,149,155,166,152,155,149,135,152,147,154,167,158,151,154,153,150,158,157,141,151,170,142,136,148,140,155,151,164,140,160,141,142,139,154,139,156,167,133,149,143,148,127,140,155,151,144,143,156,154,154,143,160,149,165,161,148,138,173,167,148,153,141,160,149,139,140,150,140,149,145,149,144,137,141,158,180,150,162,158,128,134,166,157,136,147,150,137,162,138,133,146,163,149,159,145,164,129,147,144,156,174,144,145,153,160,153,140,133,157,163,146,158,147,151,157,160,146,146,165,134,162,162,141,147,145,140,156,164,119,154,141,140,128,159,146,167,162,160,151,138,140,164,149,147,148,138,149,134,153,155,141,146,150,150,164,139,153,152,141,158,138,130,133,148,140,160,152,143,153,165,147,151,151,134,145,152,152,142,134,146,158,156,160,151,149,155,164,160,154,134,153,151,154,157,160,139,167,148,145,140,131,156,154,140,162,145,144,141,143,134,147,155,150,138,146,171,150,156,157,142,164,152,163,145,157,161,125,143,149,133,154,130,144,144,160,151,163,160,145,158,129,148,169,123,146,152,153,152,134,147,159,145,149,138,145,140,151,140,138,151,142,133,141,155,146,156,133,140,140,166,151,122,148,158,150,139,147,146,137,166,156,165,132,156,139,161,144,156,154,144,169,151,150,147,135,152,143,150,159,154,143,160,140,164,152,143,125,168,142,144,152,151,157,154,154,149,149,156,133,136,147,154,146,150,146,149,150,156,159,151,142,156,154,133,132,164,131,168,154,159,168,162,161,154,162,141,157,161,125,152,152,144,145,154,156,159,166,144,130,158,151,144,151,171,158,155,171,147,158,157,142,152,150,158,140,146,151,137,134,151,140,159,150,117,142,168,154,162,161,134,143,139,150,159,147,141,154,140,154,152,148,161,162,145,142,147,161,143,154,147,145,154,155,145,137,145,135,157,138,164,147,157,150,139,155,146,152,147,143,162,151,141,143,134,157,150,165,156,143,146,147,152,152,142,158,159,151,145,138,157,132,148,153,138,181,147,151,153,132,139,142,144,154,137,159,148,146,151,153,171,141,137,151,154,143,162,162,164,128,139,166,146,147,146,147,142,153,141,145,137,128,149,149,153,161,152,153,142,155,136,135,150,159,151,147,149,163,159,145,143,151,135,139,141,138,139,143,151,156,149,157,162,153,151,133,158,145,140,136,159,151,160,136,148,147,156,142,151,137,167,143,161,136,128,149,140,158,155,143,145,141,152,153,130,150,171,128,147,146,166,159,135,146,146,148,144,145,146,170,154,142,154,142,133,146,132,154,155,146,159,148,143,166,157,177,136,157,152,175,147,156,140,156,160,130,164,151,136,161,145,169,158,142,157,138,129,132,157,140,167,162,145,129,143,134,141,140,148,151,144,148,165,154,138,161,139,139,163,166,140,164,157,144,163,139,145,135,139,147,168,143,158,143,142,143,142,148,150,149,164,146,155,148,169,123,157,149,146,146,143,167,134,138,161,154,138,150,159,151,142,150,152,179,142,148,157,148,151,142,147,151,167,140,154,152,161,146,135,164,150,141,159,150,153,147,137,158,140,142,137,156,155,152,141,146,149,152,145,137,170,141,149,155,155,145,163,166,163,170,147,143,155,165,164,140,148,152,146,159,145,150,135,159,152,152,148,141,149,155,150,158,146,137,141,136,147,173,138,150,154,134,161,157,145,153,152,140,158,140,168,156,135,141,151,153,161,149,158,162,136,160,149,171,147,137,150,144,154,164,138,142,148,144,151,166,155,151,161,146,153,172,133,147,151,140,183,135,157,162,148,159,145,138,153,148,132,131,141,130,149,133,138,157,151,140,128,174,146,133,146,154,154,147,156,161,151,129,151,137,145,151,166,161,160,141,130,151,152,141,152,137,139,150,159,144,142,127,158,153,147,155,147,153,130,136,140,155,158,147,131,159,160,140,147,137,156,133,129,170,156,169,153,153,168,156,128,146,157,154,163,139,137,154,142,138,141,160,159,150,138,146,164,151,147,149,153,124,147,150,154,146,165,138,177,165,134,147,151,158,164,146,152,138,157,151,144,140,147,135,168,142,162,147,156,162,160,153,161,150,132,161,152,164,153,166,155,141,154,147,161,133,155,161,150,142,141,158,145,161,144,169,157,149,142,142,149,145,159,150,145,117,138,141,161,138,146,125,154,145,167,161,146,138,137,137,145,149,135,152,147,141,162,140,144,157,176,130,158,154,144,133,136,162,145,160,119,140,147,144,147,148,145,151,132,146,139,144,165,145,138,146,145,137,146,127,150,150,153,135,156,146,150,142,181,124,165,150,154,149,142,142,133,148,164,158,152,157,152,122,143,147,144,155,152,149,145,149,158,143,140,151,161,165,152,143,143,164,145,150,140,178,141,171,150,158,151,131,159,138,132,147,166,151,152,148,148,134,154,160,146,170,124,149,160,159,146,158,139,145,157,156,151,145,154,149,148,144,157,149,148,137,147,132,156,137,143,159,142,166,153,163,163,144,171,141,154,163,153,160,145,151,134,130,135,136,138,149,131,159,157,137,153,150,147,168,137,142,147,144,158,154,159,162,159,146,158,149,134,136,161,146,146,154,131,157,164,147,150,149,127,159,127,162,148,158,130,137,151,158,165,139,151,149,145,152,117,143,153,134,148,140,147,151,153,148,131,160,152,138,151,158,146,166,137,143,150,142,156,142,131,151,143,149,137,146,162,157,152,140,173,143,156,156,137,146,160,161,136,165,143,151,153,147,145,165,142,166,164,163,129,130,140,143,137,144,134,112,159,143,155,153,156,153,152,164,165,146,151,138,136,158,157,159,139,155,153,162,143,155,147,169,145,154,148,167,146,132,145,146,158,135,144,128,135,153,135,151,128,151,146,137,156,138,157,161,138,141,149,149,145,146,157,149,143,158,154,150,146,152,151,158,147,147,142,161,163,155,151,157,147,154,144,158,138,134,127,159,154,138,143,159,158,173,152,162,152,147,145,146,147,150,144,174,149,155,139,155,147,175,168,143,144,160,154,152,141,144,139,146,164,149,165,145,164,124,150,157,142,133,150,154,160,158,157,135,150,143,143,146,157,153,146,143,142,142,145,147,156,168,156,158,171,141,167,139,154,137,147,155,158,155,146,144,155,160,173,131,152,162,141,154,150,164,141,144,153,163,162,159,163,154,152,166,152,158,159,146,157,151,151,146,158,173,145,148,147,152,146,132,165,180,137,153,162,166,133,163,148,140,159,144,132,132,147,146,131,149,156,158,133,158,141,138,145,175,147,139,159,148,137,135,170,159,143,146,128,146,154,142,146,161,171,146,150,148,136,157,153,152,146,146,157,150,176,155,132,143,133,143,130,149,154,163,154,149,145,150,154,146,153,159,136,160,146,163,129,154,155,156,153,161,158,139,166,180,134,148,160,168,143,154,148,160,134,146,145,139,160,153,149,128,142,153,150,150,143,141,155,175,157,154,169,152,151,139,149,150,141,127,168,169,140,146,150,150,156,164,146,152,152,142,150,141,149,154,161,142,147,161,163,143,144,156,154,136,154,161,162,147,156,157,142,168,163,151,162,150,153,145,129,145,147,161,147,153,142,149,151,157,140,149,148,151,145,139,159,148,150,134,158,136,151,144,145,156,152,129,141,143,170,143,157,160,148,137,166,142,141,150,146,139,139,147,144,159,164,152,147,146,165,152,157,159,157,142,149,137,155,145,146,143,167,154,148,137,154,159,155,147,153,170,167,151,144,161,157,158,147,160,151,157,164,140,161,144,154,148,140,154,149,160,160,137,132,146,144,156,139,153,144,149,154,142,153,127,144,143,166,160,149,165,148,132,140,141,159,153,146,139,164,144,146,133,150,146,142,155,149,151,158,162,145,166,144,166,139,147,155,157,156,149,144,139,151,144,147,141,160,159,149,160,149,153,153,156,147,135,162,149,135,140,163,150,158,138,155,150,142,170,137,145,154,142,162,158,145,147,136,157,151,153,160,155,145,158,150,132,157,148,159,154,147,166,148,150,152,146,136,158,169,146,169,152,155,161,139,142,146,152,167,155,132,140,155,151,149,155,154,149,156,144,159,160,151,143,167,145,140,147,144,142,157,161,148,149,145,141,152,151,142,141,158,151,121,141,138,144,166,167,132,165,131,159,163,142,157,142,172,148,134,149,170,157,146,153,137,160,143,142,143,135,150,152,159,151,150,157,164,130,166,165,146,153,161,135,147,147,150,151,141,138,163,153,133,133,147,142,161,157,134,153,134,150,137,163,146,156,148,144,135,161,144,151,158,146,157,151,141,141,152,164,154,139,172,151,154,173,147,147,148,129,155,171,155,142,143,156,128,137,167,144,140,162,159,154,142,159,149,138,141,150,134,138,156,159,136,142,165,155,134,134,146,150,137,139,138,134,169,160,145,132,140,165,134,164,158,179,146,138,141,147,133,162,165,140,142,145,160,159,152,140,150,153,149,154,142,157,154,143,145,156,153,163,149,129,163,142,159,158,136,159,141,148,147,150,171,140,159,155,154,158,148,130,162,158,159,151,150,148,150,161,151,161,145,137,153,150,139,162,142,153,143,151,145,146,144,146,142,159,146,153,143,159,165,147,151,172,157,143,157,144,143,134,138,134,139,155,161,156,141,143,156,161,156,152,156,150,152,164,168,163,134,147,132,139,152,151,157,155,139,139,149,136,157,152,137,159,157,153,157,155,144,138,157,149,144,149,158,169,147,150,147,126,155,153,146,165,154,167,157,143,149,142,168,144,151,176,165,162,126,150,142,154,153,141,148,143,122,147,136,141,145,126,148,133,155,158,154,148,154,152,137,154,149,148,158,147,133,142,153,149,163,145,151,141,159,145,142,150,130,157,149,139,142,169,149,151,144,152,163,142,149,155,152,154,157,159,147,144,151,152,157,154,157,148,154,150,182,138,151,135,147,157,159,155,153,166,156,161,135,156,147,149,153,145,150,145,148,140,149,150,152,151,156,139,157,156,137,175,143,135,144,148,133,151,132,155,150,144,151,158,159,126,163,145,154,146,160,151,148,146,156,167,174,140,153,152,146,138,140,150,141,172,148,158,157,151,160,166,153,151,152,135,151,145,150,144,145,151,135,148,150,138,158,150,160,147,149,160,157,150,151,155,141,139,138,158,143,150,141,171,156,154,134,138,150,149,142,150,158,133,148,133,147,158,129,155,150,128,154,139,148,167,149,127,138,162,150,164,145,142,176,161,152,160,166,161,152,146,142,156,133,142,150,135,167,153,176,155,163,156,135,145,135,133,138,141,154,145,159,164,147,145,147,142,147,174,147,154,147,147,144,142,155,145,148,158,139,155,143,156,164,150,138,166,138,154,139,149,153,142,155,163,153,142,156,163,157,152,150,149,140,150,159,146,138,151,150,145,162,165,145,145,152,139,151,154,137,154,142,160,149,155,126,161,135,161,147,144,170,154,164,149,153,145,160,162,145,144,155,176,149,159,165,137,158,156,144,137,148,157,146,148,131,159,136,150,154,137,147,151,157,148,148,155,151,149,149,150,150,151,156,138,147,151,151,145,151,143,140,158,153,168,155,155,132,157,152,149,163,129,136,149,146,153,149,157,179,150,146,153,136,152,134,149,154,150,162,151,149,164,175,148,135,139,147,138,140,148,147,154,146,130,157,166,149,154,165,151,150,147,143,149,144,140,149,166,161,154,150,130,138,156,146,143,157,149,141,134,133,164,160,157,133,144,151,166,148,156,149,141,141,149,146,142,136,148,144,132,143,152,148,140,150,148,143,148,168,143,143,148,159,137,157,138,130,161,137,141,141,170,153,164,154,143,165,151,145,153,142,165,142,137,153,149,150,163,152,151,158,151,140,162,157,159,130,168,156,146,140,144,161,141,151,149,146,158,142,154,161,155,158,175,164,165,144,143,147,152,146,147,160,151,147,149,153,155,136,156,155,147,151,150,152,147,129,156,141,142,135,165,151,150,164,153,164,142,144,147,155,141,150,170,147,144,175,126,168,138,150,155,146,162,159,153,152,158,167,119,140,152,143,140,160,166,158,148,145,140,150,177,146,151,167,168,153,136,142,188,151,136,163,153,143,146,139,136,142,131,141,168,156,137,139,173,153,154,151,144,150,156,155,150,145,141,151,150,151,149,159,150,142,160,149,143,144,161,143,156,148,131,149,133,162,163,156,156,147,147,147,125,152,158,154,151,140,159,138,159,145,149,145,154,134,143,142,143,141,154,147,145,147,149,139,175,149,156,158,145,148,148,153,148,147,140,155,161,156,160,148,162,156,146,144,149,137,150,154,143,149,155,153,145,140,155,144,154,151,150,135,160,148,132,141,154,131,147,152,143,138,149,166,137,137,138,147,149,149,146,157,162,132,143,145,165,153,142,131,136,162,162,145,147,168,167,164,155,147,143,137,149,140,133,154,157,154,157,149,146,154,144,144,146,167,143,159,167,147,159,151,155,154,164,160,164,146,152,149,140,151,151,153,179,149,140,136,155,144,148,161,143,155,157,158,164,154,146,151,166,158,137,134,117,146,149,147,147,144,155,158,157,150,144,152,150,164,153,158,144,154,139,149,135,155,170,146,160,164,165,138,143,151,142,163,133,159,143,150,152,143,154,156,128,154,163,144,151,147,175,149,135,152,160,156,150,138,160,161,144,149,135,158,142,155,158,162,161,151,132,148,148,163,152,141,136,164,147,137,160,149,159,142,138,147,139,146,156,158,168,153,146,145,157,149,167,160,147,161,144,142,157,155,160,150,144,139,149,129,152,140,142,158,148,151,144,126,147,138,145,162,148,153,151,161,145,148,144,152,146,161,121,153,156,132,159,163,151,167,160,131,158,144,144,139,150,167,150,149,158,160,160,151,144,151,132,139,138,140,151,146,144,157,154,147,160,158,147,139,140,146,156,145,150,153,150,155,143,148,153,146,162,153,135,148,149,142,154,138,148,137,159,145,142,151,162,135,147,159,139,155,168,136,155,141,137,144,132,170,159,130,158,140,160,147,162,150,150,147,143,155,152,129,149,159,141,157,140,147,144,146,163,157,148,153,146,149,163,158,137,150,145,158,151,154,142,147,145,135,172,154,159,159,138,157,149,147,157,161,146,144,163,153,158,139,155,133,164,161,167,145,145,158,154,146,166,143,165,146,149,148,150,153,148,160,134,133,138,157,142,137,159,159,150,144,155,155,138,146,155,160,151,159,153,154,156,172,139,143,151,144,157,150,152,131,140,145,137,133,141,141,146,142,146,153,154,123,135,160,170,129,150,153,155,146,160,147,157,147,149,125,170,134,142,149,139,158,148,145,150,161,142,134,143,149,161,152,164,153,148,154,152,137,155,160,161,140,163,148,143,154,136,142,159,147,131,130,156,180,156,146,148,150,150,153,154,145,152,126,154,152,167,134,151,152,171,140,148,137,145,134,147,149,148,145,153,150,146,143,160,154,137,148,161,143,151,153,137,159,144,156,147,162,133,143,160,150,160,155,136,162,152,153,144,169,139,154,136,147,141,150,149,165,129,138,156,168,138,163,153,142,149,148,148,153,149,157,147,140,152,163,165,140,163,144,158,152,131,151,143,154,158,167,159,154,136,141,149,156,147,143,173,144,136,152,158,161,142,144,152,140,153,179,162,157,144,157,152,141,139,151,138,144,148,161,161,144,171,160,152,139,153,157,133,130,151,136,143,155,145,152,162,160,157,149,175,154,148,154,158,162,134,144,145,153,143,157,162,148,144,159,140,161,151,181,143,152,138,167,148,153,165,152,130,160,141,175,145,156,162,161,145,164,165,151,181,128,132,152,155,137,142,154,158,145,149,154,161,163,142,153,145,153,139,134,163,144,157,147,138,148,141,141,141,141,153,143,156,138,144,160,132,161,157,155,152,191,152,155,151,143,140,157,142,160,144,147,148,137,156,152,137,143,149,154,151,153,128,151,137,158,158,149,166,157,136,145,166,147,122,131,140,134,149,140,160,159,148,145,143,155,166,137,132,146,133,153,168,149,141,155,143,170,145,150,160,155,150,144,168,150,139,142,157,171,141,159,147,132,138,131,137,157,128,145,145,142,142,138,137,141,152,152,152,145,141,160,134,148,154,152,130,153,165,161,154,148,159,157,153,141,159,158,148,133,135,162,148,154,142,170,146,153,179,130,159,147,147,153,164,139,146,165,144,146,129,151,151,147,147,172,159,154,169,145,136,168,159,144,146,127,144,159,128,138,146,155,164,129,135,163,151,140,160,141,153,162,139,145,166,143,140,160,152,151,150,141,151,148,154,152,148,131,159,152,137,148,137,147,161,141,140,162,139,143,165,144,131,144,145,160,159,155,143,153,152,149,157,156,158,137,144,140,152,137,153,142,149,152,171,150,127,168,142,147,169,157,151,142,147,156,161,162,136,163,158,148,148,147,151,153,143,146,155,141,141,162,137,143,148,158,155,136,139,148,164,139,133,144,163,147,147,144,174,145,139,146,145,145,156,169,144,143,159,165,146,157,147,147,150,142,147,135,141,141,155,144,142,146,138,160,157,166,141,155,159,170,142,138,152,127,144,155,139,149,133,140,129,161,145,147,149,149,160,158,160,151,161,153,131,144,138,152,166,141,142,167,143,154,144,142,146,150,144,135,137,160,149,151,144,154,149,140,155,140,164,137,168,136,146,152,139,157,172,150,157,160,157,146,152,152,144,151,132,147,146,170,145,138,135,154,144,140,157,140,140,147,156,149,147,142,140,158,141,154,159,164,172,148,167,164,143,154,156,122,161,146,155,164,153,155,149,145,145,154,158,140,166,158,151,160,144,149,157,145,144,142,158,147,155,143,156,143,141,161,156,152,168,138,144,157,159,140,137,140,140,163,149,149,176,141,135,147,153,136,131,159,156,151,142,144,158,158,139,141,158,140,167,139,150,139,136,144,159,147,162,165,137,141,153,162,157,147,132,144
151,139,132,162,143,156,150,151,172,169,158,138,163,170,159,161,165,133,147,157,143,145,151,178,164,154,141,162,142,135,140,151,150,159,155,138,135,136,160,134,147,152,170,142,157,139,160,148,165,137,164,155,162,161,154,145,140,155,138,139,150,154,160,161,156,130,145,165,144,155,147,152,146,156,154,146,132,168,139,171,146,152,150,167,154,142,140,161,159,157,161,136,157,170,145,154,140,141,169,177,136,164,131,124,139,158,147,135,145,146,159,147,151,154,153,138,147,141,145,159,134,145,146,157,155,155,153,162,152,159,163,156,154,137,144,160,148,155,146,150,143,162,143,155,158,140,143,141,154,164,139,129,150,141,160,124,129,140,149,154,116,141,161,128,148,164,146,164,167,158,147,161,144,152,169,144,145,144,141,162,140,167,129,151,149,155,166,152,146,160,152,150,160,140,153,149,149,153,144,155,151,129,150,148,179,178,162,144,168,156,131,161,152,126,149,134,157,134,170,154,145,138,149,158,157,165,165,137,158,160,136,141,151,143,150,146,142,151,154,168,150,165,148,145,147,138,150,159,142,157,164,154,138,142,165,160,157,131,141,158,142,167,149,159,175,142,152,140,161,161,154,133,139,154,176,152,145,129,160,153,164,156,155,175,153,139,142,152,134,149,142,141,160,143,143,157,146,159,147,154,138,148,145,158,159,153,149,151,148,158,152,162,147,165,157,144,158,155,137,140,160,140,141,148,173,151,149,156,150,137,138,173,158,151,143,164,154,151,149,134,155,149,154,144,148,141,133,161,146,149,143,146,158,144,151,163,166,147,142,162,156,159,143,163,147,156,145,147,149,154,141,151,140,173,156,146,134,145,159,146,149,146,142,161,133,142,166,164,160,151,164,135,147,149,160,164,127,145,147,150,142,146,157,139,149,134,155,146,144,144,149,146,130,167,152,147,153,155,141,136,142,150,142,127,166,162,147,148,155,157,166,151,159,162,147,146,157,150,166,163,141,146,144,150,154,160,146,160,156,137,150,147,157,146,148,156,142,153,160,134,143,154,152,140,154,144,122,155,143,138,137,144,148,149,148,162,153,144,153,157,163,164,152,169,155,159,158,138,144,141,158,149,152,161,141,155,155,129,159,163,154,133,160,145,149,154,154,156,166,151,156,142,142,150,151,149,144,139,117,158,163,155,146,136,160,171,156,162,154,138,161,161,165,141,153,164,145,140,156,157,157,141,160,158,155,146,165,154,136,156,134,148,158,160,133,136,148,152,161,132,149,160,147,159,135,144,145,157,140,154,144,151,168,132,148,150,152,151,139,153,155,149,156,146,157,163,146,153,141,160,136,156,136,154,151,159,156,142,150,143,143,151,147,157,139,171,154,153,148,159,159,141,137,162,137,153,160,173,155,154,151,170,154,137,159,146,139,158,140,161,145,160,167,146,163,160,141,149,140,157,163,154,151,145,149,142,158,144,140,147,153,149,153,143,168,131,156,134,150,128,149,135,158,157,135,142,159,140,154,151,145,155,157,132,139,151,161,150,153,156,155,159,148,145,162,157,137,151,163,158,152,142,142,158,159,149,147,140,159,147,136,140,147,145,143,138,153,150,137,145,138,154,156,156,156,145,154,151,152,148,147,162,151,142,158,167,156,158,148,155,157,137,141,154,155,139,147,157,165,155,151,148,138,151,164,163,147,149,141,162,145,146,157,152,156,155,152,138,148,164,141,160,159,136,152,159,140,148,151,145,157,157,159,160,154,160,148,151,170,144,151,177,159,151,137,132,163,163,155,151,140,158,145,170,151,161,143,134,164,159,145,160,154,150,127,124,162,154,139,160,145,153,141,159,139,155,157,144,152,135,144,143,161,152,149,179,149,164,139,164,157,155,170,160,161,138,144,161,138,165,154,175,155,150,144,138,135,141,158,145,154,159,159,142,161,167,145,142,140,151,135,138,138,161,138,127,155,153,172,172,161,145,139,173,143,156,148,138,153,132,156,123,139,133,146,131,152,149,156,136,128,151,141,150,145,166,157,148,140,156,142,155,150,167,153,157,157,157,157,145,123,169,157,177,145,144,135,170,163,136,155,124,136,144,161,148,154,146,165,174,144,155,138,145,151,156,146,138,170,147,165,146,149,137,143,145,137,147,161,145,150,156,160,166,143,146,129,153,156,153,155,152,140,145,137,142,167,148,155,159,142,141,152,150,174,140,153,163,148,147,156,143,135,141,150,152,143,167,143,149,156,148,125,152,145,150,163,170,147,148,145,157,152,135,155,157,134,167,147,150,149,161,151,155,126,181,142,139,180,154,170,144,164,138,154,131,170,151,151,157,144,152,151,149,160,150,156,160,159,152,139,144,147,147,156,156,158,146,139,151,146,144,145,152,167,157,145,145,152,155,142,136,134,167,141,153,152,142,160,141,151,146,162,142,144,133,165,161,158,168,151,158,146,144,149,159,155,144,131,139,148,143,146,148,141,161,157,154,157,161,135,132,173,151,152,164,152,167,143,158,152,150,130,139,142,156,165,146,133,153,146,154,144,154,170,157,139,151,154,145,147,169,184,143,154,158,152,146,176,169,150,146,158,141,144,147,146,146,133,163,158,146,136,154,164,146,153,148,152,138,154,151,158,166,136,161,161,137,142,146,141,157,144,153,144,137,146,148,137,159,124,146,158,153,145,159,146,171,137,175,155,153,147,141,138,148,154,168,139,152,147,174,151,142,129,135,143,173,159,150,152,138,142,161,150,148,145,154,156,139,154,160,143,165,160,164,148,141,143,137,152,142,169,165,163,166,156,165,144,161,160,151,173,152,136,143,135,137,140,140,142,159,145,138,150,164,146,147,150,144,164,154,155,155,161,161,158,151,144,137,152,127,141,165,137,139,157,143,173,126,160,126,132,131,147,146,152,146,161,146,158,148,152,163,135,158,138,166,152,162,141,143,158,141,169,161,167,175,125,154,156,148,184,160,148,138,129,154,151,150,141,135,157,151,153,167,131,152,154,171,145,164,151,143,148,163,131,156,145,175,154,160,149,153,138,153,144,136,147,141,144,152,143,166,137,147,135,158,158,172,148,147,148,148,135,137,146,154,168,143,148,150,157,151,149,137,180,149,153,145,145,141,171,146,151,143,144,141,147,156,155,147,147,158,145,154,157,149,160,162,145,148,144,142,156,138,145,145,151,135,146,145,135,157,150,136,151,175,158,154,158,145,154,148,155,154,131,118,143,157,131,160,148,160,137,146,152,147,160,148,159,145,165,178,145,151,165,179,164,153,150,155,145,145,138,144,148,148,157,147,156,139,145,149,155,167,149,150,157,168,145,168,154,163,161,132,163,135,143,153,148,146,145,161,170,145,124,139,165,163,167,136,147,137,147,179,151,159,164,131,149,165,139,157,171,165,154,160,160,146,149,154,161,166,150,136,152,135,136,164,133,145,133,152,149,146,147,147,154,156,157,152,161,154,156,171,155,146,154,153,153,140,142,132,124,160,129,147,149,136,142,142,185,151,145,154,148,121,134,156,141,145,158,148,132,153,137,152,154,150,156,147,145,148,155,149,151,156,158,152,156,157,138,145,154,160,148,138,135,139,164,147,142,142,148,149,133,137,147,165,130,153,145,148,143,140,147,147,149,156,162,153,155,139,174,134,145,147,151,147,140,142,167,153,135,151,127,151,168,163,137,154,165,155,149,160,147,146,141,150,158,156,165,149,146,153,166,145,147,144,161,173,157,169,140,151,152,136,157,153,148,155,172,140,137,145,136,147,121,144,148,142,145,147,173,167,155,146,158,159,141,145,140,146,146,160,133,158,134,143,157,149,166,142,167,149,142,154,146,144,162,146,146,143,149,160,132,163,144,148,139,128,158,144,155,143,156,134,153,165,148,133,149,141,137,164,144,154,168,150,160,157,147,143,131,135,159,152,147,157,146,134,135,145,137,141,154,143,147,142,163,160,136,143,145,160,155,155,164,149,139,159,137,147,134,148,143,161,132,164,155,153,155,154,155,148,143,157,166,159,157,138,143,146,144,137,146,157,149,167,136,140,155,143,165,156,158,135,152,161,167,144,159,143,130,163,141,146,163,160,144,147,157,142,143,141,155,154,153,132,165,153,157,153,143,147,147,155,147,158,153,157,160,173,151,163,151,145,141,141,140,134,181,148,152,135,148,156,136,167,157,145,154,161,164,148,144,143,153,152,140,167,156,156,159,164,170,167,154,139,160,140,157,158,154,131,167,144,144,152,145,156,150,152,136,164,152,136,153,139,132,139,138,160,148,149,147,137,136,159,148,167,159,131,151,146,143,145,144,169,145,153,143,140,128,142,147,150,148,148,152,147,141,152,144,155,149,142,146,161,157,144,158,173,134,156,156,138,155,144,146,147,154,146,165,142,152,150,143,162,138,148,135,145,149,150,135,127,140,141,157,144,165,148,142,154,145,147,159,155,145,149,149,158,159,151,138,155,148,153,148,156,162,154,143,147,165,132,154,132,149,154,146,161,147,144,152,164,126,164,143,160,159,135,135,157,137,147,153,158,157,154,146,146,149,170,129,152,149,154,151,154,167,157,139,148,162,125,153,158,143,154,160,143,142,162,150,153,154,150,145,152,149,145,124,145,156,162,149,153,151,140,163,156,161,158,151,167,154,130,134,147,157,155,149,119,131,143,140,154,127,162,154,158,150,166,147,157,154,147,158,142,153,150,153,153,153,141,151,142,136,152,143,145,161,145,153,155,149,145,164,141,155,149,144,163,135,147,151,148,142,129,162,153,151,156,128,145,158,163,130,149,155,153,149,136,154,160,146,142,131,162,147,167,155,150,149,150,140,150,167,148,143,138,154,147,150,136,177,170,162,155,140,142,147,159,160,149,157,141,151,148,152,139,152,152,151,170,145,148,160,145,169,149,164,135,146,155,144,150,162,134,148,151,147,148,144,147,155,139,149,147,154,157,152,151,163,149,148,143,147,134,153,156,136,151,152,142,145,148,156,139,142,156,159,132,128,172,134,158,155,163,149,148,161,151,144,147,140,145,165,162,145,141,151,167,166,163,148,150,135,141,140,149,156,144,151,160,167,137,153,142,160,146,159,136,145,148,154,155,156,156,154,143,161,138,136,144,124,148,141,151,143,141,145,154,141,137,143,169,152,140,143,149,133,152,143,134,142,149,142,156,151,166,164,153,137,148,172,154,147,149,164,144,145,145,152,152,132,121,149,149,145,142,155,143,132,127,170,158,147,153,162,151,167,138,139,127,145,149,155,164,133,138,148,172,159,144,142,151,165,157,118,161,153,142,130,170,146,148,123,170,150,158,156,132,137,145,142,161,171,151,147,164,153,137,148,130,158,135,163,145,162,133,144,164,144,159,140,142,144,134,175,176,135,160,136,143,153,164,152,176,134,156,152,151,163,157,180,159,172,159,131,134,131,145,149,168,162,157,139,156,158,158,133,143,133,149,161,160,172,151,154,137,161,142,143,145,136,161,151,169,163,140,148,152,142,170,151,158,174,154,139,150,151,150,123,152,159,128,147,147,140,147,128,145,142,144,171,149,127,159,144,162,145,157,160,137,148,147,141,140,154,164,147,163,156,149,168,165,164,137,149,154,142,142,154,148,145,160,157,156,139,153,163,158,150,146,162,154,143,149,161,160,147,158,156,148,140,155,138,146,143,156,149,155,168,146,145,137,145,157,160,162,178,144,163,124,130,151,144,129,152,137,146,154,162,141,140,148,155,155,158,144,143,138,163,147,146,138,140,160,135,166,140,136,151,147,163,157,152,150,149,155,130,144,137,146,142,148,151,135,166,144,147,125,154,150,140,135,155,166,138,137,153,148,145,144,145,136,138,159,182,144,166,145,136,152,151,155,148,152,147,144,165,149,148,142,143,161,149,164,152,142,139,160,149,146,161,135,138,152,143,156,125,141,152,165,155,162,144,136,149,161,121,151,147,129,133,153,146,139,154,169,159,143,132,148,153,114,134,138,145,157,153,153,151,145,148,156,149,140,144,147,151,160,135,135,149,153,155,146,151,129,158,147,147,166,151,135,148,150,143,139,136,143,142,156,155,138,147,137,144,147,140,142,143,158,161,140,139,166,154,146,160,152,146,153,129,153,144,171,154,139,159,127,148,156,158,153,158,139,142,152,174,157,137,147,155,148,128,154,147,162,147,141,158,139,157,131,139,148,151,167,149,135,142,157,149,134,143,143,159,127,146,161,157,142,151,151,138,168,137,158,156,149,153,158,156,136,165,157,150,151,155,164,138,136,155,168,138,146,147,164,141,181,157,155,155,157,147,160,177,144,153,155,139,154,145,160,150,152,152,165,156,166,140,166,139,157,147,168,157,134,145,136,157,147,162,146,154,163,139,137,170,148,153,146,148,146,135,144,157,132,149,145,153,141,155,127,135,152,143,150,131,159,150,163,146,142,132,160,165,148,164,147,153,147,158,156,163,176,138,137,156,160,154,152,127,150,123,147,149,171,154,155,148,152,157,154,153,141,150,136,145,146,137,147,140,155,148,164,132,152,150,151,149,150,140,140,152,141,145,152,146,140,150,132,135,153,149,154,148,149,140,162,161,131,170,169,144,152,134,150,158,139,144,156,141,155,147,144,153,168,156,159,155,148,149,146,140,154,151,165,149,142,152,152,146,164,133,146,145,143,133,151,128,143,158,145,152,141,143,148,139,147,163,138,144,159,154,146,161,158,143,165,169,123,147,140,148,146,168,151,146,145,157,140,137,144,158,159,157,156,167,152,161,133,153,148,153,147,134,144,153,149,149,169,145,145,153,136,154,165,154,143,156,148,141,139,149,151,159,158,149,154,147,131,157,130,144,165,157,133,157,164,154,164,163,133,158,158,143,146,146,142,160,153,160,169,140,165,164,145,148,154,168,139,141,140,148,143,152,149,161,147,128,148,150,164,153,152,161,137,161,161,168,144,142,154,144,165,151,142,163,156,153,140,164,145,140,166,158,160,124,155,149,129,151,146,147,152,154,147,132,144,155,139,167,154,153,145,163,166,141,175,153,167,159,143,153,157,135,151,158,147,159,167,149,158,144,160,130,150,170,132,151,157,142,165,158,151,131,124,137,152,146,148,168,145,133,159,137,148,158,159,153,148,140,127,148,155,167,154,134,151,124,138,153,127,150,130,140,160,148,157,164,140,143,152,154,135,153,141,148,158,182,149,139,166,145,160,166,148,161,164,158,167,130,150,154,129,151,150,135,138,165,168,157,153,156,151,162,150,150,142,154,154,151,139,146,127,154,161,140,152,155,153,150,149,158,139,150,140,157,142,167,153,139,150,123,149,151,132,154,143,159,164,165,147,160,135,152,160,160,145,144,184,148,134,142,153,159,162,142,162,149,168,137,134,156,153,142,146,155,145,143,144,165,146,143,148,135,150,151,142,131,146,147,148,141,150,157,140,152,149,154,153,138,155,140,136,153,124,139,158,156,155,163,159,135,140,157,150,149,132,152,155,135,141,146,159,162,147,162,143,140,158,158,154,142,138,145,140,134,137,140,149,161,154,161,156,147,161,162,157,164,152,142,152,151,146,132,137,172,152,154,149,160,157,146,148,160,159,163,145,149,145,146,139,145,157,152,130,138,142,154,136,154,162,144,147,151,134,147,155,137,147,131,149,132,145,141,133,158,155,159,156,144,163,159,183,146,159,142,158,167,159,139,156,156,153,147,150,161,161,140,145,138,157,154,154,165,158,148,152,155,140,155,143,149,174,150,164,151,137,142,161,157,135,156,154,153,146,135,141,163,155,148,152,145,139,153,153,147,142,137,148,171,145,133,161,143,140,148,154,159,150,141,154,160,156,143,150,157,156,156,163,143,144,138,158,154,140,155,167,145,146,155,154,150,142,160,144,144,163,130,143,149,146,140,143,144,138,145,149,140,133,158,160,153,155,143,161,140,153,160,166,159,158,154,145,134,163,148,167,132,170,140,161,132,161,161,146,157,147,165,144,145,162,145,167,149,156,153,154,145,152,147,134,154,134,156,143,136,151,130,136,163,156,155,149,161,152,128,148,156,142,154,150,151,162,167,132,156,172,133,147,142,161,145,151,128,144,121,149,150,146,154,160,161,154,161,130,157,142,162,140,145,152,162,127,151,145,139,138,144,146,148,143,149,143,152,147,145,151,147,156,138,156,145,156,151,144,164,134,155,147,125,151,172,146,149,159,146,150,162,141,158,149,165,142,154,138,157,127,121,171,152,132,150,151,170,141,157,140,141,149,159,137,162,136,141,151,165,162,148,147,162,154,138,145,154,162,145,139,144,150,154,152,177,148,148,153,147,151,144,162,147,150,161,132,162,140,143,160,145,168,137,152,152,147,167,152,171,162,146,152,154,160,153,146,155,151,138,156,133,151,144,166,145,152,128,142,146,158,152,156,150,153,162,141,162,156,162,156,126,150,163,163,134,148,153,154,154,135,152,135,147,139,136,150,160,142,167,154,135,155,143,155,132,154,150,155,148,154,145,151,143,135,144,144,146,147,146,162,133,138,148,149,138,160,157,138,138,168,164,139,135,147,154,126,139,156,160,174,162,153,138,129,149,159,161,141,155,149,141,152,157,152,143,176,162,141,149,156,151,148,152,143,144,150,158,137,153,146,151,132,153,136,134,161,149,148,137,138,148,169,158,143,163,150,153,138,155,150,145,145,141,138,148,147,163,157,163,174,151,149,153,143,150,164,143,145,160,157,141,159,141,156,154,148,152,138,154,138,146,141,145,136,155,147,148,156,150,151,152,134,146,162,139,131,166,154,148,164,143,139,155,125,148,148,142,159,153,139,162,145,152,153,145,155,138,153,162,138,130,157,168,145,136,157,144,141,150,151,147,150,148,178,142,155,157,137,150,153,153,153,161,153,165,151,157,162,168,142,146,154,167,139,141,136,162,170,139,167,170,144,149,135,151,134,138,154,165,162,154,149,127,157,154,141,143,145,142,144,136,170,133,157,137,174,142,144,142,152,146,149,155,158,153,159,156,157,131,147,156,141,168,143,147,155,163,155,153,151,148,158,151,144,168,153,144,148,150,145,150,156,147,164,156,155,158,166,161,167,142,134,148,152,154,169,171,137,165,152,154,149,146,164,153,151,146,155,146,129,155,127,151,127,137,146,159,155,157,164,151,137,130,155,157,132,134,155,159,153,168,153,140,157,146,143,153,158,161,136,143,148,153,157,140,148,161,166,139,149,148,142,157,162,146,136,146,147,166,151,143,153,147,160,128,163,154,158,141,142,145,147,129,142,160,149,166,151,132,155,157,152,146,157,140,147,156,162,162,155,129,161,151,161,156,168,146,147,167,150,169,132,168,158,138,144,154,139,138,147,162,164,132,147,142,147,146,157,147,132,144,152,159,144,143,161,146,156,139,152,154,149,154,145,148,165,137,153,142,134,154,144,150,162,145,161,169,146,145,155,156,144,141,176,151,143,153,141,153,151,133,143,154,156,151,151,150,148,139,152,141,133,146,156,163,156,152,143,156,171,160,154,156,144,162,149,161,148,144,153,145,154,158,128,140,149,156,146,178,160,148,153,160,153,177,162,168,158,147,125,169,159,155,161,143,139,156,155,146,142,141,165,149,138,130,153,137,148,148,143,151,140,135,129,129,153,150,154,142,148,157,154,141,144,167,177,161,137,137,143,148,174,146,151,154,154,159,135,175,151,171,154,131,157,138,136,146,151,164,153,136,172,159,145,159,154,153,161,146,156,161,149,157,158,145,153,143,147,142,148,140,160,137,166,156,144,144,173,162,148,137,151,143,130,142,154,158,151,145,167,163,145,140,176,149,157,142,139,141,131,136,128,166,154,154,169,150,148,151,155,149,153,148,162,140,135,141,137,142,152,144,143,140,138,156,144,153,147,154,158,159,146,148,161,137,150,149,162,140,149,127,149,165,147,152,155,138,162,157,151,167,147,146,159,146,152,150,161,165,169,144,151,147,148,159,147,145,141,145,143,147,166,131,136,151,156,157,157,157,131,152,137,138,156,155,145,142,158,155,156,148,137,149,146,138,154,141,140,168,141,153,142,152,143,152,149,142,149,159,148,143,134,153,152,138,149,154,150,146,166,156,148,156,144,157,154,143,152,135,158,145,163,151,165,141,161,133,148,169,143,152,150,151,147,154,154,153,153,163,141,143,151,145,158,160,156,148,169,150,135,150,157,144,141,138,155,148,148,158,148,146,155,175,150,157,164,159,150,165,138,139,138,138,158,155,155,147,154,140,145,154,156,149,146,152,154,157,134,177,157,153,161,141,155,151,149,146,148,156,143,147,158,166,153,162,143,178,157,168,147,158,146,151,158,157,157,143,145,151,137,143,170,160,149,156,140,168,164,164,146,142,138,131,152,167,153,169,154,146,128,150,158,152,147,140,134,154,139,149,141,138,143,151,150,155,170,141,126,140,159,153,156,140,168,125,159,157,138,156,158,147,139,158,165,161,145,144,137,151,153,141,154,165,149,166,155,156,147,146,138,152,148,164,155,149,149,136,154,142,150,140,134,150,149,140,144,153,150,136,151,152,145,135,150,155,143,143,164,154,154,134,149,157,165,147,120,151,138,149,132,149,154,142,158,139,157,151,149,146,159,146,143,148,139,140,136,149,142,162,142,150,152,165,144,136,141,154,169,153,155,152,152,143,141,137,140,141,138,131,175,136,133,143,145,156,144,158,151,132,122,178,144,162,161,142,149,159,140,169,168,153,153,142,155,158,156,153,132,145,138,161,135,158,158,149,153,154,175,151,148,152,147,160,160,130,149,155,146,150,134,133,168,130,143,151,151,158,153,150,160,168,142,156,165,153,165,153,159,147,164,144,157,141,152,158,161,145,176,151,135,167,141,138,159,140,135,130,151,135,166,128,166,139,161,142,147,153,160,127,145,167,147,131,150,136,141,159,132,152,155,152,152,150,156,160,135,160,153,150,156,152,160,152,139,148,149,158,157,145,148,166,147,157,149,146,151,151,151,133,153,146,145,160,164,156,162,151,146,163,152,147,159,150,144,144,138,149,147,132,149,154,151,147,153,151,166,162,156,157,143,155,148,133,144,158,147,157,144,153,162,142,143,171,152,147,133,146,155,144,143,158,146,136,166,142,151,142,149,134,145,142,138,140,147,145,130,166,161,162,156,140,153,159,147,136,155,138,149,137,143,170,141,159,136,138,143,142,137,168,144,157,157,151,178,151,152,140,147,142,132,156,145,165,144,155,144,154,149,149,154,155,153,148,150,152,144,153,158,155,136,147,144,141,153,134,127,153,140,151,162,142,153,150,140,155,161,158,137,151,141,136,168,154,141,157,153,157,145,163,157,154,134,158,163,161,167,144,147,142,131,135,161,157,144,154,134,154,134,148,145,157,146,132,150,148,137,132,147,154,157,166,146,157,139,142,160,159,147,141,152,149,146,156,146,155,150,159,173,146,168,150,138,164,151,157,140,152,152,151,146,141,147,148,158,151,149,148,164,149,129,155,150,158,160,142,127,145,161,148,146,135,168,146,151,159,156,150,141,160,134,156,150,140,149,146,170,155,148,164,128,150,156,152,150,157,155,171,157,150,138,147,152,144,142,137,169,161,149,154,146,137,145,142,137,140,145,170,159,147,158,139,149,142,137,164,147,140,136,141,160,147,144,156,161,155,157,143,161,152,161,175,149,148,167,176,142,140,155,154,139,139,158,156,146,140,140,156,151,141,141,168,137,168,148,157,148,139,141,143,171,166,142,136,155,167,141,149,129,151,151,151,153,139,148,131,161,139,138,156,169,130,168,136,153,153,149,138,145,144,133,144,136,133,151,150,148,153,139,134,137,156,155,155,148,143,145,155,156,156,159,161,160,137,148,140,156,168,146,143,161,153,162,150,151,153,165,164,147,144,148,165,146,152,151,162,150,143,148,162,154,159,148,139,157,143,143,139,163,170,151,148,152,158,159,164,141,155,151,162,179,157,152,163,142,145,150,146,144,153,149,142,145,162,162,153,154,162,151,163,145,164,143,154,141,149,145,146,134,148,136,157,141,162,153,148,138,172,133,156,160,155,154,153,159,150,154,146,147,154,146,153,128,143,154,150,162,151,140,126,158,145,149,142,152,138,141,136,135,142,149,145,147,148,152,156,163,144,159,168,143,148,143,142,144,147,146,163,155,141,146,150,147,149,154,159,145,150,154,158,133,142,150,148,159,123,145,138,145,148,146,151,162,129,139,158,159,155,163,142,144,140,148,144,159,138,131,160,155,150,124,130,148,147,146,158,154,150,157,126,148,152,159,158,144,134,150,143,148,153,166,137,143,143,141,151,147,153,144,145,165,149,144,158,142,139,154,159,158,138,159,151,130,147,151,146,157,161,152,171,158,137,157,149,134,158,151,151,149,137,151,156,151,149,153,163,154,146,147,149,152,136,131,153,151,133,153,154,163,163,164,146,149,174,135,160,143,161,166,142,154,130,168,168,158,142,164,164,157,136,160,157,144,149,138,156,158,138,176,148,137,156,158,166,147,154,141,147,159,147,146,141,158,152,159,161,155,142,150,157,136,153,137,159,146,150,169,160,133,138,145,172,153,152,149,151,132,148,156,140,144,151,133,153,160,146,139,149,152,136,140,142,141,135,157,155,143,167,151,146,147,150,127,145,161,153,144,145,164,149,140,162,172,137,168,163,136,155,148,144,135,142,144,138,155,138,164,154,131,156,157,168,150,160,150,160,143,146,137,145,144,146,151,146,164,168,142,154,157,157,164,146,131,141,155,150,155,181,153,148,169,165,138,141,142,154,136,147,145,147,160,154,131,152,153,152,137,159,137,154,143,149,154,144,155,166,157,165,139,162,178,159,157,143,137,146,133,158,137,159,150,147,134,145,149,154,148,159,161,141,154,125,139,138,157,159,163,138,157,172,160,153,150,140,150,151,160,149,140,140,151,142,176,151,145,151,144,150,148,131,122,145,168,160,152,135,144,161,155,155,158,146,154,127,158,135,158,151,144,149,148,146,153,174,142,139,157,139,151,166,127,129,165,151,154,146,154,152,147,131,160,146,139,156,168,144,150,160,168,139,141,150,149,144,155,156,170,149,149,140,160,148,138,149,152,145,146,163,160,158,147,137,145,149,132,168,129,148,140,159,157,151,160,151,157,156,149,143,161,143,147,157,141,141,167,157,151,137,154,166,146,170,147,138,141,128,148,147,160,159,163,154,157,160,155,160,139,132,143,136,169,154,152,143,143,126,159,140,138,151,154,145,150,164,148,141,161,174,150,165,132,150,144,162,159,149,147,165,134,129,138,155,138,145,158,164,159,155,134,152,162,171,161,188,130,144,133,143,143,140,150,154,161,163,147,146,149,156,154,163,166,130,144,163,141,135,154,141,154,148,144,172,139,150,138,153,174,151,165,152,143,157,152,135,143,131,145,146,141,142,157,136,150,140,167,141,163,134,157,158,154,143,160,160,152,153,154,173,156,159,153,159,133,124,159,158,145,161,155,161,142,151,159,144,144,137,139,152,147,149,147,144,144,152,152,148,146,130,134,163,144,144,123,158,145,127,154,151,161,139,140,135,147,142,143,157,162,160,157,146,139,166,150,136,158,155,151,169,148,141,144,143,165,153,135,149,139,148,138,158,136,151,147,142,141,160,157,166,144,147,146,145,146,147,140,149,155,152,144,162,139,136,150,141,168,152,152,144,166,137,156,143,160,143,149,143,155,154,161,133,155,149,152,155,164,160,142,144,150,153,159,146,158,147,148,150,166,164,167,147,173,126,169,174,153,151,152,126,158,153,155,161,139,150,155,135,165,162,161,125,160,139,149,144,148,139,138,147,159,151,139,154,147,166,166,113,163,135,136,155,152,162,138,133,146,142,140,164,133,143,171,134,145,149,145,144,164,147,150,167,141,141,156,150,138,141,152,152,165,138,144,158,141,151,152,146,148,156,151,156,157,142,143,140,138,140,147,152,161,141,149,147,146,142,143,158,180,150,148,170,136,135,142,159,148,151,154,163,147,150,154,133,139,154,143,154,156,137,148,144,133,145,151,155,144,161,164,134,150,152,137,143,164,160,146,175,156,144,143,155,147,157,151,149,143,138,143,160,144,165,145,160,138,142,160,164,146,147,135,159,137,139,155,148,142,157,140,169,134,135,108,145,145,145,155,149,154,135,126,146,142,169,149,145,153,139,143,163,159,152,136,147,149,143,131,167,135,150,142,139,144,159,142,162,162,156,153,154,147,144,161,141,159,144,144,156,138,150,161,137,153,154,145,154,151,184,157,153,177,150,150,144,164,143,158,162,155,150,144,134,150,172,162,155,137,158,138,154,161,147,147,147,146,144,153,137,144,135,153,139,148,174,159,149,144,155,160,168,149,146,143,147,149,139,142,138,156,136,155,142,145,148,146,144,159,139,163,169,157,134,159,147,136,138,149,156,156,137,143,139,123,158,156,148,155,136,142,153,175,165,156,154,158,151,133,146,154,158,137,144,149,154,153,136,154,156,154,136,136,172,143,155,162,136,145,149,151,163,137,134,146,141,165,162,168,151,175,160,153,143,141,149,144,142,157,150,151,154,177,155,138,149,158,145,143,153,162,168,151,150,157,148,151,135,162,145,174,169,161,160,169,161,158,151,153,141,172,149,147,159,148,146,163,145,145,184,140,143,142,166,156,151,158,163,160,152,142,158,144,155,153,162,171,169,160,148,158,145,149,167,143,153,136,150,163,138,150,141,152,147,140,173,135,160,143,162,132,165,160,136,141,153,146,156,132,156,149,155,146,152,136,143,149,145,150,129,169,147,125,135,156,156,155,147,148,161,149,148,158,144,147,151,151,146,152,139,157,148,136,143,142,141,150,149,141,152,138,153,163,145,146,164,160,147,141,166,150,154,153,154,130,151,138,142,151,147,143,165,152,151,157,145,147,148,146,154,146,145,141,150,125,151,161,155,138,157,139,160,140,162,157,142,163,143,162,143,159,162,149,138,145,140,149,150,149,148,147,138,152,149,167,168,145,153,143,146,136,142,148,138,155,148,145,155,153,159,128,155,149,148,160,134,141,136,143,149,133,141,154,149,140,156,156,153,161,165,166,144,143,152,145,161,165,152,155,165,149,146,159,145,137,154,154,126,166,152,156,146,134,147,144,146,153,164,139,150,150,152,163,158,149,146,155,135,148,136,131,145,154,152,153,143,166,147,157,147,144,158,140,144,162,154,148,136,144,129,152,154,153,140,157,147,128,155,121,176,162,168,155,152,145,154,153,130,155,146,141,149,159,137,157,165,160,138,162,137,156,171,156,143,163,146,142,137,127,150,156,141,147,165,150,157,155,154,144,158,146,157,142,155,127,151,137,167,148,130,153,136,166,136,148,159,138,146,152,140,127,159,149,149,162,142,147,139,138,141,136,144,148,151,156,142,150,146,146,144,147,150,145,147,139,150,126,134,145,151,122,155,158,147,164,158,158,151,163,156,163,153,133,145,157,129,151,151,134,150,148,131,163,147,136,148,143,157,155,164,157,155,152,132,163,169,133,147,154,149,163,135,146,138,137,171,147,143,155,142,147,131,144,147,132,136,149,142,162,139,151,158,149,150,151,158,158,146,164,134,146,139,140,141,138,154,138,157,144,162,156,154,157,162,142,157,158,151,141,167,161,150,145,148,149,167,137,149,158,157,153,145,152,156,150,148,136,144,156,148,153,158,140,144,152,151,159,149,167,153,162,153,126,165,142,142,150,137,157,162,145,152,154,149,140,142,151,150,160,137,152,152,168,149,150,172,156,153,159,139,161,145,138,163,145,147,136,134,150,149,129,166,164,154,143,153,166,149,160,149,141,160,143,163,160,148,166,147,139,147,126,144,146,150,155,143,151,151,155,132,182,145,145,144,150,164,165,142,152,142,146,145,147,145,147,150,156,148,149,168,160,154,141,162,153,153,150,151,133,160,165,150,176,143,145,159,139,148,156,137,165,145,159,138,146,154,146,157,151,135,138,149,125,149,152,146,158,144,143,151,165,137,158,136,145,166,159,147,154,167,166,162,157,139,127,154,142,134,158,123,144,140,147,149,140,162,143,155,168,137,137,147,157,135,145,158,145,161,133,138,152,148,161,147,169,146,148,163,142,136,148,138,135,136,156,146,154,157,150,146,144,150,152,149,158,158,134,148,132,145,164,154,155,128,145,135,159,141,142,144,145,150,147,164,142,154,146,148,165,143,160,137,147,135,145,144,160,159,162,167,144,175,135,134,145,144,144,149,137,162,164,138,134,145,163,148,152,134,159,159,137,143,160,149,140,135,136,151,166,134,137,159,144,156,156,130,161,140,144,155,163,130,140,136,171,141,140,145,153,161,141,142,146,146,145,144,145,155,163,144,148,153,131,149,147,141,153,149,154,151,143,163,162,152,146,147,163,154,130,143,161,144,152,152,152,161,146,159,154,147,154,152,180,144,161,159,152,159,147,152,139,140,164,156,143,162,134,151,158,141,133,144,149,142,145,149,143,168,151,161,151,160,156,142,127,142,160,145,155,169,144,139,135,150,162,153,120,157,136,142,139,130,139,149,142,166,154,133,151,164,134,136,159,146,142,141,150,157,143,147,152,139,156,162,153,143,131,140,153,139,163,134,147,148,171,141,138,159,145,145,160,164,150,165,137,151,148,138,138,158,148,160,162,165,146,151,159,144,156,160,137,148,159,157,146,154,159,168,179,137,159,132,140,131,144,141,149,141,147,173,130,148,152,157,146,156,122,165,146,166,157,143,138,147,144,173,156,157,137,142,158,147,152,133,172,160,156,150,136,132,148,140,164,140,156,127,160,143,139,152,153,142,149,139,148,153,148,152,155,143,145,154,156,152,137,137,149,154,161,146,146,157,146,151,147,130,156,155,134,148,165,166,152,154,155,159,143,151,136,142,152,151,166,146,155,174,156,145,143,156,161,151,164,154,157,149,163,154,155,143,138,138,157,131,157,167,146,152,155,149,152,149,155,162,141,164,155,150,159,152,143,155,152,145,151,137,159,151,143,164,151,162,142,130,155,144,163,160,143,154,158,148,146,147,139,145,159,149,165,135,160,136,151,154,143,143,146,153,146,159,148,143,151,135,153,161,136,171,137,139,137,161,146,151,153,163,164,151,128,152,165,151,146,159,149,146,155,144,158,154,139,166,174,147,161,144,157,148,157,158,137,147,126,157,159,153,141,155,157,154,176,146,161,153,159,144,143,147,146,162,141,151,145,145,172,164,153,148,155,143,158,144,158,140,145,176,135,124,153,148,152,141,145,156,150,152,155,155,152,139,148,152,138,133,159,144,151,147,158,150,143,143,151,142,144,160,157,164,157,146,144,145,152,145,150,153,172,148,131,165,154,136,155,142,165,136,156,140,142,158,154,166,142,146,142,134,151,163,148,153,151,131,169,143,148,168,148,154,161,151,141,150,138,142,161,138,153,176,145,171,136,147,153,151,137,143,148,122,154,165,148,152,142,159,132,155,143,130,147,159,169,153,157,152,141,148,153,135,125,150,131,135,160,139,148,128,146,145,147,163,153,133,159,156,159,149,146,146,145,147,149,159,137,152,161,148,158,155,139,151,134,141,135,147,124,148,160,141,154,152,138,145,158,148,155,146,146,153,145,159,145,141,161,137,160,140,157,150,168,134,142,153,149,141,153,168,153,166,139,145,139,138,152,131,162,136,143,158,145,167,162,143,136,156,126,165,130,148,135,147,156,144,156,128,166,157,155,131,129,141,154,148,165,159,149,156,128,159,147,162,147,144,133,135,140,130,133,137,160,148,153,142,161,144,162,153,156,140,153,143,143,141,143,145,144,139,145,144,140,147,163,148,166,155,151,140,139,144,148,158,158,162,153,154,134,144,139,148,138,155,155,143,156,167,157,159,151,153,146,147,176,163,130,154,158,154,143,159,149,138,160,144,134,145,178,149,128,145,145,146,145,167,158,152,183,150,154,132,155,162,153,148,138,165,156,148,151,158,138,126,170,148,154,151,148,155,154,143,148,170,156,143,152,147,151,138,135,151,150,172,153,161,152,149,166,171,150,146,158,157,134,152,141,139,145,156,147,151,153,170,133,144,156,135,136,155,140,166,154,142,137,153,135,146,145,151,149,145,153,157,146,155,140,145,138,171,141,126,135,145,127,161,132,152,169,157,151,149,140,140,160,140,159,143,156,140,139,153,159,138,167,156,165,132,165,152,140,156,157,144,152,130,122,140,154,149,154,146,142,150,141,152,152,164,151,144,154,146,144,160,150,161,168,154,145,155,141,151,157,161,143,175,152,154,167,148,157,157,139,147,167,152,133,165,159,149,153,139,151,163,156,149,161,131,143,163,152,143,123,141,139,178,142,133,112,147,126,152,137,131,139,162,144,147,164,132,141,163,144,169,136,145,144,137,164,152,150,145,146,160,145,161,153,145,167,152,149,151,149,155,146,128,164,156,156,161,142,156,162,157,137,160,148,151,140,142,158,157,166,132,153,154,169,145,163,172,150,140,155,161,149,145,158,139,150,164,161,144,150,138,150,149,147,150,161,159,160,134,137,150,146,148,137,164,140,132,173,153,161,150,152,134,176,156,161,156,148,148,138,158,138,133,144,158,143,155,149,137,127,150,147,159,163,137,143,148,141,146,135,151,153,136,136,151,153,151,150,149,139,168,144,147,175,155,152,143,168,140,161,146,151,161,143,142,138,145,143,162,155,150,154,152,144,143,157,147,150,156,160,143,154,149,153,158,157,161,146,149,160,144,160,133,142,154,138,154,154,138,125,147,155,144,148,143,138,156,151,155,158,148,129,162,158,132,150,166,148,133,177,140,155,170,142,136,165,166,140,161,145,141,143,146,151,146,156,149,134,151,148,148,151,149,159,139,150,157,154,160,168,127,147,148,141,158,144,154,145,159,152,144,155,140,142,138,143,132,152,144,150,143,168,146,157,134,155,154,162,145,151,166,142,153,138,147,162,137,149,138,135,148,163,170,152,142,134,163,141,138,132,165,158,150,116,138,154,140,142,152,152,163,169,138,163,147,164,146,143,162,162,125,136,163,137,141,128,148,152,167,143,160,137,161,143,150,156,146,141,151,165,171,162,134,154,144,148,148,141,137,158,139,158,147,147,150,146,140,156,153,146,141,162,140,150,148,143,151,155,153,159,147,147,136,145,147,134,151,179,130,143,141,150,152,150,155,164,140,159,139,168,140,133,144,140,144,135,167,154,154,153,146,152,154,159,148,167,148,151,162,149,148,149,154,148,149,146,140,134,156,175,171,133,164,156,158,149,126,140,136,127,145,152,148,140,166,158,143,161,147,136,151,144,155,130,148,148,148,164,149,123,150,152,134,140,156,157,162,141,154,157,152,150,143,147,142,151,171,149,149,149,150,144,179,157,166,146,137,144,149,149,138,124,151,130,148,157,167,158,146,130,167,141,151,141,151,162,154,164,150,157,140,170,162,149,144,149,151,159,149,158,152,153,151,142,148,154,149,157,170,140,149,132,155,154,164,143,150,145,147,133,127,142,162,140,140,142,151,163,140,149,154,158,147,145,148,139,161,151,164,134,152,164,152,155,162,139,135,142,156,140,141,147,151,156,175,155,157,155,152,158,128,149,166,159,163,153,144,157,156,155,158,150,138,148,160,142,138,147,140,131,129,148,139,157,151,153,134,135,137,157,142,141,149,157,151,135,132,143,138,147,141,148,170,145,144,145,154,147,149,136,142,150,160,150,149,157,125,149,164,153,150,156,161,151,148,150,140,152,165,151,155,143,131,155,144,145,154,138,145,162,156,141,156,153,144,168,142,154,134,135,143,149,157,165,149,156,150,128,135,145,145,147,133,143,141,161,149,148,152,152,135,140,145,156,164,147,144,147,166,146,143,121,134,151,131,148,143,141,161,150,146,157,149,160,141,156,136,162,156,143,139,133,150,129,147,160,174,158,159,149,136,156,146,145,162,144,146,151,139,130,155,170,136,129,148,134,170,133,144,136,151,134,148,152,135,149,154,137,141,156,153,147,156,155,145,149,146,140,129,162,139,143,132,134,146,143,148,142,132,158,162,152,142,167,154,142,157,167,153,147,163,146,140,169,145,152,143,154,144,155,147,150,142,141,149,155,130,157,144,145,156,175,146,172,145,159,152,171,171,158,152,140,159,151,139,156,138,143,148,154,140,152,135,142,139,148,154,168,129,163,143,128,147,141,136,152,149,160,147,151,157,138,173,148,138,151,151,136,146,146,159,144,130,149,161,145,156,149,146,166,152,146,160,149,150,139,145,146,158,170,170,143,156,163,163,144,139,151,161,157,151,150,158,154,157,153,151,131,143,144,152,156,150,156,155,165,159,140,144,179,148,138,144,152,148,141,146,158,167,157,151,147,122,155,118,142,138,170,164,154,146,146,139,158,136,152,171,154,143,149,151,154,166,145,160,135,149,146,156,151,148,149,154,168,153,160,159,161,174,153,136,131,153,159,156,151,135,154,163,155,160,171,152,152,149,161,146,132,178,161,166,154,157,144,171,148,156,143,139,132,136,134,140,157,166,146,159,145,124,159,154,130,161,162,149,141,149,172,144,146,147,160,140,161,140,148,155,151,143,135,156,146,136,146,155,141,173,174,141,159,155,139,153,133,152,158,160,175,151,156,145,150,153,148,151,147,146,143,137,149,160,158,157,147,162,166,146,143,151,147,134,141,161,144,162,139,154,136,148,149,155,153,162,147,148,133,147,146,157,156,164,147,150,144,159,141,133,136,140,143,154,151,160,151,158,151,141,144,145,164,131,145,149,154,143,159,144,150,183,152,151,152,143,175,158,148,141,159,161,147,135,160,149,148,156,165,144,136,165,156,144,153,150,162,142,155,141,154,163,131,138,142,162,150,161,151,147,140,140,133,164,148,160,139,141,151,148,143,150,157,152,144,155,134,147,150,161,148,158,154,151,165,140,127,167,134,158,152,144,154,142,170,161,149,152,148,138,165,145,154,155,160,138,150,155,150,146,141,159,154,150,161,167,157,144,159,153,136,145,154,140,138,141,150,141,145,149,148,151,152,137,146,134,135,152,143,171,176,143,151,138,157,134,159,146,179,172,146,151,167,159,152,144,161,125,146,153,150,149,135,139,153,156,142,149,145,165,141,157,142,157,138,169,148,164,154,145,153,146,151,160,166,162,139,154,146,153,164,142,143,141,145,159,145,138,169,149,152,164,153,153,136,162,136,142,150,167,158,144,143,161,154,157,152,161,140,169,149,152,140,141,138,164,133,161,148,158,140,163,144,144,158,142,142,165,149,146,155,147,142,143,170,161,136,151,149,147,134,144,159,146,166,131,157,142,149,147,148,155,144,135,148,146,158,157,155,148,130,140,145,154,157,151,146,156,139,160,158,147,164,151,152,136,141,155,152,149,139,132,140,147,161,142,143,155,151,142,159,157,133,153,147,155,132,144,142,140,145,157,152,158,137,141,154,145,144,165,141,141,153,144,148,164,148,172,178,137,154,159,159,151,152,162,124,137,167,164,142,153,145,161,163,174,152,159,128,146,149,158,154,146,156,151,149,142,146,138,149,153,151,159,153,139,156,134,154,140,147,147,143,126,171,156,141,139,150,162,147,152,163,148,154,156,137,151,133,146,148,147,141,148,143,160,154,153,143,147,154,156,157,153,137,122,138,147,136,143,159,155,144,144,150,137,145,155,159,145,143,155,153,159,146,161,131,145,145,144,125,167,147,153,144,162,163,139,154,148,156,133,169,150,144,168,141,168,152,149,146,174,145,139,152,154,153,143,156,144,140,151,159,161,155,141,150,135,139,154,144,151,156,163,145,134,151,130,153,137,144,148,121,145,150,155,143,154,158,154,141,155,145,147,158,145,170,149,159,146,144,138,151,147,146,147,162,143,151,148,157,145,160,167,161,142,161,148,143,164,145,155,156,173,157,134,173,148,152,143,163,149,147,154,146,156,147,165,173,146,158,156,154,144,145,142,140,143,156,132,141,139,157,140,149,150,157,126,154,148,149,144,139,160,149,148,172,139,146,149,153,155,160,162,180,133,154,135,141,144,138,157,158,158,143,134,145,156,159,141,154,130,144,157,159,155,167,146,150,136,166,142,154,152,142,158,137,144,127,153,142,152,148,144,149,139,170,141,148,155,150,171,146,137,149,163,130,156,135,155,140,159,162,128,156,147,135,150,161,149,156,144,137,154,162,136,140,156,165,146,169,162,154,159,137,142,145,155,161,155,156,143,149,142,160,150,165,161,158,143,147,147,145,158,159,163,133,155,163,160,145,142,142,148,157,145,156,161,153,165,159,167,150,149,152,154,142,155,141,159,120,146,152,130,143,154,143,160,161,139,146,142,152,147,172,161,144,157,152,147,158,131,149,141,151,155,148,179,147,142,143,177,134,161,150,159,152,135,145,150,162,152,144,157,134,134,157,142,162,138,160,140,152,146,143,144,142,166,149,161,170,152,145,159,168,141,155,150,141,148,149,141,161,149,157,159,162,141,151,148,133,161,141,135,145,141,149,154,144,165,173,137,147
148,155,153,146,159,165,147,169,160,147,167,162,156,151,171,170,157,166,142,156,133,138,147,148,169,155,151,149,154,136,146,168,155,165,155,148,151,136,151,152,141,138,160,154,159,152,143,145,141,157,155,145,134,152,140,153,147,151,133,150,152,139,131,154,144,149,146,162,129,151,138,154,143,156,156,139,144,143,136,149,144,150,146,152,158,133,156,150,151,141,150,140,170,141,140,153,144,164,148,136,142,134,159,133,147,160,133,145,139,150,139,130,158,161,146,148,147,164,142,137,152,147,139,143,138,139,140,151,153,150,159,148,148,154,152,163,146,176,161,122,141,153,151,129,157,144,141,153,157,161,157,141,145,132,147,143,131,160,139,158,144,142,150,144,169,156,152,144,163,144,140,152,143,154,133,133,157,162,146,147,149,151,157,140,167,148,156,153,141,137,151,149,154,174,157,141,139,147,150,173,136,166,147,142,164,156,143,157,164,149,141,147,134,155,145,149,158,152,148,129,140,131,158,145,150,158,161,128,143,145,141,129,139,149,143,163,142,154,136,141,149,152,151,144,157,153,158,140,140,147,158,129,142,131,152,151,154,141,155,162,147,150,153,167,149,137,152,141,161,166,160,150,130,137,154,143,148,142,147,141,143,148,138,153,143,161,144,145,144,144,154,143,150,160,155,151,165,168,149,134,137,142,154,131,133,140,163,153,165,163,149,155,134,156,146,153,141,163,156,147,136,150,160,135,148,139,150,148,136,138,144,152,144,141,154,143,154,152,185,162,141,158,136,137,176,156,162,160,164,153,142,141,147,161,140,144,147,136,152,147,141,146,158,161,136,152,138,132,137,140,134,149,162,166,141,160,167,138,131,147,144,153,147,164,154,137,156,141,154,138,165,152,161,149,163,154,167,129,143,163,152,136,156,153,141,154,162,140,142,148,143,148,155,147,145,134,157,141,154,138,162,136,156,155,147,129,164,154,140,141,132,141,149,161,161,154,138,147,137,132,152,154,139,136,166,155,153,137,155,130,153,153,159,136,146,161,154,165,142,142,139,151,143,144,149,140,126,151,151,153,156,144,170,150,151,141,153,142,143,132,145,156,156,137,170,155,136,158,141,150,149,148,167,154,163,149,151,151,149,161,137,141,158,142,162,155,159,140,152,151,123,159,156,141,151,139,144,146,148,152,140,137,148,152,140,163,128,145,169,150,161,164,175,141,151,149,155,138,138,152,146,152,154,147,134,141,146,152,160,150,129,154,151,135,140,143,161,125,155,145,149,164,151,156,142,156,141,162,146,154,151,149,159,139,140,147,150,155,138,162,159,138,127,152,148,151,150,146,147,149,144,146,144,151,142,144,139,168,147,145,131,159,145,137,147,153,141,158,148,152,155,149,164,152,141,141,146,148,147,146,158,159,135,153,147,143,159,166,146,153,136,157,152,139,137,154,147,144,166,144,148,171,136,163,154,159,141,148,148,142,136,152,124,136,165,146,147,121,135,159,141,134,151,154,169,142,148,176,153,163,150,150,145,143,161,152,165,155,162,136,150,150,145,162,151,154,160,159,154,143,150,174,159,151,137,179,142,156,161,139,152,153,152,153,146,150,154,164,129,162,135,154,143,128,126,134,144,173,162,145,166,147,142,155,129,144,167,135,131,134,120,155,158,141,147,158,160,157,172,133,170,132,170,136,145,165,152,157,160,166,173,148,141,148,140,150,154,140,150,155,150,135,145,164,149,161,147,150,142,168,141,145,156,146,145,147,142,148,167,163,153,147,147,138,149,140,169,148,152,134,153,141,148,148,148,153,145,171,145,161,131,138,156,158,162,155,151,165,139,146,140,158,161,149,146,142,135,150,147,151,137,154,149,128,160,162,166,144,148,156,155,151,152,139,164,127,133,146,158,150,153,146,137,155,143,131,153,160,138,139,148,157,147,137,149,144,155,172,147,159,158,153,153,153,155,149,163,141,149,154,155,168,151,156,144,165,141,138,165,155,164,163,145,162,156,143,154,160,149,167,138,159,141,136,148,151,154,146,146,133,147,160,170,159,147,134,143,156,139,136,158,145,156,149,153,142,135,165,163,158,135,145,161,143,134,132,164,165,156,163,146,158,161,151,144,159,142,164,171,154,148,133,139,143,154,151,154,151,140,155,158,134,152,129,151,144,156,156,144,147,163,164,137,152,134,162,155,146,151,153,140,153,139,172,139,136,150,169,174,175,130,150,146,147,148,150,143,152,149,168,150,154,140,154,137,163,156,144,158,150,155,164,163,147,141,161,161,148,149,154,152,162,150,170,147,167,161,141,137,142,147,147,149,127,153,150,160,151,141,135,156,148,171,151,147,148,162,152,161,145,131,134,143,149,137,159,149,151,141,142,148,149,137,152,166,155,138,160,126,158,156,150,153,146,154,162,146,150,139,151,150,137,154,159,146,170,157,158,142,140,148,142,159,135,142,149,145,134,146,148,150,145,146,142,163,161,160,143,147,150,163,161,129,145,149,164,155,166,132,126,137,147,154,159,169,134,164,148,163,149,146,166,139,154,152,140,128,171,167,140,163,158,152,145,151,150,154,147,139,130,148,155,126,148,156,155,156,145,150,132,162,169,141,154,152,144,152,150,149,150,138,161,153,122,139,159,156,148,126,118,140,146,156,145,155,161,159,149,144,144,168,133,161,159,149,170,153,142,148,168,162,152,141,152,154,154,144,148,165,159,123,157,157,146,173,156,149,160,150,144,142,156,136,160,148,139,148,136,125,147,144,162,145,157,148,152,126,152,152,153,148,141,159,145,161,156,150,145,133,150,156,135,141,157,144,155,152,134,159,138,161,148,136,132,153,136,142,136,151,141,146,164,162,154,170,140,143,137,148,155,153,151,157,140,141,148,136,158,154,150,161,172,153,142,146,159,155,146,151,163,167,155,160,152,146,130,138,156,154,158,138,154,147,155,144,156,150,150,144,129,147,145,165,151,164,142,155,157,153,137,128,154,145,160,156,151,146,153,145,128,153,139,133,155,152,136,161,160,133,155,153,136,158,154,136,153,143,165,142,155,162,139,145,155,163,163,143,154,158,144,153,156,135,155,149,165,167,137,146,153,149,145,153,156,140,157,146,153,158,141,136,163,142,139,145,149,140,137,167,157,140,146,145,136,154,141,157,148,148,146,145,163,136,155,147,152,153,153,143,143,151,135,151,152,132,148,157,148,150,159,151,146,153,147,145,129,153,149,151,150,153,159,150,161,144,143,160,163,145,142,146,141,164,139,132,150,149,141,130,141,149,162,166,152,136,140,159,143,139,145,156,150,153,154,166,156,143,159,134,142,139,156,136,155,132,139,155,141,134,151,155,149,151,146,147,147,158,148,148,158,164,153,135,136,159,158,140,154,154,141,143,145,156,142,152,139,145,138,164,152,164,125,146,137,145,157,159,162,165,155,141,152,139,160,138,163,159,150,153,149,145,152,133,160,134,168,144,146,144,139,155,147,167,152,141,168,156,166,157,149,149,138,156,146,151,133,134,148,155,137,153,149,174,163,142,160,147,160,157,147,142,137,147,141,155,156,168,153,141,151,146,149,161,150,128,134,157,145,144,143,154,163,158,144,144,165,154,148,137,150,149,160,149,157,138,152,160,136,149,147,156,163,141,152,134,146,159,148,152,146,159,149,144,155,151,140,143,152,136,140,153,155,138,151,155,164,138,154,152,153,149,150,147,134,138,141,154,155,147,160,137,149,156,164,151,160,143,158,154,151,152,144,159,147,144,144,141,132,133,166,141,125,153,155,138,141,147,125,150,161,157,153,150,140,138,166,162,140,159,135,136,146,151,160,153,147,155,152,150,147,139,140,126,144,154,146,161,156,127,153,135,158,146,132,139,140,148,159,152,149,147,132,146,135,143,137,155,155,150,136,149,152,153,148,152,160,148,164,152,136,147,139,166,153,147,135,167,147,140,133,144,146,145,134,145,157,144,153,144,133,126,151,145,154,149,158,145,147,170,150,145,155,135,132,143,162,159,141,145,139,147,144,127,152,152,159,141,143,152,153,163,134,148,133,151,144,153,141,160,161,139,152,160,165,140,157,136,155,160,131,142,138,164,134,141,139,144,162,146,162,164,148,162,149,136,149,127,136,152,124,156,175,152,157,147,140,147,150,161,143,140,148,148,138,132,150,150,169,129,155,156,136,157,159,160,135,138,165,140,153,164,157,154,156,141,142,146,147,148,141,141,158,152,146,162,140,139,131,138,135,139,133,150,135,148,145,149,154,161,146,154,138,145,135,138,135,145,150,165,141,146,151,129,152,142,153,162,127,149,143,111,166,142,148,144,143,135,125,157,147,147,130,160,148,158,145,150,143,153,152,152,141,157,156,129,156,152,144,155,146,168,146,139,166,148,153,137,142,146,157,148,134,155,156,161,142,149,154,141,159,147,153,167,140,155,148,170,138,140,140,143,154,142,143,135,153,162,150,148,145,156,154,143,147,150,143,157,158,148,159,140,165,149,137,146,159,153,155,144,169,137,137,157,155,151,162,156,134,150,161,155,162,163,145,144,144,142,158,143,151,156,147,158,149,151,155,146,165,138,135,150,141,153,114,141,160,151,159,145,148,164,153,137,139,152,139,145,147,136,157,154,145,147,155,153,152,145,151,137,139,166,143,167,155,161,144,141,149,159,141,124,158,143,162,143,153,161,157,138,152,137,142,165,160,136,156,142,153,146,159,151,145,160,131,151,151,147,159,145,146,137,141,147,146,160,143,153,135,163,166,157,157,155,158,146,143,166,165,153,133,160,158,158,139,140,135,130,144,148,167,160,155,155,143,152,159,138,156,133,130,153,161,159,138,142,137,146,149,146,155,147,144,148,160,150,146,141,158,148,152,157,131,151,149,155,147,157,151,154,134,147,167,144,153,158,150,156,151,142,141,147,151,146,145,149,161,156,167,149,156,165,179,149,151,167,166,160,125,150,149,147,153,141,140,166,161,155,164,137,160,139,138,132,137,149,152,177,160,164,151,148,164,143,142,153,153,151,142,134,154,137,146,150,149,137,144,145,161,149,162,149,141,159,128,154,146,158,149,159,153,135,152,157,161,147,147,141,151,171,143,153,154,160,162,171,147,138,157,146,151,158,148,157,130,144,159,138,168,148,138,148,163,159,148,158,167,166,154,129,149,173,148,141,143,148,154,146,144,160,177,152,142,159,148,162,142,165,149,141,149,153,141,133,161,138,139,173,155,151,160,129,137,159,142,167,145,153,158,174,156,172,141,136,149,155,166,141,141,152,137,160,148,131,152,135,166,152,132,142,144,155,159,156,144,158,169,154,157,157,151,150,156,164,150,161,133,178,144,138,133,156,152,150,147,150,147,141,145,150,163,147,153,165,163,150,179,140,143,152,149,150,145,145,150,146,153,143,165,157,147,152,154,133,135,147,154,159,135,133,131,153,153,139,141,138,133,165,164,153,151,159,162,149,153,126,147,127,153,146,170,160,149,151,148,129,135,143,128,157,156,165,157,156,147,146,168,148,159,145,144,146,154,136,165,153,164,137,149,168,158,140,137,165,162,151,144,120,158,159,139,144,153,150,135,153,152,138,160,140,148,143,163,165,145,166,153,155,149,139,160,154,154,141,165,160,154,162,157,152,181,158,162,140,149,133,153,159,142,141,150,156,152,154,150,144,161,166,150,137,147,157,145,163,157,157,154,146,172,135,162,157,151,164,151,147,140,148,148,163,159,150,136,155,145,139,148,141,155,154,176,165,141,154,158,150,148,148,151,150,138,145,153,155,171,155,141,142,173,142,149,175,166,155,145,171,159,150,153,147,127,156,140,150,137,136,158,150,137,149,151,174,152,153,153,163,144,172,150,165,147,156,150,144,145,145,138,163,162,153,161,156,140,150,162,144,164,168,159,140,145,156,142,156,146,146,165,163,137,134,165,145,144,147,161,149,137,139,152,155,143,142,161,145,158,167,147,151,155,171,147,135,149,160,154,146,162,163,144,134,158,171,134,157,136,143,159,138,167,155,144,139,145,161,149,133,137,158,169,153,148,147,142,146,159,141,157,151,149,150,164,157,143,147,160,153,133,160,143,141,152,168,139,146,159,141,147,158,159,140,153,151,144,166,145,142,141,155,138,157,139,166,146,149,156,172,140,139,164,132,148,151,150,174,147,156,161,151,144,158,140,149,134,161,148,137,147,143,134,144,138,125,140,147,179,147,115,160,171,155,130,163,152,155,145,160,144,174,136,155,163,149,147,147,149,159,145,150,163,139,148,154,132,138,146,157,163,147,149,149,150,138,129,154,140,134,136,139,150,162,141,150,141,147,138,146,152,145,152,144,139,142,133,144,135,143,155,159,142,148,134,164,156,148,152,157,147,165,137,151,145,153,158,163,136,152,139,147,161,156,136,154,148,137,157,155,147,140,157,146,142,152,144,168,148,143,130,139,137,144,134,165,150,149,158,144,159,146,146,148,165,136,129,154,149,138,143,151,150,156,155,160,146,139,164,153,146,138,162,135,150,147,151,142,141,155,167,138,149,144,138,159,145,151,155,148,142,137,132,144,171,150,161,155,155,127,146,155,136,148,139,176,153,170,142,155,143,143,153,149,139,160,149,164,159,155,156,153,141,151,172,142,152,147,150,139,141,175,134,151,157,144,151,156,151,144,150,152,158,165,144,168,147,141,133,165,146,148,144,158,154,163,157,138,148,135,136,152,159,176,159,149,148,152,140,166,160,157,145,144,140,136,164,134,140,130,155,163,160,161,160,148,154,155,144,151,150,137,170,157,145,154,148,132,143,141,150,170,151,153,164,141,146,170,165,162,147,149,160,154,163,158,143,149,163,159,176,159,152,145,134,161,138,149,152,132,133,142,163,173,141,149,149,171,149,152,136,128,133,143,156,142,157,171,146,152,153,153,138,164,155,143,150,156,141,157,146,174,163,150,150,156,163,150,152,151,159,168,147,147,127,158,159,134,143,141,156,152,150,154,156,162,144,149,152,140,148,146,146,160,145,155,153,146,179,151,131,159,159,141,139,162,131,155,141,138,143,151,139,151,143,143,154,134,152,152,147,150,158,134,153,152,138,164,156,145,146,155,146,138,163,142,117,174,151,157,144,152,158,140,153,159,145,153,160,160,153,167,148,140,146,142,156,138,153,160,119,149,162,141,161,153,145,144,151,155,141,144,132,163,148,135,160,143,129,154,157,151,142,151,149,140,146,135,142,146,153,147,134,151,153,148,127,144,144,135,131,156,138,153,144,140,148,154,167,152,134,156,146,149,159,125,147,128,154,149,139,155,136,136,162,146,154,159,152,156,143,152,145,139,146,150,155,138,157,143,158,138,130,155,153,135,149,159,146,143,160,140,139,155,143,145,163,167,145,166,142,145,143,148,148,161,165,152,152,150,159,145,142,151,126,145,144,154,151,152,135,145,144,137,152,136,157,154,155,157,153,173,133,131,134,125,163,164,169,135,140,135,150,153,138,161,145,159,147,142,146,152,168,158,157,145,149,159,159,155,175,142,153,143,141,160,137,159,145,156,149,169,158,151,160,167,131,157,153,145,148,162,153,135,143,144,147,132,144,148,139,166,160,164,155,159,140,162,164,144,151,153,163,163,159,127,170,161,149,128,135,134,154,152,145,151,141,168,153,120,165,131,147,155,162,130,144,144,138,135,162,146,150,153,148,161,141,143,140,158,147,147,152,146,161,159,136,163,148,147,149,133,156,163,155,147,155,164,129,148,151,144,154,151,152,150,148,156,154,159,144,146,153,156,154,156,146,164,141,161,155,163,165,152,141,125,156,159,128,161,154,159,139,143,166,139,146,149,163,168,137,135,157,144,139,145,155,142,160,162,145,150,148,134,138,139,148,143,132,155,129,140,167,147,157,160,168,150,169,137,146,127,147,153,152,143,143,140,151,149,148,136,158,154,165,141,152,152,145,150,153,164,148,159,152,149,143,137,137,151,141,144,152,153,123,151,159,153,138,155,151,162,146,155,157,161,158,144,148,140,147,140,155,161,149,140,133,136,153,161,141,153,147,163,161,157,149,126,145,165,140,148,136,164,131,145,162,151,140,169,160,149,146,147,160,173,128,150,148,158,147,156,162,162,142,123,148,164,148,141,152,165,145,145,159,146,136,159,147,150,151,150,138,136,166,138,153,146,164,170,145,146,146,164,155,147,146,143,155,165,166,150,173,154,148,152,140,155,157,132,144,154,156,155,166,168,154,158,150,150,146,137,145,135,132,150,174,145,158,155,145,137,148,158,138,150,158,151,145,152,152,162,147,149,142,147,136,144,145,141,140,147,149,136,151,154,121,127,162,151,143,138,152,145,157,165,157,153,155,144,163,160,154,160,158,160,156,143,161,151,153,146,153,146,146,155,136,156,147,150,143,147,135,161,152,141,154,160,146,168,156,144,142,143,138,166,150,147,141,178,158,151,142,144,158,140,142,156,138,147,153,134,139,138,165,167,149,132,140,141,162,156,151,155,150,141,140,145,152,143,142,161,147,143,140,136,164,161,146,159,144,153,128,141,175,142,145,133,142,151,137,168,164,148,150,147,137,147,140,158,155,155,142,141,134,141,141,162,148,141,152,159,159,150,148,138,148,158,152,158,175,155,126,144,154,142,163,158,143,159,144,166,145,152,153,154,147,148,161,171,163,132,140,132,146,148,160,162,153,125,169,157,148,140,138,159,136,138,166,169,154,158,137,159,139,146,134,142,154,164,165,167,144,143,159,150,144,155,135,135,134,164,144,152,132,139,159,128,171,160,145,154,144,139,150,126,161,165,153,152,162,166,129,138,142,156,151,140,148,163,145,156,147,139,144,149,137,153,126,173,134,138,151,145,146,159,170,147,172,163,150,141,149,144,171,157,150,143,163,135,164,149,134,170,161,139,141,166,147,149,155,144,151,137,160,163,140,130,145,153,157,167,153,157,151,138,157,153,130,160,159,149,137,168,166,169,165,145,157,140,143,153,154,147,157,142,156,147,147,154,166,144,133,150,171,169,150,137,142,133,152,147,135,153,152,147,129,151,151,139,146,143,160,157,171,151,128,154,172,149,153,150,144,146,154,131,141,152,158,158,157,178,152,153,154,148,156,138,151,136,148,144,155,143,160,153,143,148,146,142,143,130,156,129,140,144,155,166,143,134,152,147,140,160,144,152,141,144,137,146,164,152,148,140,161,157,153,154,137,151,148,166,152,143,150,157,155,138,154,148,144,151,151,138,151,171,156,144,139,156,154,139,134,135,137,147,158,166,161,142,160,145,154,127,161,151,158,153,142,135,148,151,134,150,142,148,158,169,160,151,166,146,130,149,149,147,153,147,136,156,141,168,174,146,161,160,150,157,149,143,172,160,146,172,136,146,145,160,155,149,152,151,157,144,144,170,145,158,146,148,159,135,153,161,134,149,149,146,172,132,127,149,155,126,151,139,147,153,153,146,143,134,165,155,163,136,128,141,140,156,138,155,166,159,145,150,135,153,128,167,150,148,155,131,149,152,157,139,164,155,142,149,154,166,158,149,163,155,173,133,144,146,148,168,158,154,144,149,153,172,158,149,152,136,141,150,147,163,136,153,147,145,158,137,141,138,147,153,156,162,143,144,163,161,142,154,142,144,137,170,157,147,146,160,149,162,144,149,145,135,156,159,155,150,159,136,146,150,154,146,137,148,143,157,142,155,148,137,148,130,147,158,152,150,135,134,144,157,158,170,138,147,136,147,150,173,160,147,151,134,171,146,147,143,147,151,165,150,162,172,147,144,164,147,155,135,156,156,145,145,154,157,159,144,134,159,152,154,148,141,150,148,151,155,157,146,150,161,141,146,141,137,163,133,154,163,140,155,151,126,138,160,164,140,157,144,158,174,144,139,133,141,148,148,149,144,137,168,161,158,144,155,156,157,135,154,155,144,144,145,138,147,154,162,152,165,147,153,149,168,156,170,164,149,142,148,145,174,140,128,146,150,148,159,138,156,154,159,155,155,144,156,161,126,156,150,138,156,162,140,167,151,136,134,161,146,142,149,168,139,143,146,155,147,157,178,128,150,152,152,142,146,148,151,159,148,141,154,161,142,136,145,141,146,148,136,135,154,162,160,134,147,162,150,158,145,170,151,132,156,138,139,132,158,133,141,137,136,147,152,167,142,163,148,155,148,152,173,145,149,146,149,161,137,137,129,143,136,143,157,150,149,143,136,152,158,132,153,144,159,162,143,147,144,159,134,149,166,136,150,173,153,143,139,150,137,151,161,125,163,134,131,161,151,133,144,168,152,147,154,148,162,153,146,163,154,158,150,143,143,157,153,142,148,155,172,156,134,149,140,161,160,148,162,123,146,139,137,158,138,156,155,135,160,151,156,156,154,147,156,154,134,161,144,165,144,158,169,136,135,153,143,140,138,154,120,141,163,157,147,165,154,138,140,167,144,135,148,153,168,159,162,157,155,158,144,159,144,157,168,133,154,145,162,148,136,161,141,141,159,141,151,172,159,141,160,143,151,150,139,148,159,149,143,171,136,164,150,137,159,152,141,157,159,152,139,146,142,137,157,166,151,161,147,153,143,151,162,155,146,135,137,150,140,159,148,144,153,136,156,127,168,155,158,154,167,144,145,161,136,147,161,132,160,146,140,129,136,148,148,166,157,146,135,155,146,164,138,140,146,153,138,134,171,156,154,149,147,139,129,149,156,154,152,139,125,148,182,164,146,142,147,142,165,139,123,158,141,146,135,154,142,130,130,145,153,149,138,167,157,152,147,146,170,123,155,136,160,142,133,147,140,159,149,162,153,155,149,152,161,145,144,148,152,161,137,158,142,146,155,150,136,151,156,150,172,163,151,154,144,165,146,142,144,150,143,147,150,141,144,165,135,137,149,154,151,141,155,140,143,172,157,159,181,147,132,146,162,156,141,132,161,155,154,151,144,153,165,146,145,159,164,146,155,153,163,150,140,159,158,151,134,125,156,148,145,149,146,155,168,143,157,168,132,154,154,155,157,173,143,132,157,156,167,154,156,148,159,159,152,163,136,167,123,152,146,156,158,153,154,173,148,153,169,167,146,139,149,148,163,146,137,160,164,148,159,137,169,156,137,146,151,157,138,121,140,150,175,161,159,144,159,162,134,158,144,153,169,157,149,173,149,162,158,125,134,160,147,154,160,144,167,152,148,135,141,157,155,150,141,130,136,127,150,150,165,143,159,157,159,130,149,157,141,139,159,153,146,131,152,163,155,154,145,150,140,159,138,140,150,154,136,140,165,162,131,136,160,151,150,143,143,153,144,146,176,151,145,148,147,155,187,165,140,139,155,157,149,147,141,152,149,154,150,149,137,167,171,144,151,147,139,143,143,154,134,151,164,155,147,158,135,144,147,152,149,145,139,155,131,149,154,152,139,149,145,147,151,144,144,164,136,152,145,160,151,173,147,133,142,153,170,136,150,130,146,164,160,139,147,162,133,160,153,151,142,143,137,163,150,138,149,160,149,172,154,161,149,156,142,153,143,149,158,138,137,156,146,151,150,145,147,164,146,147,173,132,142,150,152,167,144,132,143,146,145,151,166,157,146,153,155,148,153,157,146,148,149,161,165,154,153,155,134,149,142,160,146,135,151,147,155,142,154,154,151,146,161,153,138,151,143,155,148,156,157,146,170,142,160,141,171,147,144,161,139,149,140,150,138,138,163,155,163,130,169,160,143,133,147,157,142,154,175,151,167,144,141,162,154,151,150,147,156,167,166,160,124,140,159,154,134,141,146,143,161,139,145,142,160,134,172,169,153,140,157,149,140,132,164,154,148,140,151,149,132,151,167,126,139,161,130,142,147,149,163,157,146,139,147,145,145,145,147,160,137,149,150,143,139,144,150,152,166,149,163,157,146,154,149,151,155,136,175,162,147,139,143,168,154,162,150,127,168,160,150,183,147,157,140,142,132,152,141,146,152,138,152,156,164,154,174,154,152,154,134,148,136,152,142,152,151,149,134,156,150,157,162,158,157,152,142,160,136,155,156,145,169,157,154,170,162,150,163,158,136,151,154,169,137,154,150,145,158,150,142,141,142,133,146,142,140,135,148,156,161,153,172,149,152,145,156,150,142,152,156,129,159,145,153,146,142,147,172,151,140,142,148,144,163,155,141,156,150,150,154,132,126,139,153,149,149,136,142,168,142,148,141,137,165,140,142,159,167,131,153,141,149,154,152,144,140,148,140,160,154,156,153,148,142,146,160,141,159,139,162,154,142,154,154,158,144,154,161,148,155,153,155,153,166,162,153,127,147,140,148,154,151,148,135,158,154,168,174,144,171,139,156,163,138,155,147,154,151,142,136,161,149,144,157,132,121,157,155,164,136,160,160,134,145,145,130,146,147,152,153,132,159,156,146,163,149,140,150,148,162,160,137,152,157,172,146,145,141,163,162,122,146,137,144,152,141,155,151,131,169,132,162,137,150,149,146,165,150,143,153,156,145,148,148,147,154,132,146,175,163,158,147,156,156,162,138,128,152,155,153,147,138,149,154,144,158,133,158,155,141,165,154,141,149,144,132,138,145,159,146,163,154,137,152,165,155,141,149,158,130,151,147,141,147,159,155,165,150,149,140,155,147,145,143,152,152,155,152,148,160,151,154,158,136,164,156,160,160,142,149,153,143,153,131,156,140,133,160,157,161,161,166,139,143,129,162,132,138,169,153,158,139,147,159,152,151,135,144,137,167,155,142,141,157,135,156,139,155,144,151,147,136,167,156,163,165,156,149,154,137,145,138,145,139,130,153,157,163,146,155,142,182,146,164,146,146,155,125,141,148,152,152,141,170,132,149,136,142,142,155,151,145,139,138,130,157,156,172,162,150,148,144,167,165,170,158,139,138,135,147,154,134,159,164,163,164,145,136,142,169,159,152,153,150,159,156,144,140,165,136,132,165,168,141,147,173,146,159,141,147,145,147,144,159,145,153,153,146,131,160,163,153,149,158,147,141,144,152,155,134,147,152,141,141,133,158,146,153,147,159,157,150,160,154,161,156,157,148,144,163,157,151,144,160,154,150,151,156,141,152,156,162,167,157,147,131,150,153,128,126,154,144,157,137,157,145,153,154,146,158,153,156,164,134,138,150,150,149,153,157,147,145,152,130,155,143,143,142,146,157,159,148,138,154,124,135,166,148,145,158,151,160,142,149,141,132,147,171,132,153,160,149,161,143,158,170,157,172,146,139,145,129,138,146,147,130,134,151,148,168,141,150,165,162,162,159,138,143,147,147,143,143,135,144,138,170,155,147,149,143,145,165,145,145,141,148,162,137,148,164,179,141,164,155,180,152,134,143,143,143,133,145,139,164,165,169,154,151,150,144,153,140,154,157,139,168,173,151,149,143,143,148,150,160,151,174,140,156,168,156,149,155,151,143,148,152,163,160,139,139,169,144,149,155,155,151,161,166,137,152,145,157,144,150,146,160,140,158,159,130,123,166,155,138,139,141,153,132,146,148,141,160,156,152,134,154,153,144,154,142,148,143,141,152,143,137,136,140,141,154,149,147,144,129,142,154,141,153,133,136,148,140,127,132,173,147,142,136,153,166,159,164,141,168,161,170,161,139,154,146,146,150,152,174,151,168,125,147,143,139,155,146,148,144,154,158,162,153,149,164,154,123,149,128,161,129,150,133,131,130,150,163,164,129,142,154,142,146,158,174,141,153,141,160,140,150,136,151,143,162,159,142,145,133,148,143,135,144,153,149,141,153,159,144,157,155,164,146,162,139,161,137,146,171,159,160,164,166,155,154,133,144,155,154,138,157,140,162,155,174,128,159,151,151,159,147,162,165,138,150,138,158,154,130,149,167,162,168,161,145,174,137,152,163,165,118,160,143,155,144,164,141,149,146,167,149,134,139,161,145,147,159,143,146,152,155,150,148,137,148,155,150,140,152,139,167,154,144,163,159,145,140,159,154,155,132,165,146,154,169,142,142,164,149,146,157,157,137,149,160,154,148,133,145,146,151,150,156,140,147,137,139,164,153,144,154,154,158,150,159,161,138,163,149,158,157,149,141,140,152,163,147,149,142,148,153,154,144,141,150,161,148,144,159,141,152,144,153,149,137,155,170,145,148,163,139,145,157,148,153,154,165,156,149,141,153,159,157,141,145,164,165,161,144,166,120,190,164,153,167,151,143,162,150,159,154,136,153,158,152,155,153,155,154,160,154,147,163,157,154,166,135,136,149,141,151,164,142,150,140,152,151,135,143,140,136,152,163,155,163,163,145,180,143,131,154,167,156,144,144,132,150,152,128,155,145,145,138,162,156,159,157,132,152,127,142,167,155,164,159,147,163,147,136,144,158,157,164,165,131,135,155,146,143,147,144,150,149,144,152,174,158,146,125,127,148,138,162,130,131,158,136,137,153,136,128,165,145,146,154,161,149,156,161,154,171,139,169,151,158,151,158,162,138,140,160,152,149,166,154,144,144,136,165,132,139,153,148,144,149,141,156,150,148,144,150,153,132,144,149,147,142,138,167,157,145,155,132,143,134,151,168,144,132,152,140,150,131,152,141,158,143,156,137,152,163,145,158,161,153,166,149,143,147,159,152,153,164,142,157,159,150,146,145,158,153,170,153,145,134,140,166,145,147,153,162,142,146,159,157,152,156,157,126,148,157,157,144,169,140,141,150,144,150,155,128,140,149,148,126,163,152,140,137,155,127,159,151,169,155,160,130,142,150,132,145,134,152,139,163,119,145,149,141,169,136,158,146,149,152,158,152,147,141,139,152,150,137,153,149,138,145,139,151,155,147,157,148,136,150,152,165,161,159,151,150,144,150,163,152,163,143,144,149,153,148,142,169,146,152,149,136,159,138,149,155,129,153,145,137,147,117,160,130,153,134,148,165,134,143,139,140,144,163,157,149,179,127,141,152,146,164,152,145,142,154,162,157,141,153,159,146,133,166,162,147,136,140,150,168,153,137,153,144,154,165,139,157,150,158,144,169,139,149,152,148,140,147,150,144,168,164,139,146,156,138,170,147,129,159,146,136,154,150,145,156,160,154,153,147,160,165,150,144,156,170,140,142,155,154,140,155,145,146,154,158,159,161,151,132,149,141,147,148,153,126,148,148,142,170,144,149,164,132,167,146,147,155,147,148,137,151,146,142,157,147,155,153,154,138,153,139,150,153,137,145,161,160,143,134,150,153,159,154,165,139,150,162,122,156,148,160,167,148,136,145,144,153,146,136,149,140,150,146,133,153,148,136,154,154,160,179,148,156,135,151,136,149,151,153,129,157,139,149,159,140,160,155,152,156,174,149,149,143,141,149,150,141,156,166,167,168,127,182,145,143,150,163,158,137,147,144,143,153,149,148,150,152,159,162,158,138,146,158,165,153,153,146,140,145,144,148,157,138,160,165,151,148,125,159,150,142,152,149,138,152,155,150,144,143,157,137,170,162,151,139,132,153,139,160,154,146,169,150,155,159,141,160,140,146,154,142,158,162,140,147,147,164,165,137,151,147,158,151,169,139,155,153,163,137,148,150,151,162,144,177,144,150,139,137,146,158,147,148,141,141,150,137,167,151,152,158,132,147,162,161,122,142,150,156,169,141,137,132,154,138,143,155,131,163,151,160,143,148,148,140,152,142,160,122,161,152,149,136,133,155,138,134,167,149,159,148,150,134,149,149,150,153,146,160,145,153,149,144,155,143,152,170,153,145,175,151,141,151,145,159,144,167,164,137,157,172,154,163,150,148,150,165,166,148,151,157,148,139,166,146,163,149,135,135,150,158,155,142,168,160,142,153,138,140,151,179,148,148,170,134,161,150,163,159,163,151,163,157,146,158,139,148,159,135,163,153,152,141,135,141,142,158,150,149,130,152,128,151,140,164,162,148,150,155,140,146,158,142,160,135,153,160,131,141,163,162,149,136,149,148,147,144,145,160,153,162,151,164,149,160,150,162,140,164,154,145,158,135,149,163,160,158,134,142,144,137,159,152,144,149,149,146,157,166,141,142,151,155,168,149,162,154,154,154,159,140,149,140,160,149,161,143,162,147,141,140,154,145,156,174,142,150,149,128,134,156,157,130,143,153,140,144,139,151,171,152,134,133,138,144,147,155,144,148,180,150,138,153,143,143,146,147,151,158,147,153,141,152,152,143,154,148,141,145,153,134,151,154,148,155,147,145,161,145,155,154,137,158,142,137,145,135,152,127,151,140,156,157,143,141,141,153,140,162,156,145,170,157,152,138,140,158,165,155,162,160,137,158,139,149,146,156,136,153,158,154,151,135,144,160,153,140,150,155,151,171,141,152,149,137,156,152,166,155,139,133,154,136,126,153,144,147,149,144,152,146,154,134,137,165,141,163,175,134,147,154,155,148,169,166,149,148,155,189,150,148,138,154,145,147,154,133,158,149,139,163,159,150,148,146,138,132,152,160,173,133,164,149,155,153,148,146,148,163,152,146,146,152,152,141,153,164,141,150,147,146,150,142,148,149,164,149,162,149,149,169,141,137,139,153,138,134,152,149,145,142,149,137,158,134,147,144,141,151,147,151,126,141,155,130,146,149,137,146,146,144,155,149,145,149,145,136,171,161,139,156,142,157,157,154,164,141,169,157,159,159,149,153,140,148,157,130,159,147,150,147,167,126,149,158,153,169,155,155,150,156,158,149,152,163,146,166,149,165,139,149,138,151,154,157,146,139,155,169,138,153,144,147,149,145,145,156,164,153,159,149,147,159,150,151,155,158,141,168,158,152,145,156,164,163,143,152,134,167,137,134,150,155,153,147,161,145,149,137,155,142,148,142,165,155,158,145,135,161,157,140,149,151,145,129,156,128,145,155,160,143,145,156,151,155,147,133,151,148,142,147,153,143,137,143,137,148,153,134,143,144,150,147,145,152,162,142,151,155,143,149,139,159,157,157,132,141,167,137,158,149,163,157,161,142,158,136,139,153,145,156,134,145,144,150,136,165,127,142,135,157,158,133,136,157,166,160,143,149,148,140,153,146,154,145,162,131,162,150,147,139,147,160,146,157,150,133,145,162,145,157,154,141,155,151,141,164,159,141,158,152,143,142,171,170,150,156,173,165,154,154,156,154,150,162,127,150,123,155,149,165,147,155,139,136,138,150,154,148,153,160,151,162,149,163,151,141,133,140,154,161,131,135,154,164,152,148,149,153,123,166,137,134,150,134,131,160,149,159,174,153,157,150,137,139,153,139,165,154,148,144,158,128,145,157,145,161,142,150,147,135,155,145,145,132,155,151,160,142,145,160,157,164,152,168,136,156,149,156,165,131,149,145,139,159,146,156,173,145,140,152,155,157,155,138,144,141,160,145,138,176,144,158,147,149,150,180,156,152,154,147,139,164,130,154,142,140,145,159,141,156,153,138,153,160,152,155,152,139,129,145,154,162,143,158,146,152,153,153,140,151,148,158,155,155,146,133,163,155,158,134,143,172,140,158,160,145,162,155,125,160,139,133,139,160,139,150,153,161,152,163,159,140,152,144,140,142,138,157,145,163,146,170,137,155,147,135,163,136,139,157,147,169,142,151,137,133,150,162,167,151,156,147,157,151,153,160,149,156,149,151,162,151,156,158,155,158,158,149,171,148,156,166,140,159,137,142,158,152,154,172,166,151,144,134,155,162,143,141,151,149,165,144,157,144,172,139,151,155,148,153,145,133,141,156,140,152,136,147,163,150,155,149,150,163,147,150,153,159,148,142,157,135,152,141,148,170,156,145,158,141,150,145,164,157,150,160,158,136,129,141,146,147,168,142,153,143,135,141,145,141,152,171,140,142,144,130,160,140,133,141,143,157,169,166,143,162,133,161,147,152,139,150,155,168,146,156,149,158,153,135,161,142,166,143,167,147,170,153,144,163,157,162,149,138,150,160,167,146,152,151,146,147,139,128,158,157,183,159,157,155,130,151,141,142,160,140,150,144,161,152,150,143,142,123,154,158,147,167,145,158,152,157,143,151,156,141,152,155,139,153,142,166,141,161,147,153,150,159,136,143,156,143,154,139,138,143,153,155,147,156,167,155,159,137,162,165,153,155,154,146,164,164,157,151,131,153,146,142,147,134,157,147,146,148,149,158,133,167,149,146,162,146,164,149,154,164,166,153,160,140,160,151,142,132,157,162,157,138,144,146,134,158,160,149,164,167,145,140,143,138,158,150,137,152,149,145,149,139,154,154,172,153,152,146,149,138,144,163,157,151,168,159,140,144,155,148,170,145,136,152,157,150,158,141,150,164,145,145,146,148,143,151,147,162,157,144,154,129,143,146,159,145,142,146,152,156,145,137,158,128,168,156,161,149,148,148,161,135,140,167,158,135,160,170,153,155,141,171,159,138,145,149,165,156,152,131,152,135,164,139,148,157,163,141,150,143,148,138,149,143,141,166,140,154,140,147,160,139,146,139,151,149,138,140,140,146,175,148,142,149,175,143,163,145,135,132,152,146,152,144,153,157,165,142,147,160,157,144,148,158,138,166,147,149,156,153,116,142,135,148,166,157,152,153,146,170,151,139,145,138,138,152,159,175,160,150,139,153,159,151,164,140,150,150,156,150,147,153,146,158,155,153,144,149,147,140,154,148,145,141,158,157,146,147,140,168,133,146,147,158,157,153,129,162,166,149,150,161,140,144,146,158,150,152,130,138,158,163,131,145,159,140,148,159,144,158,151,136,142,131,152,149,160,147,157,167,154,145,150,135,177,166,158,163,150,154,161,152,148,153,130,153,154,152,142,146,170,165,160,165,151,154,143,147,162,167,140,148,155,150,150,148,141,139,154,160,146,139,166,146,153,158,174,159,152,150,159,147,173,165,159,145,158,153,157,148,135,142,150,158,161,142,162,150,165,159,164,148,155,154,149,146,145,162,151,153,145,162,160,130,153,152,139,153,162,140,152,139,150,147,152,138,151,136,146,169,135,157,161,136,160,169,157,155,156,157,155,153,161,168,158,136,167,156,157,168,122,169,149,148,150,146,148,142,139,127,158,155,164,154,128,142,154,179,158,152,147,150,167,134,155,144,165,165,149,157,129,152,132,158,136,141,159,148,172,135,155,147,154,164,164,140,151,153,157,140,158,134,152,147,144,149,155,154,136,149,161,150,143,151,150,151,137,142,149,152,153,165,152,158,143,152,151,139,137,164,146,125,144,170,168,142,150,146,136,132,146,147,145,155,152,148,141,142,160,151,155,141,145,153,132,162,131,147,136,138,138,141,151,148,162,124,160,142,149,134,137,152,146,165,129,156,160,144,150,156,171,140,138,139,147,167,152,155,158,136,155,160,150,151,163,151,146,146,129,153,143,154,139,136,151,150,160,141,142,137,157,153,167,144,139,145,134,141,151,146,140,145,144,145,147,153,142,156,159,136,131,149,150,155,148,161,150,146,151,152,137,154,156,143,168,132,130,146,143,155,160,151,158,157,144,160,170,150,145,159,168,142,149,146,158,159,128,148,135,141,158,133,156,144,154,134,155,168,146,165,142,169,156,161,144,158,133,151,135,148,153,154,149,162,163,133,139,139,149,155,146,143,153,159,159,150,131,153,136,142,143,137,147,156,149,158,143,161,139,153,133,165,136,162,155,139,147,142,172,169,142,141,159,123,144,153,153,141,153,141,149,152,156,156,155,157,162,173,135,143,155,145,162,136,150,144,136,158,136,150,150,151,153,157,165,140,162,137,124,178,162,158,143,149,138,148,151,146,133,152,145,151,138,154,150,147,159,139,135,154,145,155,140,126,157,138,141,154,150,161,147,147,147,141,153,152,147,124,156,139,142,145,146,134,143,141,152,171,165,143,145,162,153,159,163,146,158,149,153,155,159,145,144,152,151,148,148,155,176,158,165,136,137,156,151,160,139,148,135,149,157,148,162,161,143,134,150,144,143,136,139,147,151,139,143,149,133,150,145,166,158,128,138,151,147,163,154,168,161,143,152,142,146,166,152,164,137,139,155,152,137,163,152,143,146,149,158,152,149,136,158,151,142,135,143,157,159,144,167,150,159,132,131,118,162,147,153,148,163,135,148,146,148,164,157,148,155,154,149,122,138,150,148,149,156,162,143,165,153,147,153,150,158,146,144,158,160,143,141,160,153,147,143,155,144,173,137,165,143,155,160,155,137,141,153,158,158,156,152,159,165,139,138,147,154,135,160,151,159,145,162,153,149,140,159,142,150,165,152,163,135,147,163,158,154,145,151,163,148,147,143,157,144,143,149,140,138,146,153,160,147,149,149,146,140,156,144,135,133,148,152,152,136,153,152,161,153,149,138,154,162,153,146,157,166,167,161,133,147,145,159,162,155,138,151,132,147,179,159,160,150,158,172,156,151,160,144,139,141,142,173,139,145,167,144,166,147,131,136,154,162,149,151,152,152,138,144,159,137,154,158,145,144,148,137,155,168,150,148,148,143,151,145,154,157,151,164,136,143,147,158,123,142,165,145,138,135,136,163,152,146,157,142,142,161,143,148,163,143,151,159,159,153,147,149,158,149,161,145,148,132,156,167,143,151,157,151,142,168,156,158,163,154,143,159,152,154,155,147,142,159,163,138,154,157,151,149,150,150,155,156,150,159,140,152,145,149,155,145,136,133,159,155,152,157,149,144,158,150,131,136,180,143,150,138,153,144,140,135,156,144,140,145,145,164,134,134,144,141,140,143,145,138,151,152,152,128,136,153,142,165,152,162,145,169,153,143,152,137,174,135,177,141,166,143,143,153,134,160,155,153,163,135,145,158,166,177,140,148,153,164,179,145,141,159,176,148,155,155,165,145,156,149,138,135,127,153,148,159,142,159,165,143,147,146,150,160,151,145,126,148,149,152,150,161,161,127,163,148,148,156,138,143,142,147,155,157,160,158,134,148,161,136,145,139,154,159,145,150,127,152,157,145,175,129,139,154,146,143,147,162,171,139,150,142,161,151,161,163,156,134,160,150,153,154,140,130,155,142,150,143,139,145,143,159,171,158,152,144,131,173,142,159,138,148,173,145,147,143,154,146,134,160,132,165,141,162,154,145,147,138,137,152,163,149,143,150,141,154,141,142,159,161,153,155,139,166,151,160,158,154,150,151,161,146,132,169,147,161,141,152,154,135,137,149,160,155,154,155,151,144,142,138,134,154,147,168,152,162,133,154,147,144,159,161,132,157,148,157,143,163,149,158,157,133,155,143,155,142,146,126,141,148,149,145,138,133,139,144,147,131,159,155,145,151,158,142,130,139,140,152,152,142,156,131,156,144,159,154,173,148,165,152,146,154,166,145,142,150,152,154,154,150,154,168,144,142,141,141,162,140,155,145,157,165,134,159,151,174,155,149,160,151,139,159,133,157,149,139,162,142,144,142,154,140,148,169,136,163,142,146,137,146,167,145,174,150,152,146,151,164,159,166,135,141,166,135,147,152,144,137,168,151,151,154,127,156,158,154,145,152,154,148,145,147,160,128,154,153,158,155,146,143,168,146,160,146,138,158,152,147,169,140,144,147,143,159,152,153,153,139,149,137,147,163,146,159,136,161,144,149,135,153,138,152,140,139,139,139,127,161,144,139,145,143,156,135,154,153,138,149,159,152,165,160,158,153,132,160,162,157,158,142,127,162,140,145,139,154,138,156,143,138,130,141,142,145,138,158,139,169,159,168,151,158,148,160,152,133,135,151,139,183,167,135,152,146,144,135,138,158,155,147,143,162,139,165,143,147,146,151,127,164,168,143,131,156,148,145,153,159,155,143,119,175,160,148,160,138,132,130,138,143,163,167,164,149,132,146,152,155,150,134,159,161,162,165,134,146,157,160,151,159,150,135,140,146,123,146,174,134,156,125,162,157,155,153,153,156,159,140,154,153,149,159,151,158,131,156,136,149,143,160,149,148,139,149,155,154,147,145,154,157,164,162,137,154,173,166,129,159,159,160,148,161,147,148,145,150,157,164,161,136,149,162,133,156,151,150,144,140,143,145,152,157,149,151,159,146,144,165,153,164,157,145,153,148,157,154,138,139,128,146,152,150,152,159,151,145,139,157,146,153,155,157,142,141,142,155,160,154,152,136,151,155,142,159,157,149,144,165,172,145,131,145,142,151,135,156,133,143,146,152,150,157,142,140,130,147,146,146,152,156,161,164,149,160,148,147,144,143,150,152,142,151,148,141,158,157,146,148,154,154,149,150,144,152,149,156,165,169,151,138,159,155,139,155,146,137,126,126,154,133,142,123,158,152,138,158,139,158,153,139,144,129,166,135,137,150,156,145,145,126,156,143,142,157,165,153,149,134,146,172,155,154,142,148,149,149,149,153,152,152,162,142,138,169,140,146,137,167,156,140,157,120,150,160,168,161,149,146,153,137,134,146,130,156,146,156,150,136,157,138,132,144,158,140,151,161,144,163,152,144,157,145,140,144,139,138,168,155,124,144,160,156,150,156,155,157,157,156,145,146,154,144,156,163,163,161,133,142,159,144,140,158,166,172,136,159,150,138,147,166,140,143,156,136,168,152,150,173,155,123,148,145,145,147,170,155,151,161,146,141,151,132,135,148,139,144,163,156,151,150,143,161,157,139,157,144,135,140
141,135,170,168,156,134,154,134,144,163,159,157,139,144,156,143,159,147,160,160,147,147,152,135,147,157,138,135,136,150,161,155,152,142,135,139,132,142,153,149,147,141,139,169,161,142,146,152,134,150,147,151,155,157,147,146,161,154,151,148,148,148,155,158,160,153,140,157,153,162,147,150,136,158,153,143,156,153,148,153,151,151,160,140,142,145,154,138,142,170,148,152,148,148,155,133,153,145,156,143,150,136,125,146,170,141,160,135,163,151,152,155,148,142,159,150,167,155,155,150,156,135,155,133,122,136,143,153,136,150,131,150,163,133,149,138,159,158,153,138,146,148,141,144,159,145,141,140,160,139,123,148,162,143,122,154,158,144,157,141,148,163,149,150,141,142,125,148,147,154,154,139,144,147,143,131,141,158,143,143,152,156,156,166,158,135,154,146,151,137,138,141,159,147,161,147,156,166,153,146,135,149,156,144,144,141,183,146,156,136,136,147,152,145,151,150,138,153,144,137,136,134,166,134,140,126,136,163,141,137,150,155,145,134,147,143,126,142,150,168,153,140,146,148,150,159,144,145,155,160,145,138,145,158,135,150,159,157,149,152,154,128,168,132,133,136,161,150,140,160,142,172,143,155,152,141,160,146,149,153,167,155,144,148,161,142,144,155,150,158,156,147,134,143,151,141,134,154,159,147,147,147,151,134,152,145,149,151,141,161,155,145,134,136,137,145,142,147,145,162,145,127,150,164,153,144,167,154,134,135,135,146,165,155,138,145,152,148,159,159,129,148,138,156,161,143,141,137,137,150,147,165,145,144,151,162,141,169,155,138,163,137,147,157,150,134,146,146,148,148,169,137,159,146,123,137,144,149,157,141,140,152,150,148,140,164,142,147,148,142,144,153,163,153,145,150,137,157,156,154,149,155,150,155,153,147,174,158,136,129,140,167,145,162,141,139,128,129,139,157,157,160,136,144,139,159,161,153,142,150,143,144,154,153,157,154,139,159,148,145,149,142,151,167,133,166,146,159,151,149,146,144,149,169,159,136,141,145,133,133,148,142,151,145,134,166,142,131,141,157,146,139,158,141,158,143,145,139,152,131,160,153,154,143,144,154,166,145,173,130,147,149,156,146,151,142,168,143,134,133,145,172,159,147,153,125,145,152,148,145,145,158,146,140,157,145,155,158,148,158,144,133,148,155,158,142,168,162,154,146,145,157,146,139,143,141,143,157,169,142,151,152,152,128,149,166,143,131,147,161,164,138,156,151,159,149,159,145,145,138,168,144,145,158,144,163,134,148,158,140,160,153,141,148,165,157,152,144,176,149,143,153,137,154,145,156,154,149,155,154,146,159,158,154,145,133,160,148,144,164,164,148,159,162,134,142,140,144,124,141,149,146,147,156,149,144,145,146,143,150,164,134,155,155,154,144,160,140,138,142,134,164,141,155,157,117,156,144,146,162,136,145,140,149,155,126,156,139,153,149,158,145,150,169,139,141,143,144,139,146,159,140,160,141,143,150,149,140,161,143,159,139,154,161,137,142,153,142,156,150,143,153,130,150,150,144,155,163,140,164,164,129,149,161,137,147,163,157,159,174,148,158,129,156,158,163,151,139,146,167,153,143,136,148,149,142,156,161,135,157,163,145,137,149,148,150,141,170,144,153,152,149,145,155,142,162,171,154,143,172,143,145,148,144,153,154,149,175,145,152,159,152,133,166,145,155,156,158,154,147,140,160,148,156,143,142,143,152,145,148,148,144,131,145,139,148,146,134,161,142,170,140,147,149,141,143,148,154,147,149,145,155,128,163,140,140,156,155,165,151,152,139,147,162,161,139,140,170,156,162,153,153,145,131,148,151,140,141,142,143,153,149,165,151,155,149,131,150,132,145,154,147,165,145,165,149,146,155,161,155,144,146,155,149,160,150,155,142,145,151,151,137,154,157,112,147,148,144,155,172,120,143,139,138,153,145,154,161,161,149,152,134,153,153,158,134,135,151,155,140,139,154,172,135,149,161,152,143,141,160,152,159,134,152,169,159,139,143,151,141,156,151,150,144,166,148,133,149,151,130,161,150,138,132,142,142,162,155,150,142,156,136,160,162,149,135,156,149,152,153,158,164,152,147,149,135,143,169,147,175,167,143,148,165,167,140,141,168,160,138,153,155,160,169,148,159,150,145,147,138,142,142,166,159,148,141,157,136,167,156,167,151,149,137,152,135,166,145,150,173,149,137,152,145,138,143,161,146,144,141,146,138,139,157,147,153,161,148,159,148,150,164,155,140,155,156,144,146,129,148,153,149,154,150,145,140,155,148,148,140,146,159,162,173,173,139,140,170,159,143,159,144,144,146,157,149,144,138,152,141,140,170,152,155,165,162,146,158,143,150,137,151,146,130,154,141,143,142,153,155,158,166,134,150,145,131,162,149,148,163,144,140,144,154,154,149,149,146,143,140,143,150,151,168,145,139,142,156,140,145,153,162,145,146,143,153,140,147,136,157,136,151,133,155,132,149,160,135,150,158,133,155,149,154,154,150,150,161,163,143,145,156,154,144,144,144,142,154,140,137,154,140,126,155,147,143,138,152,136,169,141,139,156,151,151,149,145,139,147,143,136,138,149,158,165,151,139,130,139,162,141,148,151,137,162,156,143,158,143,159,140,152,150,145,179,134,143,162,153,159,146,138,150,130,155,148,138,141,160,150,143,148,151,151,151,156,176,146,166,164,152,169,138,144,137,153,160,140,145,133,142,153,153,151,161,131,169,148,152,142,133,138,147,148,155,150,139,147,145,141,160,137,160,155,166,137,146,153,135,161,145,143,156,128,138,143,165,148,152,154,162,160,155,152,149,157,166,138,144,151,131,146,154,134,161,162,149,167,147,149,140,151,142,139,148,152,168,153,173,150,151,141,152,147,152,134,139,132,148,153,141,154,145,154,144,151,131,159,148,146,130,142,159,158,146,150,160,133,154,163,166,148,148,153,143,150,149,164,139,150,139,150,151,141,152,141,158,152,127,146,151,159,129,136,161,141,172,145,153,153,140,153,146,160,138,154,150,162,138,150,151,136,156,142,150,168,124,149,142,150,146,133,143,153,161,151,169,127,152,159,147,143,171,156,142,140,156,152,177,153,154,152,161,155,140,150,154,150,168,138,154,139,131,136,140,142,153,155,149,132,131,148,141,142,152,148,154,147,130,159,169,153,155,147,155,168,158,153,140,162,148,147,156,139,150,152,144,163,153,156,148,135,134,151,146,145,127,139,159,144,144,165,159,154,143,150,150,151,166,157,149,170,147,161,151,134,130,150,143,152,132,139,172,143,141,149,150,151,156,144,157,161,151,155,157,162,146,166,135,140,136,168,168,140,151,158,118,151,136,151,158,150,140,157,139,142,148,159,149,173,158,137,148,166,138,148,148,165,130,158,168,152,170,135,143,132,155,148,143,158,135,149,122,140,158,158,150,151,142,165,133,161,149,169,143,164,137,130,138,160,157,141,133,139,152,152,145,157,153,168,164,163,156,147,131,148,144,147,159,147,143,147,148,159,148,157,142,146,170,147,151,139,149,156,150,139,158,157,146,153,167,157,156,170,129,148,158,155,155,147,175,154,141,152,148,153,161,147,156,161,148,150,146,158,136,144,141,168,138,143,147,165,166,152,143,160,135,150,165,137,162,141,131,139,143,155,157,147,143,147,158,139,151,158,137,156,150,156,175,152,152,158,135,145,130,146,140,142,134,148,145,158,153,157,160,157,153,149,137,125,146,154,149,139,154,159,147,147,154,147,153,146,143,158,150,142,161,161,141,151,145,155,145,136,158,158,152,137,152,171,162,151,142,128,153,126,146,159,154,164,172,143,130,155,144,170,141,124,156,148,177,136,144,157,181,169,136,169,148,142,144,170,150,161,154,151,144,138,135,144,133,165,151,136,174,140,154,138,152,143,140,147,152,139,145,158,162,148,150,140,169,133,162,153,161,172,162,134,132,135,137,137,152,156,143,161,136,141,149,145,168,150,136,152,157,164,139,152,150,159,167,150,142,170,158,142,144,149,154,156,144,151,157,148,159,134,148,160,146,141,149,147,165,153,149,151,139,155,164,139,145,137,150,148,159,157,166,153,158,162,170,137,132,144,132,145,144,156,150,149,153,154,154,148,150,145,148,146,145,148,155,148,148,145,143,154,138,155,148,159,176,160,158,158,159,146,142,139,149,162,158,150,140,175,169,138,147,146,148,166,134,159,141,153,133,158,181,157,126,147,155,163,146,130,159,145,160,135,130,154,164,150,153,148,136,134,160,172,151,160,159,158,143,149,151,158,134,141,144,140,138,170,138,148,157,191,134,126,139,157,160,144,154,145,147,136,156,146,133,156,153,150,158,144,129,147,152,138,131,151,151,147,160,148,133,164,141,152,139,141,155,158,150,158,155,141,152,162,162,159,148,139,152,131,145,141,145,160,167,158,137,149,149,157,169,149,149,141,144,159,130,143,156,133,153,145,145,143,129,149,163,163,154,162,149,138,134,139,157,173,151,147,142,128,155,143,137,161,153,139,184,140,141,131,154,143,155,166,156,144,174,173,143,159,158,141,173,144,160,155,149,165,142,158,149,141,140,130,138,153,162,146,155,157,131,165,153,158,150,142,160,132,156,133,149,139,152,155,150,146,148,148,149,158,159,159,155,167,150,152,142,152,158,142,151,148,141,149,143,151,138,150,148,141,147,154,138,172,141,155,138,142,172,150,169,148,140,150,148,156,154,157,159,142,159,169,131,167,140,135,156,143,137,160,149,154,164,130,137,152,143,137,142,148,161,168,153,154,152,160,162,155,143,140,181,143,148,153,141,151,154,163,144,149,150,157,150,146,137,128,129,158,155,153,148,164,124,135,167,144,151,123,161,154,161,150,169,154,146,143,157,151,124,163,139,160,145,138,140,149,159,145,137,151,134,134,142,154,156,143,142,142,145,163,143,147,151,158,137,147,165,150,159,150,163,148,143,145,127,152,149,148,144,133,140,147,148,157,159,152,151,141,156,167,147,154,152,134,141,151,155,155,160,142,145,146,149,166,152,151,156,148,150,152,172,155,148,147,147,135,154,150,160,172,159,152,150,157,159,162,158,151,144,146,138,171,146,128,139,142,141,159,133,149,153,143,161,129,153,148,134,160,123,137,179,157,153,158,166,151,143,142,137,159,132,141,147,146,140,163,162,162,141,140,135,135,144,148,159,158,137,147,149,128,146,152,143,161,121,159,155,148,150,166,165,141,144,154,132,148,147,156,153,148,158,137,165,162,135,133,140,147,145,154,147,159,136,157,163,151,156,154,141,139,143,149,154,154,158,164,145,137,156,142,140,150,146,149,151,142,143,158,156,146,155,169,155,145,147,130,143,154,139,139,151,157,154,159,149,159,132,150,141,148,155,151,161,145,149,148,158,160,152,159,141,137,149,143,144,143,144,154,133,154,144,137,146,146,141,143,132,142,148,163,168,148,146,130,169,141,148,150,138,154,161,142,141,159,166,160,158,156,152,156,153,131,150,155,146,152,132,141,144,127,168,153,141,154,148,153,167,141,160,148,148,137,122,147,149,167,152,151,144,141,154,136,141,162,157,158,133,144,147,151,150,134,162,166,166,153,154,142,143,140,166,156,149,154,159,157,153,152,152,143,153,144,143,137,152,129,157,159,171,135,171,150,147,144,168,145,163,170,145,146,153,135,158,139,139,131,148,151,144,152,135,150,127,152,157,127,143,133,133,163,142,149,149,131,147,161,155,147,151,161,152,157,154,128,151,137,152,149,142,160,145,143,157,146,172,126,150,140,164,159,133,139,137,153,168,141,138,164,158,141,155,146,169,164,161,147,145,152,135,137,134,146,133,138,152,175,167,122,173,164,158,134,164,132,150,152,157,161,157,144,152,154,139,150,149,149,141,139,140,139,165,152,160,149,154,132,140,133,152,153,160,145,145,142,145,149,135,144,152,153,162,176,160,139,154,147,144,155,149,137,165,150,146,139,146,143,157,153,153,138,150,151,145,155,151,140,144,129,151,161,151,116,156,149,179,154,161,163,147,154,167,150,163,145,148,156,145,135,158,134,150,143,150,142,140,159,159,150,156,149,158,158,162,155,167,142,137,154,163,145,162,141,168,162,127,150,138,143,161,149,157,148,141,146,141,152,154,145,138,147,157,155,134,139,134,146,148,159,161,151,135,151,169,161,138,150,154,153,141,156,153,151,137,130,158,142,158,151,137,151,144,161,149,153,151,142,158,146,168,159,149,159,149,144,153,149,134,163,161,148,150,135,155,157,148,135,134,152,140,162,147,146,156,145,158,163,157,152,142,147,154,141,157,151,144,151,145,154,147,162,143,148,147,138,138,172,146,125,153,157,150,150,158,133,146,154,146,148,135,142,145,146,175,151,153,136,125,150,152,151,167,131,172,157,155,149,161,137,150,144,131,139,163,158,163,170,139,149,159,142,145,166,140,150,146,150,170,132,159,144,156,157,132,152,147,159,153,143,165,161,148,146,130,161,142,145,153,135,140,143,129,148,168,144,138,147,122,135,158,148,137,140,150,148,154,169,152,138,145,151,155,155,155,146,168,147,124,148,148,153,154,155,166,162,143,171,146,142,151,147,160,152,153,159,148,134,152,155,151,141,148,141,133,153,129,146,153,160,146,149,147,163,141,150,157,155,145,160,175,151,138,177,147,147,158,163,149,151,145,164,154,135,160,145,160,159,151,160,144,155,157,145,124,163,148,153,156,145,149,142,162,163,172,131,165,148,156,146,144,154,133,143,150,152,150,156,145,163,150,148,153,146,149,135,141,143,172,141,138,127,149,133,158,151,155,141,141,163,157,154,167,143,151,157,144,154,150,156,163,149,164,141,134,133,151,136,162,145,157,150,137,148,163,161,162,138,172,168,160,152,134,149,155,162,151,154,171,147,148,150,146,129,160,152,147,151,150,137,143,151,143,138,156,156,156,140,144,148,152,159,141,150,152,142,154,147,156,161,140,130,158,159,143,153,146,149,149,151,155,158,143,154,143,139,147,156,181,153,156,153,144,149,158,147,148,153,159,161,145,147,150,139,157,165,150,143,150,154,148,145,154,164,151,155,144,163,166,167,166,143,151,148,157,138,137,153,138,151,149,153,137,140,151,158,149,145,141,155,137,146,147,149,150,144,158,157,145,138,159,142,152,137,165,155,156,136,142,159,160,137,131,135,159,161,160,145,154,176,165,156,153,165,155,138,149,151,149,155,157,156,152,148,150,176,150,168,146,173,137,141,134,140,141,159,152,151,134,141,152,144,172,156,147,143,161,144,159,158,157,145,149,151,133,134,152,149,139,154,149,156,144,139,130,145,146,154,155,162,146,161,149,145,157,143,146,141,155,149,175,168,176,156,157,145,165,158,156,133,148,158,164,145,149,146,149,155,140,145,162,134,156,142,164,155,164,148,160,149,149,150,162,158,157,158,142,151,156,135,139,164,148,156,158,130,138,139,131,158,154,143,167,149,162,140,142,171,143,139,143,146,168,163,155,129,148,165,172,163,137,157,141,151,136,167,147,154,160,141,129,144,155,153,142,151,165,149,137,151,161,134,135,150,142,158,155,164,149,140,151,150,132,134,155,153,172,161,139,156,143,144,165,138,136,158,137,165,147,152,139,148,151,146,152,179,135,139,152,159,162,145,152,143,137,134,151,155,148,161,152,149,146,143,147,145,156,141,153,146,163,146,131,161,153,165,160,152,162,143,147,131,158,149,140,146,129,138,148,132,132,146,153,148,138,156,158,153,138,148,152,147,147,151,146,148,147,151,142,144,136,161,146,146,125,143,143,132,169,123,165,147,154,139,160,162,144,160,148,152,136,147,154,158,156,164,127,150,174,148,132,155,142,153,136,162,160,139,144,133,158,149,150,162,170,159,161,156,151,122,162,150,153,143,144,154,165,150,160,147,136,151,142,161,142,155,135,148,162,150,149,150,145,141,149,144,140,136,153,131,160,161,163,155,144,167,154,144,162,140,130,165,131,171,137,161,153,160,139,150,152,155,163,151,137,139,158,151,149,158,163,158,143,151,137,152,149,134,148,153,160,181,139,163,156,158,153,145,157,134,150,142,164,162,171,126,153,148,127,144,144,134,154,144,168,149,144,158,149,154,147,160,171,159,132,138,149,150,154,159,139,147,150,168,154,166,153,129,157,157,167,157,161,161,144,134,158,174,171,158,137,143,143,149,147,159,167,159,160,139,163,141,157,129,150,151,153,155,150,157,151,148,160,145,164,166,149,151,143,164,137,151,153,151,143,142,156,149,146,130,163,150,145,154,171,160,142,141,162,138,165,141,123,143,160,136,148,148,142,155,143,149,148,158,153,145,138,133,166,143,149,154,149,145,150,147,152,161,155,133,171,142,154,160,165,139,143,158,172,154,148,157,162,150,148,147,154,163,133,133,132,133,137,144,143,158,151,146,140,153,158,168,142,144,164,160,143,170,137,118,143,150,151,156,141,126,162,155,142,148,148,185,166,150,143,151,146,130,147,160,146,146,148,166,150,150,136,146,154,139,161,138,127,149,158,154,142,129,139,148,149,140,147,138,159,134,164,135,154,165,137,154,150,155,141,155,130,146,160,143,161,146,152,151,143,147,137,154,149,158,166,149,169,144,147,176,144,142,141,133,144,139,160,151,145,156,139,155,135,141,171,139,168,163,148,142,139,149,153,158,165,160,147,140,156,148,133,155,142,143,142,150,149,148,155,160,146,162,163,163,165,139,143,145,146,149,139,151,153,147,143,146,134,140,162,140,160,152,140,161,153,146,144,154,148,147,143,156,145,152,164,148,136,172,151,151,174,147,133,175,157,142,153,136,150,140,129,135,162,145,139,149,160,143,152,133,139,167,140,154,144,161,169,143,145,128,144,169,162,149,136,147,142,155,149,144,142,167,154,156,139,151,147,144,142,137,155,148,148,144,152,138,160,159,145,155,144,146,144,143,158,159,138,142,132,143,154,156,137,142,163,158,143,157,139,155,161,152,139,149,149,153,159,146,176,155,154,145,139,142,163,146,150,162,169,133,145,148,145,138,177,157,160,154,172,150,141,121,131,141,136,146,160,135,113,130,145,152,156,148,155,153,144,163,152,153,151,146,138,169,158,139,158,145,164,147,138,151,145,141,137,155,139,161,150,172,145,152,148,151,139,157,140,149,142,141,149,154,141,158,144,158,144,143,150,137,168,134,141,128,145,146,156,146,142,149,144,151,153,156,150,136,144,178,141,155,142,160,138,166,144,150,140,138,146,139,134,148,163,145,148,149,144,153,144,147,145,141,152,156,150,165,161,149,145,145,148,144,150,155,135,171,144,145,151,154,133,138,140,158,145,147,154,147,143,183,156,142,129,148,154,166,162,150,158,155,149,154,143,134,142,163,137,162,161,152,155,146,151,157,163,157,175,160,166,149,117,155,153,150,156,147,162,143,136,171,149,154,146,141,147,140,129,153,162,154,152,141,146,132,152,149,150,158,148,130,153,133,150,156,142,156,158,148,153,145,157,156,162,150,159,140,161,146,134,157,145,160,148,124,155,134,155,150,144,139,150,159,153,144,160,144,152,143,178,157,144,151,139,131,157,143,133,150,162,137,139,159,154,163,153,167,159,153,143,158,139,156,141,147,156,151,162,148,149,168,145,153,164,139,160,151,156,149,164,135,144,137,144,142,146,145,149,167,119,157,162,151,151,152,151,136,156,146,155,152,150,163,130,153,155,146,145,139,158,140,178,142,151,161,156,162,143,142,161,154,126,162,141,164,133,148,140,149,145,158,152,152,145,151,147,153,157,145,151,150,136,153,152,146,152,155,163,145,161,146,165,135,169,159,132,148,143,157,176,164,142,139,131,159,161,157,156,149,152,118,150,149,159,171,157,139,154,162,148,173,162,149,169,151,146,139,153,154,156,162,140,147,163,140,153,141,127,149,143,145,160,152,161,173,149,149,149,130,152,158,148,158,149,161,152,145,123,141,148,164,143,146,151,141,154,149,137,163,135,157,165,147,158,158,156,156,166,156,158,154,149,137,169,128,138,152,155,147,158,151,158,150,165,152,163,131,146,152,168,162,119,141,142,140,157,138,139,147,141,160,146,162,148,145,149,162,153,152,150,144,148,170,154,161,143,144,137,156,153,140,146,140,151,158,169,150,134,147,154,170,155,148,145,153,134,141,145,140,149,141,155,153,153,154,132,153,159,156,140,161,162,167,157,161,146,140,156,148,158,150,145,141,155,139,145,161,160,154,148,152,154,151,140,148,141,174,165,133,144,149,134,139,146,144,155,137,158,163,139,160,156,152,156,156,141,162,157,157,151,153,142,162,155,148,141,141,144,140,151,162,147,166,152,146,155,150,147,131,141,160,166,150,154,149,150,147,153,169,157,155,134,149,154,149,165,151,147,149,134,133,155,149,152,137,154,144,131,137,155,149,152,152,155,170,148,160,152,164,158,146,142,135,131,155,152,153,146,163,143,154,135,139,148,163,156,145,132,154,166,157,159,141,144,152,146,163,167,153,158,151,144,149,151,154,143,155,141,141,150,155,152,161,138,170,153,134,163,156,157,160,152,145,149,143,152,170,161,144,152,141,159,159,151,167,156,147,156,174,138,151,156,146,150,146,147,157,144,156,127,165,139,147,141,130,143,157,153,146,164,161,141,146,144,149,150,133,157,151,163,155,155,140,144,151,162,145,144,161,146,156,157,125,127,167,145,162,153,154,140,146,159,154,167,147,144,146,158,154,135,147,141,149,149,151,158,147,161,144,153,145,148,145,153,143,156,148,154,141,150,157,138,157,156,144,148,158,172,144,158,159,161,154,157,153,168,176,151,139,144,141,149,141,158,153,143,151,135,128,142,152,148,158,160,138,163,142,150,133,144,151,165,158,144,138,154,160,141,136,158,154,152,163,143,147,142,164,140,154,163,135,150,151,139,152,152,139,154,141,157,152,142,140,140,130,155,158,139,135,137,160,153,152,163,149,141,153,152,131,123,138,143,136,154,168,160,153,149,174,164,160,144,147,146,155,137,127,141,177,146,153,148,145,138,137,149,155,130,158,158,149,159,154,140,177,136,154,141,168,127,153,142,152,151,143,151,150,136,161,144,178,146,123,153,161,152,133,151,153,161,166,140,145,153,145,154,133,137,131,158,151,145,140,141,151,137,151,161,138,172,153,158,140,165,162,139,163,150,171,149,154,142,136,164,148,141,172,133,154,151,129,146,143,154,134,160,153,149,144,139,157,156,178,138,149,162,137,149,145,133,171,170,142,151,152,157,154,150,160,166,151,146,130,150,140,148,160,163,153,148,154,144,159,138,155,135,152,151,154,146,145,152,134,152,161,148,150,130,160,172,141,144,157,150,160,155,165,151,158,159,161,151,150,140,160,143,147,141,163,150,166,140,152,148,136,144,170,146,146,158,151,158,153,162,165,168,150,143,149,133,147,151,146,153,137,143,163,142,133,154,161,167,147,144,132,155,134,136,161,153,143,142,136,151,145,154,146,151,156,134,152,153,150,146,143,154,148,153,155,160,152,139,158,161,153,156,141,129,138,139,158,138,154,153,147,166,133,145,143,141,155,146,164,163,139,163,145,144,140,155,154,143,152,146,168,156,152,136,146,144,152,162,135,128,148,164,149,135,157,154,154,149,130,151,161,153,152,163,152,144,145,138,147,142,142,145,153,146,146,143,168,159,143,148,154,139,151,155,149,148,130,139,150,149,150,137,149,163,129,152,155,164,124,141,138,167,155,160,139,160,153,159,143,156,154,145,135,167,163,154,140,150,143,161,151,140,159,161,142,140,159,141,125,152,153,163,141,166,154,146,146,156,153,152,138,161,158,148,156,142,163,164,143,154,157,154,164,154,147,161,142,151,166,148,138,159,168,153,137,146,166,153,157,157,143,146,159,147,129,155,130,143,160,134,143,153,156,155,149,133,149,149,148,157,152,144,156,149,165,164,151,134,154,160,157,128,123,165,169,160,160,183,138,159,147,153,145,132,170,160,152,141,152,150,141,154,168,136,160,157,150,157,158,126,152,139,148,145,150,157,139,129,150,157,132,156,150,148,155,146,141,156,142,154,131,148,155,143,156,137,148,156,120,156,155,145,171,149,158,160,137,156,157,156,142,148,146,153,142,149,147,155,146,153,157,150,157,165,144,163,167,146,152,138,167,145,152,146,142,150,127,155,168,144,136,153,144,162,142,155,149,134,146,147,132,155,142,142,152,156,165,129,152,140,151,137,144,141,150,149,156,145,167,132,147,152,140,136,145,168,139,144,143,143,160,149,153,131,133,143,130,161,138,129,156,156,143,158,144,166,161,148,145,160,141,160,149,141,158,146,153,159,146,160,151,146,131,157,145,132,135,150,149,145,133,136,154,143,151,134,172,143,148,159,149,152,139,159,146,180,165,141,146,150,175,142,159,160,148,134,136,149,168,145,155,155,145,162,145,159,135,143,152,143,150,143,138,132,157,164,169,153,154,143,148,143,146,157,145,167,142,154,143,169,154,125,154,160,157,135,154,151,155,142,172,147,140,162,146,153,153,142,150,144,140,153,148,159,155,152,149,149,145,148,139,163,145,145,155,175,149,146,161,147,144,132,138,146,148,135,158,154,146,145,164,147,166,149,165,154,153,157,168,162,150,151,142,172,134,153,128,158,137,160,149,156,136,145,158,150,160,149,148,146,167,155,142,142,139,149,149,155,160,149,154,152,141,160,145,165,141,134,142,120,151,178,160,129,161,180,148,150,146,159,136,153,153,150,156,154,148,139,141,138,133,136,174,145,149,145,151,147,151,154,163,153,155,154,136,136,162,145,156,161,150,152,133,145,148,127,156,135,156,158,147,145,142,145,154,150,158,129,162,139,148,148,148,167,146,154,150,134,148,150,142,143,137,174,144,161,123,142,149,155,168,143,137,134,162,162,147,153,154,149,163,139,154,144,149,149,143,142,158,146,149,149,144,164,141,135,167,161,146,159,128,161,135,153,150,135,145,157,134,164,140,158,154,157,149,124,140,133,153,156,166,132,144,136,144,159,130,135,147,135,162,131,133,136,146,153,137,142,162,130,159,154,141,161,157,160,141,166,155,156,149,148,152,147,136,143,145,145,151,147,139,155,138,154,167,141,144,157,148,141,170,143,143,134,134,156,164,140,150,129,151,151,154,142,152,146,143,146,147,155,147,137,140,150,154,157,143,150,156,166,175,148,158,142,156,156,156,154,126,164,137,139,132,167,143,142,161,136,168,144,140,137,166,165,146,130,147,163,137,147,138,154,155,150,146,167,130,158,180,133,155,144,145,139,138,150,146,169,158,168,154,151,139,148,145,139,161,152,137,159,142,163,142,144,156,142,134,150,152,139,149,155,139,150,164,151,146,143,143,158,130,151,147,163,151,160,148,156,159,166,135,175,152,142,137,155,170,159,137,143,148,165,160,143,153,135,152,139,141,156,147,135,135,164,137,131,162,149,149,143,148,145,148,153,157,171,138,149,145,122,158,165,174,143,141,147,157,144,149,144,144,153,157,171,131,157,154,166,153,138,138,155,149,161,132,141,156,161,148,145,159,144,166,167,146,159,163,156,153,153,149,166,138,142,163,143,155,133,147,145,149,154,140,141,157,144,150,164,158,135,150,160,142,172,147,142,151,128,137,168,152,147,152,142,142,177,141,143,133,140,152,141,183,129,141,156,154,143,137,159,156,146,132,131,148,158,139,158,154,163,155,161,161,164,126,142,149,140,169,164,151,156,141,137,144,114,153,156,148,162,140,155,150,150,161,160,163,138,165,143,145,160,134,168,150,148,147,144,154,147,157,141,138,163,121,156,145,153,171,160,146,155,149,141,137,164,164,162,149,156,163,154,138,146,154,162,151,143,137,136,148,153,146,137,157,151,121,145,155,150,148,152,123,161,150,130,152,150,159,154,150,142,162,146,163,126,154,151,145,150,145,138,149,159,150,130,153,147,150,151,156,160,158,150,159,143,155,144,151,155,151,137,182,133,147,139,174,153,141,150,161,154,131,132,155,139,147,145,143,148,145,151,158,148,156,141,159,144,147,160,152,152,165,143,125,154,126,142,137,159,161,136,147,146,150,161,134,163,157,155,147,145,137,139,157,163,143,166,163,144,155,142,160,155,154,154,142,147,142,153,154,169,151,155,140,158,140,144,154,149,149,157,160,155,134,131,149,154,165,150,142,157,161,151,138,149,143,139,161,148,146,156,152,147,136,146,155,152,123,162,154,158,148,134,169,161,142,159,167,157,158,150,135,131,156,144,129,150,159,142,170,157,148,169,149,156,142,155,152,140,145,173,150,153,147,130,188,151,137,148,146,156,145,147,138,138,138,137,123,156,154,156,157,143,140,147,150,163,147,139,130,153,151,131,128,150,151,144,148,161,148,160,154,141,167,157,149,154,157,162,136,156,147,140,148,169,142,142,143,161,139,159,137,141,144,143,147,134,148,135,147,148,151,138,162,134,138,129,144,144,146,143,166,150,132,155,157,152,146,151,145,148,139,158,157,144,159,146,160,157,147,145,159,160,135,142,153,144,154,153,144,154,151,146,148,145,158,155,151,155,138,143,150,157,144,143,159,141,142,163,149,168,146,143,152,146,156,164,130,140,141,168,143,152,146,142,155,142,130,153,152,147,147,167,144,136,154,152,165,150,150,138,129,147,145,150,164,154,147,158,146,160,159,139,150,146,155,165,127,135,138,157,153,152,141,145,151,157,146,143,145,138,153,147,145,145,154,145,159,160,149,125,152,169,137,174,145,146,138,138,121,154,149,149,149,150,134,140,135,156,154,162,148,148,154,131,156,147,166,146,143,153,154,145,157,139,164,147,142,135,160,133,148,137,147,145,172,158,140,150,157,163,148,151,154,144,128,151,149,136,165,175,152,144,169,145,144,157,159,168,153,134,151,172,133,145,155,143,151,146,146,138,147,152,135,140,146,166,146,177,147,144,146,174,144,152,145,154,157,141,145,155,146,145,157,164,131,150,162,143,147,140,151,146,148,143,146,154,146,138,147,137,144,145,149,143,152,160,157,153,147,163,146,149,149,160,156,153,133,152,166,160,149,154,143,139,166,135,157,150,143,159,147,130,138,161,132,158,155,157,151,146,159,136,129,143,161,138,137,146,137,143,155,146,168,142,161,145,141,158,150,139,153,153,148,156,154,147,140,151,136,144,149,158,142,154,167,163,151,137,149,158,164,136,167,141,140,156,145,145,145,153,150,147,130,165,165,141,143,150,164,155,142,161,129,164,149,150,154,163,148,162,164,129,152,152,162,154,155,161,142,160,148,147,145,163,162,133,152,147,153,148,155,153,151,183,143,120,150,148,152,171,127,171,159,149,131,165,155,141,154,145,131,131,147,146,151,154,141,158,161,164,148,158,162,135,148,155,159,158,143,149,146,150,147,157,158,162,145,138,151,160,138,155,160,141,137,140,128,131,165,150,149,138,161,146,144,150,173,152,142,146,164,141,152,159,147,154,154,134,150,158,158,157,147,147,149,143,140,145,147,140,136,152,148,162,162,156,168,150,156,158,174,156,141,140,158,154,136,159,151,143,161,148,150,170,137,160,136,143,159,145,158,145,152,145,154,156,150,151,140,130,161,170,167,163,151,142,146,135,163,159,153,155,156,166,149,161,145,152,157,143,158,148,145,153,140,163,152,146,152,134,143,148,157,157,148,148,153,150,152,172,154,163,146,157,154,165,153,154,142,154,142,158,157,163,143,149,136,148,157,154,154,148,147,144,138,159,144,138,145,164,154,161,151,142,145,144,157,162,163,135,145,157,158,174,150,154,149,160,161,155,146,138,163,151,136,149,134,136,139,125,164,151,130,151,140,154,154,153,139,158,155,146,158,158,141,173,139,175,152,152,150,138,163,159,150,157,154,135,148,166,168,154,143,141,155,153,140,142,158,151,165,141,163,136,152,148,141,163,155,142,161,158,147,147,141,143,139,140,154,136,155,164,161,144,171,155,149,153,155,155,157,167,153,155,147,146,145,158,152,161,156,162,146,146,154,164,153,166,154,146,145,159,150,165,148,143,137,151,157,144,140,134,154,158,153,142,161,137,157,149,139,156,128,147,155,147,145,141,157,152,140,144,168,144,158,134,143,138,145,145,128,154,155,166,159,142,168,147,167,148,150,139,154,138,156,148,145,166,136,148,156,179,144,147,151,146,158,131,165,159,149,147,128,154,140,132,148,147,141,147,147,159,153,164,160,148,146,167,147,138,148,126,145,158,152,151,166,157,152,165,150,142,161,143,156,147,143,144,148,132,162,165,143,132,129,144,157,169,146,152,130,166,155,149,138,146,152,160,156,136,160,144,147,147,146,149,156,140,161,157,140,158,125,145,150,150,133,137,137,141,155,155,137,140,157,143,153,131,152,150,147,138,147,169,138,151,163,135,154,160,145,144,150,156,166,153,144,144,152,157,170,166,153,153,161,155,151,141,153,142,139,149,177,134,151,137,151,157,157,151,150,153,161,141,142,154,160,140,151,133,144,153,153,140,139,133,154,153,177,142,153,140,148,142,139,134,179,150,143,140,139,141,162,128,160,151,144,170,133,156,155,151,167,151,150,154,147,136,158,148,156,149,167,173,143,140,140,155,157,145,146,134,165,138,160,145,149,159,167,142,163,155,133,137,126,163,152,142,146,149,155,144,135,150,153,148,156,143,159,143,150,153,155,155,160,160,158,157,142,154,160,150,166,145,125,145,159,169,141,155,137,156,162,138,141,152,154,140,162,164,142,161,167,157,160,162,143,160,154,146,142,149,128,136,150,138,158,147,144,149,152,136,160,153,149,150,137,162,145,143,139,154,158,149,138,151,153,142,154,151,164,152,152,159,149,148,167,160,156,157,161,139,153,140,159,149,139,157,153,162,152,162,156,142,152,142,164,143,142,155,146,154,152,146,153,150,150,159,129,166,142,145,140,160,172,156,131,147,160,159,159,134,145,162,151,164,151,153,170,139,150,150,155,142,177,160,147,170,155,148,158,158,160,177,168,147,149,152,155,152,147,151,171,163,166,154,146,141,153,154,135,153,153,154,139,129,149,146,139,153,160,130,149,151,157,150,144,176,145,150,149,143,139,141,134,132,152,146,146,153,150,145,143,157,154,153,148,155,150,145,159,148,147,155,156,143,141,141,143,158,158,167,151,153,160,132,145,136,138,152,140,171,145,156,136,145,153,140,149,156,138,157,167,155,158,149,142,137,162,154,160,148,155,148,150,145,151,142,138,150,150,144,151,140,162,162,154,154,170,157,150,155,155,170,138,154,129,149,127,145,177,159,171,160,146,136,155,148,136,159,152,136,153,147,164,156,175,165,139,148,153,148,159,134,138,153,150,150,140,149,144,154,153,128,155,154,169,147,127,156,156,157,159,151,136,145,141,165,140,164,137,145,144,156,158,145,148,156,163,147,158,140,153,163,154,153,156,149,141,175,173,150,151,138,133,152,156,158,153,147,156,142,136,146,151,137,160,158,152,170,160,161,146,145,131,165,162,143,152,159,139,145,151,152,158,153,147,139,146,144,156,142,140,147,164,161,148,134,144,168,134,174,139,149,129,145,133,166,141,162,142,140,152,155,151,135,154,142,127,127,159,144,134,158,140,140,154,136,129,172,140,149,157,159,164,143,151,160,146,163,161,152,154,156,165,137,175,145,158,148,138,154,166,150,139,155,156,168,161,147,143,132,150,168,143,154,152,140,150,145,147,144,153,150,161,145,154,165,134,177,151,151,127,162,130,142,137,144,135,159,152,159,165,159,146,141,143,151,161,154,149,152,144,163,143,151,142,145,156,139,153,129,147,157,131,168,148,140,168,152,140,150,140,167,167,147,151,149,161,163,134,158,153,143,150,167,142,159,170,156,153,174,143,133,151,148,138,142,146,146,150,167,149,147,147,158,137,156,152,158,130,151,142,144,153,136,141,135,134,156,138,136,145,130,142,164,149,151,143,164,141,148,171,148,132,149,141,154,155,158,158,145,144,147,143,140,147,150,156,158,146,164,139,153,153,148,136,153,152,144,142,139,147,137,155,146,159,154,143,161,175,141,144,140,150,162,145,141,155,143,152,143,155,147,155,147,154,164,129,160,141,147,140,143,154,138,145,130,154,156,148,152,177,160,165,146,159,164,139,145,156,153,149,129,143,151,144,152,148,146,140,169,153,181,160,168,139,159,153,157,144,155,149,128,159,159,157,155,149,132,156,135,134,152,138,150,175,138,164,158,165,161,146,155,155,151,150,165,145,167,134,165,150,147,138,138,157,148,152,148,128,158,141,134,140,152,143,155,136,153,153,165,145,163,140,161,140,159,162,160,159,171,126,136,151,139,165,145,150,155,153,156,150,148,144,153,145,140,152,147,147,156,159,145,154,150,136,144,155,150,153,153,131,130,176,175,150,137,150,162,123,139,158,156,166,150,149,145,142,150,143,161,137,147,147,135,144,139,138,147,148,140,162,162,157,140,146,164,163,159,156,147,151,160,164,154,145,144,140,153,148,131,140,155,150,168,155,168,166,158,143,148,154,158,142,131,135,147,158,168,138,156,163,155,150,140,133,146,148,153,158,150,126,170,136,147,132,154,139,139,150,150,139,141,142,177,152,147,131,151,151,152,159,143,145,129,155,139,149,158,148,123,141,145,164,148,133,147,155,161,148,146,161,165,149,168,136,144,140,139,144,144,172,134,156,156,156,150,149,145,144,138,143,166,157,161,142,155,148,141,158,148,159,166,139,146,138,163,170,158,132,139,162,149,160,144,174,154,153,158,137,151,141,143,140,152,157,145,154,151,139,163,145,139,148,145,151,146,155,160,153,147,152,153,149,137,154,134,147,151,153,127,147,147,136,147,150,140,142,168,148,144,158,148,152,150,145,164,152,163,153,139,156,151,149,153,143,142,156,172,163,155,151,153,155,142,139,145,152,145,162,149,147,140,157,153,149,160,157,145,151,146,135,139,168,152,145,157,153,135,142,144,149,146,149,148,156,159,145,141,135,150,164,145,168,139,160,143,145,148,128,118,134,164,154,169,166,142,144,152,140,155,135,162,151,151,163,150,154,160,157,161,166,149,141,130,135,157,137,138,167,148,154,141,150,150,164,158,151,163,128,127,146,166,145,161,140,149,150,157,145,143,141,132,138,141,162,142,157,155,159,148,157,127,158,148,166,157,165,132,143,152,139,146,162,146,152,154,123,136,150,158,144,146,142,160,157,160,158,161,128,172,148,150,120,141,131,144,150,143,140,155,141,158,138,158,168,163,150,153,153,144,145,137,153,131,161,151,136,176,150,133,139,156,146,148,148,141,171,151,132,150,140,147,148,152,160,152,176,129,130,156,157,128,163,148,164,137,143,136,165,171,142,184,150,153,148,154,154,151,154,144,137,154,119,153,151,144,137,146,150,153,169,151,142,150,156,139,160,164,145,143,161,158,141,140,141,165,142,151,147,144,135,144,146,143,153,137,128,166,143,150,138,158,157,148,143,167,151,146,135,138,165,149,150,144,136,147,154,134,147,153,148,169,150,144,139,140,165,156,153,156,146,139,146,160,145,149,150,163,164,143,158,127,132,164,152,141,158,141,147,137,155,141,161,144,149,135,135,161,142,155,125,136,137,138,156,155,144,157,165,159,144,146,163,150,164,144,162,147,164,137,151,150,142,145,154,138,157,149,143,151,142,145,131,148,145,149,146,151,158,163,160,139,162,159,161,120,149,144,155,177,154,159,150,155,145,154,159,155,138,159,158,141,168,151,144,163,154,166,150,148,139,149,148,156,145,149,148,160,140,147,166,158,163,165,155,156,142,137,165,133,156,141,155,128,137,174,160,169,144,146,149,145,151,153,154,160,149,145,146,146,148,153,150,154,165,159,151,154,151,138,157,153,151,157,150,155,151,144,142,145,158,144,149,121,151,157,139,145,142,146,156,139,147,136,139,168,140,149,150,124,150,134,147,159,164,129,135,162,150,139,156,132,158,173,146,142,147,142,148,147,161,152,157,144,128,144,158,158,146,132,173,149,159,140,161,134,174,166,141,158,147,138,164,140,144,166,147,126,145,127,157,133,160,154,165,153,144,139,144,150,161,146,153,152,161,149,137,160,147,126,157,135,143,154,162,147,148,168,147,154,146,163,147,157,148,135,157,148,140,147,151,154,148,150,141,154,146,154,146,157,145,145,166,155,117,153,148,149,150,149,147,143,170,144,148,156,157,145,145,155,168,152,140,152,149,152,150,143,140,143,167,155,136,167,132,151,139,160,158,150,139,158,159,157,161,135,149,148,138,143,152,160,143,159,162,150,133,128,163,152,162,136,167,147,151,151,149,141,156,140,150,172,156,149,141,130,151,150,143,143,144,170,161,180,155,153,135,138,149,136,143,164,129,134,152,147,131,138,166,137,152,157,147,163,148,150,150,141,154,141,151,144,153,158,147,150,151,153,162,150,156,145,147,160,124,160,154,133,158,162,156,145,156,151,133,146,148,137,183,140,144,146,146,158,153,158,138,150,146,137,134,150,162,134,135,157,164,165,161,148,170,141,139,162,147,134,161,141,139,141,150,165,164,137,157,144,133,152,160,147,145,149,166,161,129,167,150,150,155,146,156,137,178,126,160,159,174,156,150,148,141,153,134,160,157,146,146,142,164,159,152,112,149,166,154,149,146,160,137,144,163,161,154,156,138,154,168,141,137,151,140,140,158,156,155,168,150,140,168,164,146,152,160,154,148,147,143,147,147,154,154,166,138,156,145,157,132,151,156,152,151,147,155,166,138,153,134,146,162,151,126,162,151,144,165,152,143,141,161,132,147,131,143,152,152,165,147,170,154,133,159,157,185,149,140,154,148,171,143,164,138,148,160,153,160,151,150,143,158,137,143,170,148,144,134,165,161,157,148,143,158,146,151,141,143,142,150,164,144,148,159,135,161,165,143,138,149,142,145,131,162,148,150,138,136,148,156,174,135,157,145,163,154,141,143,142,144,146,135,154,146,135,139,146,145,154,147,145,156,146,159,156,146,154,149,136,141,158,155,143,161,163,151,141,156,148,158,141,143,146,169,175,147,149,159,166,162,136,162,140,167,162,140,140,152,158,174,146,145,141,163,128,162,139,149,143,158,149,182,158,157,139,143,155,129,149,166,158,159,144,154,153,146,158,162,162,170,151,147,174,141,131,145,152,161,129,159,158,159,145,158,166,157,142,152,144,160,161,158,157,144,160,145,146,164,142,142,146,133,142,148,157,146,163,155,148,140,143,163,148,155,153,157,136,157,154,154,144,147,161,148,144,148,141,155,158,155,152,153,149,143,153,163,143,140,152,160,164,148,153,157,133,157,148,158,144,149,135,141,144,157,154,146,150,156,157,148,154,159,172,150,157,158,142,146,146,162,151,149,143,144,135,159,143,155,166,158,154,138,163,162,153,156,152,171,145,152,151,152,154,133,153,156,144,149,147,163,161,155,149,137,147,149,154,163,147,141,153,151,133,132,147,143,136,146,147,143,143,157,144,158,141,134,149,152,172,145,139,151,137,152,141,157,140,153,157,162,139,159,136,145,155,150,160,147,149,144,139,145,159,155,155,142,148,157,140,170,166,153,152,146,161,134,139,138,153,146,160,154,154,153,144,155,154,144,144,175,155,148,129,142,138,149,166,138,144,139,156,144,149,142,170,159,146,147,169,142,150,169,150,146,140,152,148,146,159,132,137,153,143,150,130,157,149,142,137,131,168,141,144,155,144,164,146,160,148,143,147,146,140,144,159,149,136,138,139,140,163,155,149,152,143,152,177,132,151,140,149,135,140,124,158,150,139,150,148,156,149,148,138,141,141,137,162,149,159,161,153,151,147,158,150,136,139,139,142,147,155,150,125,146,149,174,137,170,161,147,149,145,154,146,155,141,151,155,162,159,147,143,162,158,153,150,151,157,142,147,158,153,140,145,140,152,151,156,147,142,139,146,142,131,173,139,160,148,144,151,161,163,119,146,145,156,153,149,145,154,158,131,142,149,137,142,167,161,153,147,160,137,157,144,158,147,139,146,157,143,160,157,165,149,159,164,136,148,137,155,155,129,144,133,165,151,143,146,148,140,142,143,148,162,153,151,141,137,143,148,133,161,136,159,176,146,146,158,138,142,155,157,135,140,158,155,150,169,144,147,146,153,164,147,150,151,155,132,142,147,148,140,157,154,153,134,160,139,160,142,150,144,144,155,157,169,152,155,139,158,158,142,162,147,145,154,144,162,149,163,122,136,144,131,147,160,146,152,160,159,138,149,146,138,146,155,151,129,139,159,154,141,141,140,146,139,146,167,154,160,142,139,126,156,158,146,149,152,141,142,132,148,158,167,138,154,172,148,158,152,157,152,162,160,160,151,143,165,163,145,141,152,162,153,159,132,135,146,151,176,166,158,144,160,149,142,155,158,149,171,160,150,145,159,141,145,161,137,163,137,146,171,168,146,145,157,150,157,157,160,150,158,138,157,147,153,154,162
145,155,166,152,145,154,139,142,144,171,158,160,132,131,143,148,162,149,150,160,157,151,168,162,139,144,149,154,160,146,138,151,151,156,160,157,153,153,152,155,156,139,157,147,139,145,151,165,156,146,155,143,149,152,135,140,152,162,150,121,156,162,138,144,156,151,143,152,147,156,151,151,150,167,169,156,147,132,163,143,156,152,181,153,167,153,151,153,139,155,138,147,161,154,150,156,137,151,139,142,172,148,141,148,141,158,155,144,146,122,145,168,155,178,163,132,137,138,158,161,145,155,150,146,142,141,148,139,150,169,138,153,136,151,153,161,160,147,139,148,165,135,147,163,157,158,163,144,164,136,154,144,157,155,154,137,157,127,149,158,127,144,158,173,142,134,163,147,152,165,152,146,158,167,153,151,156,150,136,132,140,135,136,147,155,155,147,131,163,158,149,149,165,149,156,139,145,179,149,143,161,138,149,143,138,150,165,150,150,157,153,164,146,155,151,155,140,150,137,166,131,163,154,156,142,157,171,137,145,158,147,172,162,158,148,146,173,146,147,138,159,135,148,163,147,133,130,153,133,153,141,136,158,142,153,146,148,153,158,151,146,142,161,155,149,150,119,143,153,148,169,146,169,153,134,147,158,150,147,169,151,154,142,164,149,147,162,139,145,152,147,139,150,156,149,145,136,159,139,146,152,136,137,172,164,144,139,159,142,159,153,156,145,170,138,136,140,145,156,159,148,154,152,163,135,144,120,153,127,166,157,136,154,157,171,159,128,160,166,145,157,165,125,131,149,149,134,158,144,140,153,152,147,134,155,141,146,150,168,148,157,144,146,144,142,148,140,159,163,157,144,148,157,127,141,150,137,148,156,137,156,144,152,150,161,143,142,145,158,172,136,151,155,147,160,131,142,154,141,151,172,150,140,165,151,154,136,152,136,151,167,164,151,153,149,161,164,157,153,163,148,166,139,136,159,168,152,154,151,144,171,169,139,160,152,164,139,144,162,148,171,149,130,149,137,138,124,149,138,154,148,146,160,155,131,142,144,145,141,154,136,143,150,163,125,149,144,161,144,159,130,146,146,120,153,136,153,156,147,147,167,147,160,156,148,176,144,156,159,150,128,162,141,156,133,145,150,153,169,138,150,149,150,163,150,131,157,145,126,154,139,149,157,137,153,150,141,142,135,140,153,140,164,134,145,168,144,145,154,162,152,135,138,154,140,158,169,148,154,153,137,131,148,143,160,153,155,156,156,142,147,148,137,141,135,156,155,144,148,158,164,153,135,144,166,151,138,144,162,158,157,143,141,142,140,155,163,142,142,146,142,155,159,145,155,136,145,156,155,159,156,158,140,155,147,152,134,154,163,163,153,150,167,140,154,164,166,142,145,162,160,157,160,127,143,148,176,143,169,162,145,152,152,143,136,171,140,165,164,139,153,152,118,140,172,133,151,152,170,151,132,137,153,128,151,151,146,140,159,154,163,159,147,139,148,138,140,150,141,124,156,149,140,132,149,154,150,162,156,133,156,154,152,138,141,144,163,148,159,172,153,141,161,155,170,141,138,161,143,143,155,139,137,143,152,149,146,128,164,155,140,135,142,150,151,154,159,160,147,140,149,148,161,154,169,162,168,159,165,165,137,161,175,137,139,166,164,149,134,167,136,148,143,153,163,147,141,149,147,161,148,142,147,139,165,168,133,156,155,148,148,152,168,131,157,143,140,133,146,157,154,146,157,154,167,158,161,146,130,142,155,132,151,147,142,142,149,160,160,154,128,150,165,147,142,153,144,143,150,155,132,151,154,146,158,136,145,150,148,134,150,171,152,146,153,151,166,152,143,137,150,136,175,149,149,133,157,151,153,157,143,161,150,129,140,144,149,155,150,140,164,150,158,155,142,160,147,152,156,158,173,148,148,165,149,147,145,150,142,152,139,157,156,149,145,156,146,148,146,146,166,138,159,163,136,140,145,147,145,146,153,150,156,157,155,143,137,154,134,155,154,153,144,147,153,156,151,156,134,159,152,160,161,146,160,160,151,142,149,156,144,146,136,127,140,134,178,131,149,156,163,160,149,152,152,141,133,153,164,148,147,137,158,146,160,163,141,163,137,157,159,152,152,160,145,152,145,151,157,169,150,156,141,142,157,154,168,139,148,146,151,146,149,141,145,150,138,165,145,156,157,141,164,144,148,145,142,145,147,144,155,160,149,149,160,155,174,156,161,144,142,143,147,144,169,137,144,150,140,164,145,133,144,171,162,140,149,126,146,163,142,149,148,153,158,140,145,128,139,174,152,142,130,162,147,147,131,140,139,168,172,156,148,159,154,142,146,139,159,185,164,163,141,160,177,156,145,137,157,167,131,141,151,131,144,139,165,154,150,149,157,159,147,150,138,154,148,166,151,139,144,156,174,154,145,161,147,127,138,132,164,149,169,143,157,133,137,152,143,142,157,139,154,146,152,155,148,167,151,143,153,160,137,149,148,137,146,147,154,157,175,134,159,135,149,153,163,161,170,136,163,151,167,148,150,156,135,137,161,158,163,147,153,160,153,153,155,138,146,143,154,137,156,142,148,155,147,161,139,152,146,156,146,139,151,152,148,142,159,141,155,145,149,161,146,151,146,165,124,157,129,131,159,158,162,136,142,154,128,139,142,156,143,148,176,167,137,151,145,171,150,154,155,146,147,163,162,141,131,158,154,154,158,172,154,154,136,140,150,162,167,162,136,151,154,154,153,150,163,179,142,150,158,140,150,137,150,173,135,170,139,158,156,147,149,144,149,142,157,151,152,147,158,155,128,138,150,151,160,153,151,152,146,148,137,130,138,134,153,121,154,150,152,140,143,156,161,152,160,154,152,147,135,142,148,152,142,137,148,151,158,138,147,154,139,144,148,159,157,141,152,159,165,146,163,134,152,157,154,163,153,149,149,162,142,139,126,144,130,150,151,145,161,140,140,138,157,158,141,159,135,152,140,166,145,137,150,146,157,164,155,157,143,148,162,156,146,139,153,140,165,162,143,144,145,136,159,130,152,151,151,142,167,154,123,147,154,162,147,136,155,152,134,158,138,138,135,138,142,147,144,152,152,143,147,145,164,132,156,152,141,163,140,163,150,150,148,141,144,151,147,142,142,141,140,151,179,153,130,148,147,146,143,148,164,143,145,155,153,143,151,147,134,142,166,142,155,133,160,168,153,141,153,155,148,143,136,144,134,133,152,153,156,143,123,142,148,158,150,162,153,151,153,154,154,136,164,151,162,146,153,149,152,144,161,158,155,153,137,149,142,163,143,149,129,133,142,152,151,155,149,155,150,136,143,169,153,155,144,154,144,147,161,166,160,149,172,155,146,152,155,167,160,162,160,169,160,148,141,165,155,129,152,164,175,144,142,151,160,144,140,154,140,156,136,156,140,155,167,141,153,171,156,136,154,158,144,134,155,172,166,143,147,133,144,154,157,155,126,162,149,138,144,154,169,142,147,157,144,152,152,166,140,159,154,151,142,163,152,142,163,132,144,142,138,153,167,155,148,153,137,139,116,187,147,134,154,144,148,157,148,138,165,152,153,146,134,157,150,128,146,131,156,174,153,155,126,156,143,153,149,135,151,148,138,150,142,162,152,152,148,132,142,136,163,139,149,156,152,165,178,147,154,146,146,149,141,139,149,154,149,152,151,146,141,164,153,149,148,139,154,139,131,145,163,148,147,127,151,133,143,126,154,150,156,156,133,125,139,160,153,147,147,148,151,136,153,146,145,153,168,140,158,149,142,143,162,151,136,155,159,158,148,150,138,154,171,165,136,151,151,155,148,159,152,158,157,149,120,131,158,150,148,131,142,163,158,130,162,130,141,151,166,162,160,146,131,160,158,149,145,149,146,136,143,147,165,152,153,149,136,147,136,150,152,150,151,158,152,153,149,137,138,144,166,149,141,154,134,155,145,155,163,150,150,143,155,146,163,142,165,142,171,145,137,162,133,148,139,158,144,121,149,166,154,151,152,152,161,154,152,150,147,168,145,147,144,136,144,155,148,139,161,162,136,157,153,152,154,151,152,162,167,155,149,151,135,136,156,147,125,135,149,142,158,152,135,160,150,154,137,161,148,143,148,142,151,150,160,159,144,149,153,135,148,148,148,163,142,148,147,164,140,148,155,155,130,152,167,130,145,143,159,148,155,149,157,163,161,132,149,145,159,153,153,148,156,147,135,164,153,160,151,148,157,166,136,138,143,157,147,169,162,167,135,136,160,149,150,140,140,144,131,142,145,164,145,153,150,151,146,139,143,141,145,155,149,138,160,142,162,157,144,170,152,129,167,151,157,154,144,153,143,164,141,151,114,153,148,157,153,142,168,134,159,167,139,141,152,141,165,139,158,164,132,149,157,168,145,150,149,154,144,155,148,134,156,149,153,147,142,139,151,157,142,144,153,148,146,156,152,140,157,144,162,140,151,156,168,143,147,162,150,149,153,135,152,147,139,137,147,143,133,144,165,141,155,138,155,151,157,134,173,151,146,136,150,148,156,159,152,148,139,144,151,147,132,166,145,149,143,144,146,146,152,138,148,156,140,135,142,145,159,165,146,128,141,159,135,140,156,157,154,162,146,143,145,150,146,160,147,158,159,126,163,165,144,138,157,153,164,165,148,149,137,143,154,167,143,138,147,161,133,164,162,128,165,151,139,151,152,153,157,135,141,142,134,138,150,145,146,150,159,154,146,150,157,165,152,161,174,133,145,144,144,133,155,159,139,158,164,154,150,149,151,146,129,148,143,137,159,146,158,145,148,139,156,163,161,158,139,134,132,143,150,134,167,149,149,145,151,158,173,153,141,147,145,159,154,135,158,154,156,169,158,145,136,145,152,140,142,156,156,144,146,159,147,141,148,162,138,134,149,167,157,139,138,152,144,139,148,163,152,149,143,151,164,142,148,167,161,156,161,144,129,138,147,156,148,159,144,154,163,161,150,144,137,147,147,140,155,153,128,172,154,151,153,142,152,136,141,153,145,152,143,151,155,151,145,155,148,139,146,152,154,144,163,186,134,166,151,142,170,150,164,162,137,159,144,169,158,141,166,143,138,142,154,157,139,151,151,129,143,164,147,149,146,141,160,143,151,167,137,163,141,150,167,165,143,138,153,148,159,146,160,141,149,145,170,145,162,163,153,156,150,167,163,139,158,145,160,161,169,158,146,163,148,148,159,166,150,133,131,143,149,145,138,154,151,154,144,158,151,161,148,144,160,150,135,150,140,150,131,136,144,137,137,145,140,150,142,164,132,155,152,134,139,149,156,158,149,145,166,148,141,169,161,159,142,165,152,171,139,151,148,155,133,149,160,154,154,159,158,125,165,153,140,149,152,163,166,129,169,156,146,148,159,146,138,167,162,151,148,148,147,148,141,151,148,153,147,156,151,138,148,157,149,157,144,145,147,140,147,135,153,159,151,157,157,138,155,151,150,145,150,136,153,133,154,134,144,162,147,159,135,129,157,157,148,166,144,146,165,129,160,140,154,151,134,149,136,141,139,143,128,143,154,150,166,159,152,154,139,152,160,143,146,139,156,156,152,147,163,165,135,144,158,151,156,147,146,163,152,161,134,157,149,141,158,140,149,172,154,121,159,151,158,164,159,155,144,143,163,140,142,151,154,161,160,136,154,155,144,164,145,154,142,146,145,158,155,138,146,141,145,142,140,159,158,137,147,142,152,168,140,149,152,149,175,162,161,154,150,153,152,159,147,157,152,165,156,146,150,142,146,133,169,157,143,161,165,158,149,151,144,151,157,143,136,156,146,173,157,164,157,155,149,152,149,156,139,156,145,153,165,137,156,165,145,128,152,148,141,145,139,141,162,173,168,162,138,133,153,152,149,132,144,143,156,143,147,147,158,147,138,154,137,146,137,135,140,143,148,168,136,158,165,148,155,149,170,135,149,134,147,153,170,132,156,141,141,151,141,150,158,154,143,149,131,155,144,151,144,149,141,166,155,137,140,162,150,146,170,146,158,153,159,143,161,155,154,163,148,147,148,128,166,134,161,149,173,162,146,147,138,142,138,145,145,155,153,131,140,167,139,150,151,148,158,132,156,154,150,159,150,154,151,143,146,145,146,139,140,140,157,148,132,137,152,137,154,149,150,133,149,146,153,146,143,151,159,148,157,144,167,158,152,166,136,150,142,166,149,132,155,145,133,148,163,167,167,139,142,149,146,158,154,158,134,156,154,148,137,144,141,130,130,153,145,153,165,150,147,159,162,164,145,137,158,158,157,148,167,159,163,158,161,135,144,151,132,147,175,165,153,142,146,155,150,153,151,149,150,149,143,160,141,161,147,145,147,149,147,151,154,145,133,154,143,145,161,155,168,135,124,149,148,153,158,161,158,152,148,136,132,145,132,151,152,146,171,148,156,156,184,141,156,144,164,154,160,149,156,135,154,144,144,160,155,129,145,136,138,150,148,141,160,144,157,155,127,142,147,136,134,159,144,169,140,160,157,165,149,145,162,138,151,144,155,164,167,173,157,153,157,138,161,154,139,139,160,141,164,150,153,143,157,153,154,162,153,149,149,147,142,141,126,154,157,164,143,154,175,159,159,156,128,146,113,159,129,149,158,137,149,146,130,155,135,138,156,142,167,171,134,146,138,133,145,146,140,156,163,147,147,153,148,174,134,168,147,164,155,141,141,157,163,139,149,158,134,150,173,158,138,139,146,137,135,145,157,156,141,141,128,150,137,152,164,149,155,131,148,151,147,159,150,132,140,163,153,141,163,159,150,161,150,150,146,147,150,147,154,143,154,154,154,145,144,148,146,162,151,147,161,139,142,152,151,140,140,136,138,144,124,146,148,145,140,134,136,167,163,141,149,173,151,142,149,160,148,132,164,166,132,137,154,153,165,146,141,142,163,155,156,153,163,142,144,168,147,152,145,159,139,135,157,151,140,137,144,154,152,154,157,157,156,140,154,161,159,158,148,137,136,168,153,148,143,131,146,150,139,135,135,150,139,160,147,143,142,136,147,155,168,143,148,136,119,148,155,137,133,135,155,137,141,137,157,166,152,143,154,140,134,152,149,153,138,155,174,135,150,150,161,141,159,154,173,154,156,149,143,169,145,154,149,152,140,145,149,141,163,152,142,163,137,157,151,148,156,141,154,146,158,151,156,140,144,156,150,145,168,152,160,162,153,136,155,153,149,136,147,150,155,131,157,140,155,166,150,138,145,141,143,151,151,166,140,146,143,154,150,155,163,139,138,151,161,136,141,147,151,135,144,150,151,146,151,151,151,155,136,152,148,144,173,152,153,160,162,158,147,172,161,144,171,173,157,157,162,135,160,143,150,135,161,123,145,162,147,167,157,145,152,142,165,154,155,161,139,141,169,159,163,164,157,172,155,165,138,174,152,138,137,134,146,131,140,146,160,145,131,147,137,156,144,148,129,151,169,143,175,134,149,169,157,154,142,141,143,155,159,156,157,156,138,141,155,153,155,143,141,149,135,157,152,158,157,146,150,166,153,149,147,161,137,147,152,145,157,159,143,142,159,135,140,143,144,148,142,141,146,149,145,146,166,153,154,133,160,173,154,163,138,158,134,136,149,154,148,130,135,148,150,146,140,142,156,156,145,150,156,160,140,156,153,152,143,146,142,146,152,141,150,141,163,160,131,154,138,145,156,148,145,157,162,143,174,148,160,161,141,157,149,154,140,134,170,154,156,162,158,161,151,133,145,141,158,147,146,154,155,150,152,150,143,157,144,152,137,128,133,160,165,140,145,140,143,151,154,142,160,150,149,157,147,134,164,168,161,147,156,142,160,136,149,152,147,139,156,153,134,165,127,137,157,144,141,141,168,150,166,133,159,142,124,147,154,147,164,128,160,138,139,143,145,156,153,132,158,154,141,139,136,147,144,146,148,160,175,159,158,155,156,149,147,157,128,128,151,150,158,157,145,137,173,156,156,131,140,135,140,159,145,161,146,149,148,142,155,147,146,169,144,148,155,152,129,169,152,165,143,141,158,135,154,144,167,140,159,134,138,147,156,143,162,135,153,171,137,157,143,164,156,166,156,161,150,159,138,143,172,143,134,151,154,166,155,132,147,145,148,136,144,156,150,157,141,154,161,152,135,143,138,146,148,152,142,145,142,134,151,162,157,160,151,150,139,160,150,154,140,153,176,142,130,142,143,135,146,145,127,159,143,146,142,161,152,149,145,163,143,141,156,149,157,147,144,143,148,143,162,139,143,153,152,151,149,133,149,131,169,138,141,135,166,131,140,141,155,153,149,141,170,143,129,148,149,164,151,137,154,171,147,173,142,173,140,156,145,155,143,141,160,141,148,148,145,158,142,158,139,136,135,152,144,158,146,144,146,153,148,159,137,157,158,150,160,163,159,145,154,154,159,156,156,149,141,154,149,143,157,146,139,147,163,163,157,132,145,159,146,137,129,162,143,159,146,161,162,141,148,144,172,136,141,147,172,153,161,142,140,158,138,161,153,154,138,135,142,138,141,151,143,160,136,165,163,145,147,150,160,143,150,151,151,149,138,158,150,149,141,155,161,151,165,155,167,169,154,148,157,142,165,151,129,158,168,142,151,141,141,153,156,138,137,131,134,144,152,141,170,155,160,152,143,154,148,161,156,141,145,174,159,144,142,155,158,132,148,166,154,154,144,144,156,156,135,159,155,138,163,177,146,143,170,152,127,134,142,139,146,144,160,138,152,143,158,133,152,140,164,154,158,159,153,150,137,139,169,159,159,134,153,148,164,151,155,149,162,160,153,155,155,141,145,159,140,168,142,146,151,150,135,143,164,132,148,154,148,152,162,143,147,164,170,161,160,149,142,149,156,149,156,146,149,152,147,162,130,136,158,139,148,149,149,149,146,150,159,157,121,143,146,146,149,138,164,173,146,157,150,158,166,156,163,161,145,167,146,157,162,135,154,151,160,147,136,154,157,152,151,170,159,138,149,139,150,130,145,145,137,163,167,136,132,170,161,136,156,164,150,148,146,144,173,151,150,141,165,133,148,170,148,150,140,139,164,152,149,161,150,164,149,151,148,141,129,174,148,167,141,141,150,153,156,154,134,127,138,155,140,132,151,170,154,166,151,156,169,135,144,132,156,141,143,148,142,148,165,140,149,165,149,168,151,164,147,148,144,153,139,137,150,142,160,146,156,153,148,176,161,141,149,137,156,155,138,146,148,148,140,160,152,175,144,174,150,137,151,160,141,145,160,137,152,152,146,153,147,140,151,153,154,149,157,148,141,153,139,141,168,145,145,147,161,169,157,143,153,150,142,140,140,148,145,159,163,139,148,161,160,157,137,155,144,140,157,142,142,149,145,175,139,154,138,151,157,159,143,148,150,142,140,138,138,158,134,155,162,141,139,138,143,147,145,129,158,154,166,147,147,149,165,150,158,166,148,140,141,138,146,155,169,159,157,173,158,157,159,128,142,145,141,139,145,160,133,153,141,147,156,138,148,149,154,162,140,142,154,164,146,151,145,156,157,162,167,146,142,144,148,149,155,163,166,154,156,174,134,161,156,141,166,138,149,147,167,133,165,145,158,147,139,150,159,130,151,152,171,149,152,148,133,145,158,149,171,134,156,136,147,152,141,159,144,147,143,167,145,155,162,163,157,153,130,150,168,156,157,173,152,145,162,134,139,156,158,151,164,134,141,160,134,153,145,139,151,153,158,152,127,154,143,142,146,148,148,136,140,145,146,151,139,166,157,146,161,145,152,160,158,151,151,145,147,153,153,155,157,152,154,149,155,164,146,145,153,145,172,141,152,143,133,131,155,148,147,133,166,168,157,150,144,127,141,156,152,162,139,136,148,142,160,129,152,154,138,164,158,149,139,153,168,165,143,133,140,138,149,121,161,151,140,164,137,154,157,144,144,153,163,147,136,151,140,140,143,150,155,140,160,157,147,154,138,159,156,138,135,159,145,148,156,146,138,163,152,144,136,136,157,151,144,151,148,153,177,149,153,125,144,153,129,137,147,152,171,151,144,172,159,142,124,144,159,159,169,148,147,166,155,168,153,157,149,157,151,156,153,167,157,171,141,149,165,151,158,159,148,127,143,161,153,150,153,155,155,153,143,147,156,129,156,146,146,147,135,152,159,157,146,162,137,143,138,153,135,144,132,132,143,143,161,146,153,168,144,135,164,141,137,139,143,145,156,161,148,124,164,155,145,147,148,170,157,154,166,131,149,137,157,165,160,147,161,145,162,149,154,144,145,152,136,128,138,157,137,137,139,154,146,142,143,157,143,163,166,140,144,137,151,145,145,156,148,165,143,143,145,159,138,147,150,151,137,144,141,164,130,138,137,144,153,161,156,138,147,137,160,165,131,140,145,167,152,144,157,140,147,146,146,140,146,147,143,154,138,135,159,158,159,150,141,160,160,150,150,163,153,148,139,155,120,152,151,154,143,138,142,158,132,140,164,151,149,156,143,125,167,136,149,154,139,159,152,158,149,159,155,157,154,153,173,130,153,157,158,140,164,153,136,139,161,153,146,156,158,157,148,149,165,163,158,141,148,164,152,151,141,146,153,141,163,129,156,172,147,163,144,143,150,149,147,163,151,149,151,155,153,155,155,146,147,168,154,156,142,158,140,161,176,152,156,145,137,143,139,143,129,158,184,135,144,153,143,152,158,158,156,159,141,152,154,152,163,151,141,143,161,147,148,152,158,134,145,158,149,155,142,156,166,154,135,163,157,171,144,151,156,155,148,151,166,168,146,149,155,142,157,161,146,149,134,153,146,137,165,151,169,154,176,161,147,154,145,146,162,156,139,140,142,165,158,149,134,171,163,134,140,146,152,156,158,165,133,140,159,161,160,144,136,152,147,145,135,150,159,129,140,155,153,143,156,144,142,137,146,150,141,155,151,139,147,145,159,157,144,144,140,132,142,158,159,148,157,149,167,150,151,142,134,150,136,160,141,155,142,140,144,164,148,138,128,128,157,151,143,160,141,147,155,163,137,137,152,156,158,148,138,166,152,156,171,134,137,148,140,148,151,155,162,164,147,157,156,151,153,147,145,122,132,137,141,153,146,164,157,148,143,156,150,137,152,157,137,126,168,161,139,151,149,149,142,140,134,143,139,152,154,145,147,137,155,155,159,150,161,154,159,156,160,160,164,152,140,148,152,168,141,146,137,148,164,167,150,161,166,182,151,153,170,148,150,148,151,158,150,148,150,140,154,166,150,159,158,168,156,151,136,138,149,134,147,152,155,155,167,137,135,151,154,132,149,149,151,152,168,143,146,143,153,143,156,153,141,142,151,142,161,149,159,136,139,144,145,146,138,146,160,141,149,137,161,161,157,134,164,133,152,147,133,141,160,146,156,146,120,161,138,154,147,159,140,152,137,152,134,154,161,147,155,144,142,171,150,161,129,157,139,152,151,158,162,150,169,153,148,145,170,143,157,142,139,155,135,155,151,128,155,149,137,162,154,130,150,145,138,163,147,141,131,160,141,157,146,143,147,127,145,143,147,156,160,150,144,158,137,146,131,156,133,159,159,130,142,128,150,148,146,159,151,142,155,149,162,165,160,129,133,165,126,162,158,141,137,160,124,148,139,137,145,151,146,142,150,139,128,170,163,143,135,136,144,163,149,149,150,136,126,130,156,140,135,160,167,138,167,167,139,175,166,160,150,148,152,158,140,144,152,140,159,137,151,143,145,155,139,160,148,153,164,150,146,154,159,142,134,136,162,141,164,134,139,147,159,142,164,146,149,150,156,178,155,144,163,151,160,155,159,137,141,153,162,151,161,168,138,135,154,162,145,159,150,137,160,164,154,132,155,164,154,167,158,163,145,137,160,144,163,150,134,143,151,173,136,152,144,146,157,156,148,130,153,157,146,151,167,162,171,161,136,153,156,146,160,159,133,146,142,120,151,150,152,142,150,141,154,167,144,160,148,164,158,143,128,136,133,135,137,156,140,153,135,141,129,153,154,140,151,137,145,143,164,152,178,135,137,152,150,136,161,146,151,145,171,160,165,147,147,152,146,136,149,159,145,145,144,148,162,148,141,147,157,163,163,152,163,154,153,160,166,164,147,150,160,146,154,153,127,151,168,171,158,143,134,142,142,131,124,145,153,151,147,156,165,147,147,152,161,158,179,149,151,138,143,164,140,141,139,140,153,140,147,137,132,147,148,158,142,166,132,168,148,144,158,143,149,160,137,146,136,142,144,146,150,150,141,157,149,134,145,162,140,138,132,156,157,168,143,154,163,160,142,142,146,137,147,148,154,154,149,131,132,152,150,146,139,154,149,156,141,129,152,158,155,139,157,144,148,163,172,134,145,151,152,151,135,146,163,141,152,155,147,150,148,142,152,159,142,159,153,136,142,144,149,145,150,148,156,162,145,159,137,148,150,161,135,136,165,146,158,132,129,156,128,127,150,172,152,166,169,166,159,154,161,159,138,157,145,152,145,133,155,171,142,155,147,147,134,142,166,167,149,159,143,162,151,149,137,144,146,135,153,144,140,130,151,152,153,146,149,145,166,154,159,161,147,149,141,146,152,149,139,149,156,148,144,144,149,143,133,148,116,152,149,157,129,167,163,147,161,128,155,138,140,146,151,160,159,175,158,162,137,161,160,123,161,173,149,135,159,147,137,153,162,133,152,156,132,148,152,142,145,150,126,168,167,151,147,145,159,144,138,136,140,152,139,148,144,164,152,164,147,173,172,156,142,141,146,158,155,154,151,153,157,163,138,146,142,147,151,139,163,151,145,165,146,158,142,155,152,160,162,170,131,149,133,141,149,169,142,139,160,143,149,159,156,142,162,152,153,170,153,151,150,153,140,161,158,145,160,158,156,160,150,150,136,159,150,137,130,154,168,138,167,149,137,166,153,153,153,153,149,139,143,144,154,146,137,154,144,162,146,147,152,145,159,149,150,146,174,151,138,143,155,155,153,149,148,154,140,158,159,172,136,151,165,157,131,140,144,139,162,155,156,157,142,162,151,147,156,140,148,145,147,142,133,145,145,151,158,156,145,155,144,160,157,156,148,143,166,148,143,149,141,142,161,119,147,135,140,138,137,147,163,154,154,151,149,168,165,143,131,158,151,154,144,163,155,143,156,149,143,147,142,144,160,144,139,149,142,161,147,148,157,152,152,171,151,145,158,146,169,137,152,152,146,150,145,148,167,143,154,152,150,152,138,164,154,147,146,148,141,149,125,142,163,138,142,154,149,149,154,153,159,137,133,144,135,147,157,157,143,158,154,144,161,155,156,137,126,139,151,131,136,147,163,149,147,163,141,146,155,153,150,162,161,150,141,150,145,143,177,147,142,153,148,154,146,164,149,153,151,141,156,167,145,142,135,142,145,146,156,141,145,140,143,138,143,150,156,131,164,134,129,156,126,147,143,143,165,158,148,182,140,145,171,148,146,155,165,157,134,149,138,151,148,134,151,145,145,162,150,166,148,169,167,138,164,123,142,155,139,158,152,136,164,155,162,165,167,138,146,155,165,154,157,153,154,142,151,149,160,152,151,137,135,138,142,144,147,154,154,138,134,155,153,126,132,161,146,135,157,146,144,151,167,150,162,137,139,166,139,154,142,150,149,174,144,140,150,162,164,156,129,155,152,164,149,137,155,180,154,152,144,154,141,143,152,162,139,139,140,161,148,136,150,143,146,136,142,148,163,161,163,162,150,151,133,130,147,167,146,156,145,152,155,148,141,137,157,156,149,150,146,146,150,144,151,146,161,150,169,133,144,147,155,152,149,150,163,159,148,147,163,142,136,142,152,144,125,161,148,160,156,158,161,147,150,144,133,175,144,173,146,148,144,157,119,155,146,141,141,139,153,144,161,165,150,148,134,136,149,151,148,152,147,141,131,134,166,160,132,135,153,153,157,145,135,141,144,157,156,150,155,162,142,158,157,155,151,159,162,152,143,144,142,157,135,138,145,160,141,159,160,138,146,150,157,148,152,151,151,140,145,134,132,142,151,148,152,165,148,153,160,141,165,150,145,146,143,153,142,145,160,158,149,162,157,144,149,148,142,153,153,139,159,152,161,159,140,151,163,130,160,145,152,145,152,146,130,153,146,125,152,136,156,153,131,144,146,162,145,153,157,166,158,152,157,154,134,144,156,174,158,159,148,149,142,140,126,154,164,146,136,146,149,151,151,151,152,151,150,131,152,164,125,128,139,153,137,146,156,145,149,157,150,165,159,152,162,144,131,151,160,163,154,150,153,152,143,164,150,147,145,156,146,158,149,153,143,155,138,161,167,138,163,160,146,150,160,148,163,146,148,187,139,152,156,143,150,147,153,159,149,146,168,161,151,154,129,158,158,130,167,148,155,151,146,154,165,133,160,155,145,146,144,143,156,149,151,155,147,152,146,127,156,140,150,130,126,138,149,162,146,150,140,165,150,153,164,148,130,161,155,160,156,148,131,151,146,135,142,140,140,146,156,174,149,170,156,140,136,141,169,142,145,158,133,140,152,160,163,139,147,139,171,150,164,156,138,146,153,157,152,144,157,151,177,134,150,133,166,150,137,154,155,143,148,160,148,136,158,141,168,151,139,142,163,152,151,139,160,141,149,152,139,149,133,150,140,151,164,139,160,159,160,147,148,152,154,151,136,157,148,144,136,152,147,159,171,148,153,141,146,139,145,140,146,148,149,149,145,139,155,139,128,162,170,158,121,161,144,135,144,150,144,170,158,157,153,148,147,152,165,145,161,146,145,168,150,150,136,146,145,152,138,156,149,143,149,154,140,166,146,147,158,140,151,150,160,137,139,155,140,145,151,131,148,137,137,151,143,137,132,158,149,149,133,165,160,157,162,167,163,151,149,138,149,166,147,153,123,143,168,146,152,132,166,158,144,156,158,138,150,137,147,156,153,164,165,142,168,137,163,148,153,143,163,160,171,155,150,145,167,145,166,154,157,139,146,152,152,145,152,145,165,169,151,151,158,129,160,144,164,151,154,148,152,156,145,153,138,146,149,150,151,160,153,141,155,153,164,138,147,153,162,149,163,142,143,161,143,156,144,138,161,153,154,155,143,158,130,139,143,147,155,150,146,143,135,140,131,149,161,133,164,145,134,156,142,157,137,158,155,157,140,155,148,157,163,152,165,150,133,142,151,144,139,145,153,153,152,144,141,136,141,154,150,143,144,156,144,153,141,153,155,152,138,147,146,126,137,144,146,161,148,130,154,158,156,159,151,156,143,155,151,160,141,141,175,129,159,154,156,154,147,144,157,152,169,156,157,144,167,141,156,142,152,145,144,131,130,146,148,138,148,136,149,164,154,154,141,155,151,143,133,144,133,151,158,147,169,141,162,130,160,142,152,159,168,134,148,140,158,161,138,133,145,159,152,146,138,149,141,157,155,156,142,159,135,151,140,147,150,143,152,152,151,136,133,144,156,153,166,161,149,127,154,143,150,153,137,147,166,156,141,147,147,134,161,163,149,151,153,150,142,153,148,116,158,151,149,154,144,170,139,151,146,138,147,147,153,131,150,157,153,165,170,155,169,169,132,169,160,154,149,173,162,155,152,147,134,145,149,154,144,154,141,141,162,141,144,135,144,170,145,147,146,157,156,149,139,167,137,134,170,147,142,156,149,161,166,151,157,129,170,147,142,151,154,163,143,154,143,137,136,144,140,169,167,155,136,155,161,148,128,145,145,174,134,166,145,147,146,150,155,147,135,149,142,152,152,144,133,152,146,152,171,135,152,151,138,140,159,145,157,147,129,144,158,155,166,159,132,161,146,156,164,151,163,129,151,143,141,145,153,149,147,146,139,139,139,146,152,153,147,152,154,132,140,160,150,158,151,170,168,142,151,147,139,141,148,151,141,158,159,149,161,124,141,173,149,134,142,142,142,168,144,142,152,145,161,135,137,157,157,140,168,144,152,153,153,152,149,145,147,149,152,160,142,147,158,160,136,137,142,146,146,144,163,151,148,138,125,153,151,152,136,146,140,147,129,156,151,163,156,170,157,141,125,147,167,151,138,148,132,152,152,155,147,142,151,142,154,139,162,158,137,152,144,154,149,146,150,154,164,151,155,149,152,139,140,148,144,147,147,147,158,133,153,149,141,160,151,128,140,141,160,143,140,152,168,131,148,152,148,138,138,156,148,148,151,137,153,143,145,148,149,153,153,142,149,141,154,155,146,146,152,156,145,127,136,152,150,142,148,156,146,165,150,149,132,143,151,159,151,137,146,139,140,161,147,147,143,170,130,136,151,139,138,176,157,161,142,166,150,156,142,156,145,147,153,151,153,136,143,149,126,146,139,144,157,137,156,161,143,131,160,145,135,142,132,143,153,158,173,154,144,150,152,160,163,163,152,161,167,142,159,149,158,151,144,156,148,145,146,157,139,141,164,155,146,161,131,148,148,140,144,150,147,156,160,149,152,145,139,171,132,185,154,155,155,143,145,140,158,155,161,162,160,166,168,141,141,166,138,142,153,164,150,145,159,147,152,158,161,163,157,152,142,159,153,144,132,175,155,133,144,143,137,136,144,162,149,156,148,144,156,147,141,154,162,144,160,158,165,145,149,161,136,141,130,162,155,150,145,154,157,159,140,133,165,139,139,137,141,140,146,153,166,137,153,154,136,149,150,156,153,167,160,152,154,148,133,154,170,147,166,146,157,170,151,161,154,153,142,142,150,151,141,150,149,160,152,153,156,146,156,160,152,152,160,136,131,151,145,148,157,146,133,164,155,145,144,125,144,136,147,133,151,153,135,147,173,156,146,145,153,140,165,156,149,159,147,161,141,151,151,155,152,158,163,144,144,141,146,138,155,149,158,166,164,143,148,153,174,147,134,148,156,133,138,156,153,148,145,163,148,144,161,145,156,172,161,139,147,156,153,140,153,147,147,163,154,146,145,161,128,151,136,150,148,132,161,121,151,157,147,155,155,147,141,144,158,150,131,164,146,142,149,144,179,151,163,172,144,163,148,164,146,154,139,146,156,151,152,161,154,167,163,148,153,155,121,139,141,146,143,152,148,149,139,137,164,142,148,158,158,162,154,148,148,153,154,153,143,164,143,150,136,146,162,154,156,155,153,140,134,151,144,146,132,150,171,125,123,144,159,145,151,152,143,159,155,155,157,139,154,129,158,169,142,165,149,149,135,153,163,154,136,139,151,137,165,156,132,161,151,139,149,158,153,139,155,137,148,152,162,161,166,153,138,149,143,151,155,161,149,139,153,153,159,136,140,164,160,149,160,145,143,155,149,155,148,170,158,160,147,147,147,158,145,140,137,160,132,148,157,146,142,151,137,156,158,160,132,139,138,139,146,144,138,146,150,150,154,142,155,151,152,153,145,165,157,137,149,148,159,143,156,149,161,140,142,154,166,154,142,150,155,150,141,149,157,152,149,151,151,151,154,145,163,149,139,146,147,138,163,146,166,153,136,153,142,149,144,168,152,149,152,156,145,154,145,157,146,129,144,152,149,143,164,142,154,144,158,150,139,156,141,135,138,140,147,166,126,140,137,145,155,169,154,136,160,139,142,139,133,141,146,138,126,135,149,130,164,132,158,140,145,152,148,158,154,148,155,147,144,161,156,141,150,155,143,167,145,137,172,146,138,133,166,152,137,161,133,140,145,161,141,154,143,138,144,146,151,162,147,148,130,143,134,161,188,152,146,159,147,148,147,136,149,136,151,143,146,156,140,162,140,136,138,149,157,134,150,148,145,162,152,151,144,125,141,167,142,164,167,145,164,162,148,152,153,151,157,136,151,141,162,151,139,151,167,159,144,145,140,151,135,159,174,169,132,141,148,172,160,159,137,161,146,141,145,175,148,144,151,140,164,152,156,150,139,146,153,156,141,152,158,141,150,140,149,152,147,146,158,146,140,142,157,144,164,133,162,156,153,169,155,145,151,161,142,138,166,155,139,139,178,144,146,147,153,141,147,141,145,123,130,151,152,130,153,138,167,158,159,143,147,148,146,152,152,150,156,152,154,153,158,143,164,141,138,152,159,147,148,172,160,141,153,141,132,157,147,142,155,160,140,140,148,165,144,154,149,138,142,165,155,136,140,169,160,166,150,144,149,148,143,149,137,138,175,144,150,127,127,162,156,160,145,154,143,157,148,168,155,146,144,129,163,146,148,172,142,150,174,162,155,147,162,155,156,161,162,155,153,154,158,151,147,146,138,143,146,153,142,128,160,144,160,153,147,136,149,154,145,150,139,136,145,148,149,165,167,159,161,152,151,143,131,149,172,153,137,141,155,141,179,154,181,146,134,172,142,155,151,143,160,133,143,153,152,165,157,161,143,157,150,148,144,150,150,145,149,129,168,134,138,138,155,147,153,142,149,140,158,144,155,145,166,149,148,145,150,165,153,141,133,136,147,147,132,129,152,149,133,141,153,167,129,155,167,139,157,139,166,147,163,142,154,147,165,149,139,154,153,155,166,150,147,165,146,163,161,157,142,143,155,157,152,165,155,152,135,154,150,128,161,156,149,169,154,148,153,154,159,141,143,157,126,154,158,138,152,154,174,169,158,169,157,132,143,160,150,165,144,153,151,165,140,155,135,164,137,165,183,153,138,144,142,158,146,150,156,168,138,139,166,135,139,152,144,151,151,148,140,137,142,166,153,159,134,153,143,139,162,146,157,148,145,150,147,149,165,153,169,144,156,140,152,144,134,153,140,154,142,152,166,143,145,159,177,152,147,152,156,151,133,157,156,150,122,139,161,156,139,151,154,134,150,152,136,151,153,156,144,143,158,155,145,164,158,140,157,148,145,163,163,131,157,151,163,130,140,160,153,157,152,149,160,139,157,173,165,145,145,150,146,153,164,155,150,157,156,176,148,124,146,132,151,138,137,142,144,140,155,151,152,151,145,130,162,158,164,142,132,143,149,150,141,151,147,165,148,154,155,140,140,158,149,151,143,150,150,142,146,147,139,159,145,160,155,151,164,144,170,134,164,147,160,137,152,153,140,144,135,143,170,157,135,142,138,138,152,148,158,145,147,166,142,172,143,133,150,161,149,158,150,157,136,165,148,140,156,152,137,157,144,155,142,150,138,163,139,166,134,132,162,174,146,150,143,130,159,151,144,141,152,135,163,158,156,154,155,168,152,137,139,153,123,139,155,150,123,140,151,156,150,133,167,136,151,152,156,171,144,167,167,158,140,159,143,159,157,148,139,144,160,140,163,162,163,148,141,134,159,162,155,158,139,150,148,154,134,139,150,153,159,150,151,134,141,150,151,157,155,131,158,152,148,139,164,155,155,149,159,155,152,153,142,131,155,169,147,146,150,152,161,155,140,162,156,144,138,129,135,154,176,140,127,155,145,156,142,163,151,160,160,143,142,147,156,146,173,167,144,157,152,153,154,145,155,129,145,143,123,155,155,153,161,149,153,153,172,143,145,164,127,148,153,145,144,157,150,150,122,166,156,157,160,136,148,152,136,134,153,158,147,151,154,139,149,152,143,135,153,165,157,148,132,155,127,152,162,140,135,145,141,142,163,139,136,143,147,146,135,140,153,160,154,166,173,141,163,151,157,162,161,159,163,160,119,151,167,147,143,143,148,153,145,144,137,160,157,154,139,155,151,129,152,155,149,158,138,148,158,154,159,151,144,161,147,164,139,139,158,152,156,138,142,145,171,146,140,142,131,164,158,151,136,151,164,150,151,172,143,157,162,142,153,165,152,133,156,161,141,172,157,151,150,147,142,133,146,151,148,141,156,147,157,150,144,157,137,142,141,156,144,134,159,139,143,149,147,160,137,151,145,145,137,151,158,156,136,146,142,159,147,150,145,165,150,144,145,150,163,158,163,166,145,138,145,151,145,155,159,167,168,151,159,158,139,152,159,154,130,141,141,160,157,144,148,162,142,127,151,130,140,149,144,137,149,146,138,149,143,156,135,153,141,139,141,169,149,155,140,120,153,139,161,144,142,143,148,152,157,148,142,152,148,154,152,150,162,135,148,153,152,168,156,147,141,144,151,150,133,143,142,171,154,146,167,147,155,152,135,131,161,137,146,140,168,154,143,149,144,136,156,161,157,162,145,157,152,130,134,144,152,132,163,133,148,143,137,156,150,145,139,146,159,165,148,148,148,148,150,150,145,141,152,162,154,145,149,154,164,158,158,132,156,135,141,159,157,153,135,146,134,146,158,152,142,146,157,169,139,153,159,138,156,144,165,148,142,150,165,131,157,145,161,163,155,147,142,146,159,145,153,142,148,139,150,147,152,144,137,139,162,148,156,146,146,158,147,145,140,133,156,153,146,149,139,142,143,152,169,175,163,146,150,146,175,157,140,150,152,148,148,151,163,152,159,148,176,157,151,144,158,132,153,140,146,142,136,131,157,151,129,126,142,143,134,146,135,157,158,139,153,135,165,155,145,140,156,134,148,161,135,131,140,144,145,153,153,149,155,140,153,148,157,154,156,169,147,161,153,157,167,154,154,149,154,148,154,164,161,143,132,159,143,146,152,150,146,154,138,149,147,172,135,167,140,147,159,142,145,143,153,143,172,156,136,146,144,147,143,146,141,158,164,145,157,143,151,146,142,155,150,134,150,152,139,157,158,156,150,143,139,165,160,160,160,143,134,157,139,149,157,129,146,164,151,145,133,141,168,141,152,159,146,132,129,147,150,145,160,158,148,155,142,143,158,131,142,157,143,152,147,147,145,162,146,143,150,151,162,136,152,143,171,144,138,170,157,150,139,161,134,146,161,152,136,157,151,145,172,148,144,155,150,129,141,149,156,147,152,162,151,157,149,142,148,136,144,153,151,153,158,155,140,153,153,132,145,150,155,141,161,150,155,145,150,146,141,136,158,176,159,168,163,173,170,129,154,140,142,146,156,158,158,139,144,151,151,137,163,154,158,150,158,138,138,152,141,148,136,145,149,143,144,190,161,150,163,156,138,124,152,158,145,136,158,141,152,130,144,160,142,146,132,137,141,140,142,164,139,158,177,150,151,151,148,146,145,146,151,152,134,162,147,161,152,147,154,153,143,150,156,153,161,144,158,144,144,152,142,141,132,156,165,175,141,143,145,162,143,161,161,154,163,163,177,147,170,152,156,148,154,152,173,142,147,133,141,165,177,151,161,152,154,158,160,134,141,152,145,143,150,160,156,150,137,145,125,132,154,146,149,148,161,146,148,143,141,142,149,148,128,147,149,147,171,144,142,144,142,137,147,149,144,164,146,145,146,158,151,178,145,156,137,154,173,160,139,154,140,145,158,157,154,137,161,149,162,147,145,145,163,151,152,163,151,163,151,160,141,163,145,157,150,156,147,173,164,148,157,147,149,139,157,138,149,146,125,135,160,152,155,129,150,140,144,147,140,150,158,147,142,157,172,156,152,164,157,154,153,162,158,158,155,136,161,147,145,156,137,161,133,153,145,153,159,144,142,123,148,136,147,162,154,142,151,144,153,152,140,139,131,149,154,155,146,144,150,141,138,147,151,147,140,137,152,149,154,150,143,139,129,147,143,149,153,149,139,158,151,158,152,150,140,154,150,160,151,153,161,159,141,157,157,136,157,132,122,141,156,136,152,158,155,160,145,149,149,146,147,143,177,147,154,166,151,152,138,165,162,141,152,146,146,157,157,149,161,161,152,144,140,161,142,145,157,158,165,140,147,143,147,149,138,155,133,142,157,156,153,171,146,157,146,141,146,156,132,153,152,157,145,159,153,136,121,149,150,134,151,152,148,147,152,135,138,151,136,156,160,146,153,140,158,158,160,155,150,155,140,157,145,154,160,146,148,136,167,148,164,149,161,150,153,152,136,121,143,156,150,150,155,170,155,145,171,166,156,149,146,163,142,134,171,146,138,128,159,165,145,134,160,148,145,141,155,162,148,163,154,150,153,137,125,145,152,137,144,140,150,138,141,152,141,143,129,158,148,153,153,161,169,153,163,154,141,150,144,162,158,159,159,140,144,165,168,133,157,145,140,162,152,164,146,157,153,146,147,133,133,133,155,127,165,146,163,159,158,148,150,163,148,163,157,160,174,174,153,167,147,148,158,134,148,169,147,155,157,148,170,149,146,153,165,145,150,165,147,149,146,137,169,138,162,145,148,151,159,148,139,139,150,137,151,136,163,154,139,146,144,141,138,161,154,145,161,137,151,155,155,154,137,157,163,152,143,139,134,130,153,145,152,150,151,141,141,163,148,159,159,149,137,144,157,145,147,157,138,140,150,159,152,151,138,140,152,147,154,149,151,143,158,130,154,149,166,135,145,139,135,170,151,154,135,172,152,144,165,161,152,161,157,154,136,143,168,168,158,146,169,136,142,153,159,136,142,142,144,153,138,144,146,149,141,127,166,137,137,133,133,150,135,144,138,159,152,143,146,154,156,131,141,152,168,157,149,147,132,147,147,149,152,160,141,141,163,140,147,145,147,154,130,151,132,155,172,140,146,136,144,158,144,164,155,165,132,160,154,175,143,154,148,159,161,154,158,146,130,134,146,147,154,147,160,160,134,162,156,144,150,155,134,155,130,158,129,140,152,136,166,162,161,144,161,148,145,145,155,147,155,136,159,156,157,139,159,160,150,154,134,154,144,139,133,138,165,138,170,143
164,159,148,137,161,148,161,125,152,151,159,158,143,148,141,159,157,158,148,158,142,163,147,154,135,150,152,157,147,154,145,142,151,149,161,149,166,151,149,133,154,145,149,153,139,169,145,144,160,145,156,151,145,148,154,167,129,156,151,155,144,162,151,152,137,136,149,155,148,173,143,156,162,157,163,168,161,157,132,151,129,149,135,163,143,143,145,147,146,139,164,133,147,152,171,155,142,145,159,153,129,137,148,172,156,162,153,138,167,146,155,142,159,126,153,152,139,148,147,150,161,155,155,148,152,159,155,148,133,134,152,141,148,150,165,151,150,147,134,151,141,152,157,172,151,159,146,154,149,147,135,147,156,154,156,158,167,149,149,159,150,164,141,155,144,138,149,165,141,135,158,165,151,161,157,162,146,150,158,140,154,150,166,173,145,136,165,146,142,143,154,142,157,146,151,126,151,143,134,150,157,155,141,171,137,158,156,147,130,158,150,142,147,149,143,155,165,161,142,131,140,150,148,147,141,151,149,142,135,145,148,161,150,123,186,157,158,150,147,140,155,153,163,158,158,142,157,147,131,142,157,128,136,144,137,170,151,158,137,144,154,136,169,140,139,155,136,153,157,152,135,154,154,152,147,157,151,155,152,156,136,169,147,155,155,154,153,137,136,146,144,169,152,150,142,140,140,153,140,160,150,134,163,165,161,153,161,134,148,158,146,137,147,153,150,150,142,144,161,152,151,152,146,134,170,149,167,129,143,136,155,129,153,149,139,159,147,159,163,152,143,128,158,155,156,153,143,152,150,145,160,152,145,154,164,146,147,131,171,146,165,164,159,138,166,140,148,150,162,148,151,144,153,158,160,151,131,135,150,160,159,134,147,162,132,136,146,155,164,151,147,132,148,130,141,152,138,152,136,153,141,145,154,150,160,161,147,159,167,141,166,143,145,167,142,154,146,132,146,153,156,159,152,124,156,159,149,150,143,160,151,152,136,168,161,139,129,152,152,161,164,132,164,145,149,153,141,149,150,155,161,178,152,152,131,140,161,145,140,163,149,149,149,150,159,137,152,142,149,156,135,139,161,158,152,145,146,152,148,151,150,138,165,134,150,135,146,151,143,151,171,140,158,139,153,136,168,160,156,158,166,143,159,134,151,142,160,145,150,147,161,147,169,132,144,146,165,147,165,166,136,153,163,147,172,160,150,153,163,157,141,159,158,168,148,140,143,153,146,150,176,138,154,164,142,146,173,140,133,143,126,150,172,162,164,153,169,153,161,155,141,150,150,139,152,143,125,156,150,148,142,137,154,154,156,147,147,165,149,152,156,146,156,154,161,154,166,144,151,168,156,156,132,157,164,165,150,142,157,143,140,154,153,164,152,156,144,162,142,168,146,151,148,167,155,144,150,146,146,136,160,149,155,170,158,163,139,170,156,144,146,150,162,153,163,138,156,139,180,151,158,164,156,133,139,157,152,159,154,141,155,150,153,170,169,144,149,145,148,142,140,154,140,133,142,141,150,159,165,149,153,137,160,165,150,157,150,149,143,140,180,160,152,144,152,135,157,156,139,144,152,141,139,135,157,151,152,171,159,157,141,142,140,141,164,152,144,140,138,146,152,132,144,166,175,158,131,143,150,154,131,159,138,149,136,145,161,163,141,152,160,154,145,148,154,154,144,169,169,150,130,158,167,134,138,152,140,136,157,145,150,139,147,143,167,141,139,152,149,167,137,152,133,167,160,157,156,138,137,143,146,152,152,168,153,128,149,152,159,137,132,149,149,146,152,164,154,159,155,137,145,152,131,156,161,151,158,153,152,166,132,154,158,166,129,154,150,170,168,153,138,156,132,143,172,151,163,122,144,146,142,165,145,155,169,155,148,147,137,153,154,168,154,156,159,170,157,146,149,155,152,158,142,150,159,171,157,147,139,150,146,137,162,161,154,136,151,144,160,142,134,154,150,150,140,141,152,146,161,132,143,150,153,143,130,141,143,158,170,138,148,152,160,159,144,148,150,150,155,158,157,151,144,147,157,160,145,162,140,141,164,140,163,135,163,150,135,165,138,156,150,158,145,134,146,145,147,153,162,148,153,146,137,141,143,134,163,144,144,152,144,145,146,164,163,169,164,145,166,146,157,170,165,160,143,148,155,149,144,145,156,145,159,151,135,144,155,143,156,149,156,167,155,145,162,169,141,136,152,153,157,144,147,162,134,147,166,147,160,159,175,130,140,157,133,145,157,153,155,152,156,147,166,153,146,160,154,172,164,148,149,139,155,143,160,140,146,151,143,174,152,158,158,143,139,158,132,146,143,133,139,159,155,147,163,142,161,143,156,131,144,150,136,143,150,149,147,149,158,146,161,151,160,141,145,162,148,145,149,137,148,147,146,136,152,144,148,168,146,144,149,159,144,140,156,131,148,155,164,143,166,145,137,142,160,151,152,138,164,159,157,154,144,151,151,139,163,151,148,137,147,153,145,142,157,167,159,155,151,156,147,149,149,161,141,144,174,170,137,163,154,145,164,143,160,148,144,139,149,172,139,149,149,157,140,157,146,148,164,151,157,166,151,153,156,133,146,155,145,160,162,143,140,154,165,164,133,149,137,139,137,163,168,137,134,140,153,158,137,143,139,138,148,154,156,151,130,150,158,157,134,166,163,163,155,151,150,153,151,145,154,138,151,164,150,148,145,148,154,162,146,146,134,160,128,152,148,144,169,157,151,136,147,155,141,139,139,143,132,151,159,165,165,175,153,167,154,158,137,145,151,161,161,155,144,144,148,159,158,144,154,136,152,156,146,142,138,159,153,137,158,137,144,143,155,139,135,147,145,146,150,148,166,128,150,163,137,143,149,150,151,161,153,147,142,153,149,152,160,137,163,173,152,143,153,152,156,154,153,154,158,143,155,148,133,160,155,136,161,158,150,150,144,164,124,145,171,156,182,143,139,152,150,147,135,138,140,150,151,151,147,147,156,141,155,140,146,146,160,177,155,142,157,166,153,154,143,140,144,138,155,151,149,155,160,144,126,155,142,154,139,153,143,142,132,146,134,138,154,145,153,159,147,144,162,156,141,150,153,140,121,160,151,147,141,146,142,159,151,145,145,145,155,146,160,152,164,152,128,165,146,151,152,132,151,136,140,155,158,153,153,142,173,141,155,154,166,150,142,145,145,148,159,160,149,145,149,140,156,141,164,157,165,159,147,129,140,117,158,154,152,151,144,143,149,171,126,165,172,147,149,164,141,153,157,148,142,137,150,138,155,157,132,171,162,128,156,146,150,148,156,152,148,165,151,143,136,155,149,144,148,151,150,148,149,148,157,151,152,159,164,158,147,158,143,143,166,142,132,169,143,160,147,170,136,160,170,147,164,145,159,146,149,158,154,134,148,150,147,150,153,139,137,145,148,157,154,151,129,154,146,147,167,168,144,155,160,140,153,158,144,158,141,144,156,151,153,144,138,141,139,161,162,141,143,148,136,138,146,162,145,145,147,151,165,149,157,145,137,156,145,143,151,136,165,154,145,151,137,147,141,135,144,134,155,148,137,158,141,149,155,130,160,147,135,129,163,157,159,150,151,164,151,140,147,145,171,142,151,155,140,158,153,144,166,147,142,147,137,159,131,143,129,152,146,153,152,175,157,140,154,153,158,153,152,147,147,135,154,147,159,154,148,164,141,145,130,145,140,149,132,146,157,156,156,151,148,143,153,148,156,145,154,156,162,144,179,151,144,174,150,132,155,175,180,142,161,158,151,151,155,133,164,159,150,162,143,134,132,171,171,141,137,133,155,162,133,137,139,157,156,158,159,149,139,162,166,150,174,139,146,140,150,156,131,161,166,143,142,151,141,147,153,131,165,153,143,139,149,161,153,151,139,138,130,153,149,158,151,162,144,143,149,154,156,143,159,132,145,173,138,146,161,158,137,143,160,147,143,170,154,152,172,144,147,141,167,151,160,152,142,153,161,155,150,167,149,162,162,166,163,155,161,137,157,150,149,172,146,155,148,158,163,162,157,154,148,149,141,143,146,152,150,169,153,146,148,158,146,146,146,154,140,145,158,163,147,134,137,136,146,143,152,129,148,158,134,145,156,157,159,136,144,149,147,152,142,150,157,145,129,144,160,132,143,146,162,141,155,120,147,146,140,148,140,140,136,150,140,148,151,143,157,149,169,142,157,129,142,146,174,145,159,135,145,155,161,138,144,155,144,170,157,146,153,140,144,147,147,155,165,149,156,140,161,151,152,163,155,151,152,124,166,144,155,144,141,168,142,140,144,148,146,143,178,156,149,150,150,152,156,160,160,164,136,135,152,155,156,145,150,147,155,154,170,158,165,149,142,161,144,159,147,143,141,163,154,151,156,146,149,140,133,167,143,154,140,163,155,148,159,144,128,166,141,150,159,140,151,170,138,148,152,161,165,163,143,166,156,141,159,140,159,160,158,158,150,150,159,163,139,158,152,146,150,151,139,153,153,151,125,147,157,129,138,136,143,155,141,150,150,146,147,139,154,154,168,147,144,137,139,148,158,155,156,140,142,150,137,144,161,158,147,157,148,136,148,171,159,136,161,149,160,143,152,177,152,154,136,165,166,153,144,152,155,135,153,140,144,139,162,153,128,148,150,147,161,146,155,144,150,143,153,158,150,157,137,146,162,166,152,136,154,155,135,150,150,155,137,164,149,151,141,158,123,136,153,149,170,168,165,145,150,146,154,134,146,144,161,139,159,169,134,147,147,148,157,167,146,151,123,146,143,152,151,162,148,152,157,142,160,144,152,136,160,131,138,163,184,159,141,157,143,153,147,157,151,145,151,144,153,131,148,148,143,149,151,135,157,140,141,157,139,156,162,150,148,159,145,144,163,153,145,163,153,146,147,156,145,170,155,157,146,168,149,154,172,138,162,158,147,148,159,149,138,145,165,162,148,150,153,173,153,157,129,148,151,140,155,166,174,152,146,160,152,146,165,153,152,145,147,133,137,137,134,160,132,130,156,142,140,151,156,151,162,145,166,152,162,137,135,140,141,162,137,160,156,150,139,172,157,139,130,143,159,143,133,143,161,137,157,153,157,156,146,154,158,161,166,163,127,149,157,120,135,136,153,140,162,154,165,142,150,156,153,152,168,139,148,147,152,145,156,140,145,155,141,139,154,141,142,154,148,142,137,144,168,145,146,165,155,157,141,150,154,166,146,155,145,162,153,146,134,149,152,138,149,145,143,150,137,150,166,132,174,167,157,155,145,141,164,157,139,131,145,157,166,148,151,152,153,161,154,160,155,149,154,168,146,137,155,134,157,153,133,137,159,166,155,146,152,138,144,148,150,159,139,138,156,148,154,165,140,152,149,138,170,143,139,143,161,161,146,136,149,159,148,149,162,166,141,151,151,126,166,148,146,140,166,155,150,150,146,158,152,142,146,153,153,149,139,149,152,150,156,169,161,147,157,161,146,155,155,141,143,149,142,152,162,128,148,152,138,138,171,153,140,148,144,182,154,145,144,122,143,144,142,165,158,168,160,139,145,140,149,144,144,143,136,144,163,153,156,150,162,154,138,157,146,149,149,138,159,153,155,150,158,128,147,145,162,139,163,131,138,159,167,154,167,148,149,139,157,129,156,160,164,128,135,146,155,135,139,159,160,160,159,153,155,150,133,156,148,126,152,160,137,157,151,144,153,150,168,149,142,150,158,155,159,133,151,149,156,141,150,157,154,161,137,152,152,174,147,161,152,164,155,159,147,142,158,153,158,159,143,143,139,134,163,150,147,129,152,150,155,161,175,163,144,152,139,163,152,164,156,142,138,161,143,142,154,156,149,149,150,155,161,162,147,146,158,144,137,144,144,147,145,156,142,154,155,145,133,143,139,146,166,147,157,161,153,165,144,162,142,157,146,143,150,145,154,155,145,145,167,155,148,170,144,152,151,158,148,130,146,150,154,136,159,155,161,153,157,168,151,129,129,156,149,147,155,139,148,135,157,150,150,157,129,162,136,154,146,139,170,148,150,141,136,149,137,133,154,154,138,161,154,158,168,158,146,137,137,131,150,143,138,163,139,141,167,158,134,153,152,148,154,150,163,149,149,168,141,141,151,144,140,154,148,151,138,156,142,163,147,151,147,149,154,146,152,164,152,140,145,157,151,139,157,160,154,147,168,152,153,162,135,142,145,145,154,147,159,147,172,127,140,139,145,148,162,146,142,154,160,146,149,154,160,146,153,131,157,153,160,149,153,154,161,138,151,145,156,156,145,158,141,160,162,125,154,164,138,146,146,154,150,150,145,159,164,158,160,145,154,155,142,169,167,137,150,155,147,157,143,153,153,165,159,141,137,178,144,149,156,156,141,155,153,130,145,146,155,163,178,154,148,151,165,157,163,146,144,145,149,161,138,140,139,156,156,150,144,142,166,153,133,140,130,155,176,163,162,157,170,154,140,155,150,147,172,148,149,149,137,139,146,148,130,159,158,142,142,160,152,121,134,143,146,159,149,149,140,161,135,154,149,146,153,152,139,137,140,156,138,141,150,173,133,158,160,150,153,152,148,149,142,147,141,158,150,151,170,147,165,142,153,138,151,133,145,164,164,159,134,148,154,133,131,153,154,149,149,144,150,144,149,148,149,141,142,124,157,141,141,167,143,127,120,153,145,133,155,147,146,152,146,141,154,155,139,142,157,162,148,145,159,139,148,169,157,143,143,163,138,170,159,144,141,158,158,162,164,159,156,159,151,156,144,161,148,163,158,135,134,142,145,157,133,148,154,174,166,136,163,150,150,150,146,145,146,140,166,169,144,160,152,164,155,160,150,151,137,161,146,153,144,159,154,149,134,171,145,168,162,134,150,138,158,137,155,149,142,157,140,153,139,144,136,144,146,146,149,136,155,141,147,155,150,142,135,158,142,146,144,158,145,157,160,160,145,157,151,160,145,157,167,156,152,166,151,149,150,160,153,147,157,153,148,176,152,146,155,140,162,141,162,153,150,159,146,152,161,177,156,141,154,174,166,144,159,151,158,137,158,145,160,153,153,146,161,141,159,150,152,162,148,156,136,152,145,150,147,146,137,160,142,156,136,133,164,133,155,174,159,157,161,158,156,166,140,160,140,155,170,149,166,140,136,156,136,174,149,160,150,148,154,150,145,160,149,149,167,134,156,150,151,131,164,155,155,161,154,146,135,159,149,125,162,158,155,152,145,125,153,157,144,162,151,172,136,140,151,144,140,151,146,142,151,161,162,154,179,159,144,164,151,133,140,173,158,157,157,162,137,135,152,130,131,138,136,162,170,149,153,161,148,168,154,140,150,147,146,151,140,149,150,136,150,141,163,144,142,124,159,145,160,153,174,167,150,146,143,147,148,148,134,172,143,150,151,133,148,149,147,160,146,150,136,149,152,155,153,136,150,137,154,149,141,173,126,164,169,160,147,145,150,151,160,153,146,143,147,140,164,136,135,142,150,137,139,171,148,167,142,154,134,160,162,148,166,153,151,151,151,157,163,147,160,150,144,147,136,155,139,145,151,156,147,145,133,158,151,150,160,155,150,154,151,137,143,146,179,154,154,154,138,156,140,155,158,151,149,129,144,151,148,156,139,138,165,156,146,122,140,124,146,153,148,151,151,148,161,162,139,147,134,135,147,150,165,142,143,137,150,140,158,136,146,139,138,143,139,154,145,165,154,164,130,161,150,140,154,162,153,143,158,148,147,144,158,137,150,160,142,158,154,145,151,150,124,148,155,138,149,158,168,150,136,138,156,133,147,145,185,141,155,166,132,148,152,141,153,161,150,136,137,154,147,165,145,144,129,162,151,151,144,159,151,152,163,147,147,158,139,165,168,152,167,121,176,159,156,149,161,130,156,150,135,140,140,137,161,144,150,150,159,142,152,165,163,134,142,143,166,154,144,146,158,148,137,145,162,148,157,147,164,151,150,146,151,143,127,146,159,156,150,149,165,147,136,174,152,139,146,153,161,133,157,155,163,148,145,162,177,148,151,159,156,148,154,152,167,154,167,137,142,137,138,167,149,148,141,164,140,137,153,141,141,141,148,163,144,134,150,136,164,154,155,131,159,138,132,153,154,150,151,147,164,134,123,148,137,169,141,155,158,142,152,141,141,170,129,165,140,151,169,144,151,142,152,138,157,146,167,145,153,149,152,163,145,147,158,157,152,148,167,131,147,139,158,147,132,147,140,143,145,163,153,154,149,164,152,147,142,133,158,149,158,133,148,145,144,139,160,151,142,144,149,148,151,143,167,138,146,157,144,170,165,130,156,153,148,156,138,141,155,132,144,139,146,142,143,151,156,164,153,153,152,147,150,152,153,162,145,141,159,167,159,150,141,141,156,150,150,133,162,173,129,158,159,145,148,175,142,145,130,151,151,151,157,157,141,172,161,172,136,133,152,133,156,156,148,152,153,151,145,142,159,155,157,137,160,150,158,173,150,166,140,140,168,134,144,161,157,148,156,154,148,168,153,163,117,149,149,163,156,163,167,147,146,161,157,141,155,156,149,144,152,156,159,137,157,152,149,157,147,152,142,145,150,146,157,145,137,153,146,169,148,152,151,149,145,155,151,123,129,144,164,151,161,152,150,163,152,155,152,149,140,159,154,145,157,144,158,143,161,146,161,150,136,142,161,166,161,160,132,168,141,143,152,140,154,169,148,169,147,145,166,144,156,136,159,145,158,149,137,160,156,149,128,146,152,154,153,135,158,139,156,152,165,158,162,146,144,142,164,160,161,153,150,146,149,136,151,165,132,143,162,144,142,165,142,162,139,150,135,145,153,145,154,146,139,162,162,169,163,135,153,156,145,140,141,156,127,154,147,157,147,150,132,168,163,144,155,149,160,148,162,160,145,155,148,162,154,155,160,151,156,139,139,154,131,160,144,143,137,150,151,168,146,155,159,138,138,145,147,140,144,144,150,150,140,153,150,120,144,155,152,147,146,166,141,135,157,156,146,162,165,145,149,153,149,166,161,149,152,140,156,153,153,157,161,135,147,156,146,167,156,150,159,139,134,161,134,146,160,146,168,132,148,157,147,137,165,140,136,140,146,137,165,153,149,141,149,149,141,161,156,158,167,168,153,138,133,159,147,158,134,166,157,146,129,145,155,144,152,139,155,132,151,132,174,146,153,141,149,161,158,150,151,155,156,151,141,147,145,158,139,161,139,161,162,158,148,159,157,143,137,148,146,166,147,164,142,147,161,136,171,146,144,150,150,150,162,145,147,152,143,135,144,153,155,138,154,140,154,156,127,165,157,157,166,150,153,139,154,153,164,138,133,158,154,164,147,139,145,155,148,146,170,166,136,144,162,168,131,123,151,159,147,162,156,147,145,146,143,135,150,166,160,148,132,153,153,152,171,175,159,133,147,157,156,145,146,135,143,151,143,142,127,159,150,146,146,166,167,135,137,150,154,141,146,163,156,133,155,148,158,146,133,157,149,149,146,154,147,131,153,143,153,159,130,143,154,153,158,146,136,137,161,152,127,140,148,147,144,162,145,140,162,142,144,155,149,140,161,138,167,177,139,148,162,138,160,134,160,143,154,146,156,144,149,149,160,142,151,158,151,161,159,157,141,156,149,141,148,143,155,170,151,157,145,134,152,137,156,137,166,162,124,137,150,123,155,162,156,140,156,146,143,146,154,149,157,163,153,152,156,153,128,170,143,140,147,143,147,151,138,148,157,143,142,151,143,143,143,156,140,158,143,147,157,164,152,171,149,157,129,143,137,142,166,163,146,163,160,155,164,159,149,141,150,129,165,152,153,138,158,175,140,157,128,156,159,148,145,158,157,139,133,163,152,139,159,152,164,145,149,135,160,150,158,152,147,132,152,130,155,155,149,146,136,136,129,152,143,129,175,135,154,149,158,158,148,145,170,143,146,138,161,159,148,141,151,152,137,155,148,161,148,157,147,163,154,135,151,142,132,137,139,144,152,135,140,150,138,148,170,150,154,156,156,160,161,146,154,137,138,149,156,151,145,141,153,141,140,145,150,148,145,146,141,151,157,161,150,152,161,152,144,166,142,168,144,146,165,145,137,144,164,141,138,142,148,147,161,162,169,161,151,141,147,161,130,138,137,144,149,142,133,139,149,126,161,146,147,148,147,157,143,135,163,153,147,141,144,142,148,154,119,139,159,148,155,145,140,168,126,167,155,148,161,141,146,143,160,144,159,163,146,151,149,129,149,144,156,146,145,125,160,142,164,174,151,127,142,156,144,144,146,154,156,165,151,138,150,162,154,156,155,154,157,153,146,154,147,151,131,142,155,163,148,149,160,146,150,166,151,148,137,128,155,149,163,162,134,137,146,145,158,152,142,165,144,143,144,171,157,137,142,149,159,157,137,143,154,148,163,149,154,160,141,154,151,154,158,133,157,135,146,159,158,142,156,149,155,156,150,146,159,147,147,149,163,161,150,144,151,138,131,135,134,135,157,141,137,156,144,165,159,164,153,145,130,153,150,151,147,164,151,143,137,158,163,163,130,150,153,138,138,154,165,152,161,143,158,152,129,158,159,140,157,146,131,148,162,157,153,134,151,135,142,156,146,152,154,133,150,137,144,156,151,147,146,149,148,159,150,138,146,168,137,154,143,142,154,141,149,144,152,148,143,144,156,131,151,137,154,142,143,158,179,142,150,152,143,159,149,149,140,170,146,137,142,135,151,153,154,146,154,131,138,167,141,155,169,153,161,157,163,127,143,154,159,143,133,158,145,147,158,148,153,166,167,151,143,158,148,150,141,153,152,152,141,133,139,152,147,163,167,136,143,151,147,146,146,157,142,146,149,143,152,140,142,153,145,150,140,136,152,146,131,130,149,158,153,154,144,138,150,138,147,163,153,154,149,147,163,171,153,153,141,137,160,151,147,141,133,148,142,153,142,152,145,149,161,174,152,154,139,142,155,144,160,172,150,136,153,151,163,142,146,144,158,147,141,157,148,131,162,146,138,130,152,156,138,151,148,133,134,156,154,168,146,162,149,156,158,125,140,167,134,141,138,137,149,132,149,130,149,142,150,156,158,176,147,151,161,140,159,148,144,149,168,120,164,132,159,148,152,150,131,156,140,149,151,153,161,153,128,158,159,153,151,159,147,160,148,149,156,141,150,154,178,159,161,148,147,173,169,151,158,151,160,166,148,148,137,144,154,133,157,158,148,145,157,136,153,147,163,124,151,149,152,148,145,134,158,154,167,126,156,159,132,166,132,138,177,146,161,157,146,149,166,163,171,162,157,137,147,147,136,161,138,131,148,145,153,142,162,156,155,136,160,159,161,153,159,151,144,137,143,154,160,141,146,147,149,138,127,154,143,149,165,145,152,147,157,147,140,132,141,158,145,134,148,151,145,156,136,169,134,147,144,135,141,165,159,149,136,152,145,159,146,143,153,145,150,141,146,140,133,145,136,149,141,154,148,139,133,162,144,143,141,166,151,149,134,168,145,144,134,157,134,147,161,156,148,146,144,150,160,165,155,158,150,139,154,151,132,144,145,145,141,165,145,139,143,156,155,167,155,145,138,157,148,151,141,137,150,144,135,152,161,158,145,137,155,165,165,148,162,139,138,148,142,175,136,141,150,153,144,152,158,146,140,158,160,152,154,155,144,127,143,170,145,155,163,146,138,151,146,170,130,136,139,140,159,144,142,136,141,169,135,147,131,154,143,152,156,161,154,151,145,154,127,155,139,139,146,155,163,144,122,150,162,145,143,165,125,147,149,149,143,159,164,147,138,136,147,148,167,152,147,160,133,150,141,148,154,145,148,145,146,142,137,153,144,143,150,147,143,138,137,167,160,151,154,163,162,148,145,143,143,177,128,146,137,164,141,134,162,158,160,155,148,139,166,165,126,157,164,160,140,155,152,149,151,133,150,163,147,137,137,150,152,137,149,154,151,135,142,149,170,145,166,164,150,150,153,145,154,149,155,163,153,155,147,142,152,150,148,135,150,160,141,122,142,167,142,154,153,161,158,155,191,149,163,150,141,159,140,147,160,154,149,136,151,148,133,131,152,152,160,136,174,126,127,128,155,148,141,142,153,155,158,165,158,137,154,152,163,152,156,145,124,155,144,156,145,128,154,153,164,141,142,163,139,150,153,153,138,143,173,157,143,154,138,145,146,160,157,135,182,153,151,152,160,139,156,147,158,159,151,135,151,146,142,159,150,146,153,160,138,132,171,148,156,144,159,159,153,159,154,155,141,154,151,161,150,149,148,162,153,135,161,154,160,152,133,139,138,156,145,156,140,151,138,153,157,162,158,140,157,141,154,153,147,153,138,154,153,164,149,141,147,148,166,153,160,128,163,153,159,141,149,144,126,163,138,134,145,152,140,155,140,133,139,153,151,155,144,146,147,147,150,142,164,165,157,140,132,149,159,170,159,153,156,112,136,137,140,139,145,150,149,147,153,149,169,169,139,146,144,138,153,155,173,162,151,144,137,145,152,152,142,151,143,142,155,138,168,144,118,129,164,132,131,142,153,153,133,140,140,149,130,159,148,156,192,154,151,153,158,152,150,154,146,166,158,168,167,148,146,157,168,142,173,152,158,144,158,168,138,126,161,148,133,154,148,145,150,149,142,159,164,139,149,154,165,164,139,137,146,153,145,144,150,139,168,147,150,144,157,170,148,172,169,172,131,162,146,136,137,156,131,169,153,158,157,146,149,165,142,136,168,167,149,151,170,148,154,153,155,142,162,153,167,162,149,148,157,144,142,163,154,158,164,153,143,148,146,140,155,145,170,146,173,144,145,144,140,161,143,161,162,156,170,155,148,155,147,150,138,142,142,149,161,156,145,146,145,151,152,145,141,151,137,137,175,156,146,145,137,160,148,146,149,160,152,154,140,146,149,139,147,144,137,153,135,160,151,148,141,180,157,163,152,142,151,159,144,145,143,173,159,153,161,149,130,127,159,156,164,141,155,154,152,154,152,131,138,133,150,158,161,153,151,133,149,141,152,160,170,130,152,130,132,126,166,147,150,143,167,162,150,137,144,161,149,170,162,165,164,149,134,148,142,141,132,152,167,144,143,158,155,139,133,135,141,165,149,157,164,144,150,157,155,133,143,152,132,139,147,171,139,147,160,154,148,137,150,152,162,147,155,149,144,170,138,151,152,148,148,149,157,161,161,165,146,142,152,153,144,147,138,151,151,149,151,149,144,157,158,137,146,159,163,131,169,133,177,140,137,160,127,153,142,142,144,160,162,161,151,160,156,152,152,142,158,132,137,147,140,158,147,145,169,149,139,155,150,143,135,159,140,161,125,156,149,159,144,145,144,142,156,171,143,150,151,149,152,147,164,163,142,163,160,157,162,150,145,140,147,141,150,149,171,145,155,149,160,153,171,159,163,148,154,139,143,134,157,152,163,146,143,140,139,148,137,159,138,146,151,148,148,163,164,146,145,128,144,176,157,140,145,159,139,159,181,149,152,166,148,142,161,152,133,147,140,134,155,141,145,152,159,143,130,152,151,153,143,160,181,157,144,155,137,160,148,132,162,162,145,138,141,146,139,153,161,139,159,149,160,172,144,142,156,162,154,160,144,160,146,132,154,142,138,136,144,155,152,162,158,154,150,151,140,138,149,142,156,147,155,148,156,140,179,168,157,142,155,139,149,141,144,146,131,143,141,147,166,135,152,147,155,147,160,165,157,130,142,155,160,147,169,160,154,150,161,165,151,140,158,157,148,141,149,145,148,158,158,138,138,161,138,121,159,162,153,144,163,156,155,146,148,150,121,152,165,145,146,138,165,161,147,161,167,148,133,146,156,139,145,137,140,156,147,145,149,156,160,150,144,148,153,142,166,140,133,159,159,142,147,153,158,151,149,142,131,140,140,154,145,148,159,170,141,146,139,144,141,147,146,162,145,166,158,146,158,165,144,145,160,143,161,151,145,136,140,151,146,165,157,163,148,140,128,130,139,152,147,158,153,148,169,149,155,157,137,141,160,133,171,151,151,149,154,156,157,134,144,137,147,140,154,141,152,152,145,132,166,143,162,149,167,141,147,157,150,137,152,150,141,128,162,147,148,131,143,133,139,145,148,155,157,147,149,147,136,160,148,142,155,147,151,158,159,149,148,158,133,189,159,147,156,162,133,157,151,137,154,164,149,150,135,149,153,156,141,137,145,150,125,134,154,138,177,155,153,138,163,132,141,151,138,130,149,142,158,162,151,139,140,156,143,134,158,160,141,150,140,167,146,144,145,153,153,144,155,141,139,161,167,144,149,160,162,157,136,149,133,140,154,126,146,147,150,135,155,149,160,148,159,157,153,135,134,164,150,142,127,167,167,144,145,148,150,141,146,148,137,145,152,148,151,149,156,150,137,161,130,156,154,143,157,150,145,155,136,134,135,158,160,162,168,151,135,148,160,144,151,150,151,153,153,142,135,160,143,143,159,156,120,147,146,146,142,153,159,134,137,147,156,146,134,154,153,143,138,151,141,158,178,169,151,149,131,162,150,150,131,150,160,155,150,160,169,158,150,138,143,149,158,148,149,169,138,168,125,157,173,143,144,144,136,159,140,160,164,141,154,139,145,156,162,164,132,145,144,141,128,160,173,160,134,147,133,157,142,144,156,152,151,138,146,152,144,146,144,160,158,151,155,147,159,156,172,148,130,154,160,161,162,148,148,141,147,146,129,138,135,181,150,159,145,155,145,153,155,148,154,146,148,166,143,140,141,158,144,147,158,168,158,139,140,148,140,158,151,146,160,166,172,165,158,170,145,142,137,134,148,147,149,146,151,151,127,140,158,138,150,151,158,141,146,144,149,131,133,151,161,132,137,150,138,149,138,146,155,157,146,155,147,134,157,161,147,158,144,165,149,160,151,146,169,151,151,142,142,158,128,162,152,155,151,150,161,142,135,140,132,150,154,145,152,154,153,149,139,147,159,137,162,157,142,155,159,146,152,149,146,159,147,146,152,162,144,131,151,143,130,146,160,144,157,164,142,142,157,142,152,143,151,151,149,142,149,136,136,150,139,153,153,132,137,134,132,160,152,150,151,132,147,131,145,141,161,159,146,149,140,143,144,156,150,147,159,147,139,154,160,166,156,153,143,177,148,139,157,157,160,142,151,156,155,160,138,143,145,146,135,129,143,159,147,144,149,152,157,148,137,148,161,141,139,147,138,155,141,143,153,155,139,147,148,129,147,137,144,138,145,150,149,146,133,147,157,153,147,159,155,120,145,150,138,152,154,154,161,151,142,144,155,160,163,162,147,153,156,147,152,159,149,150,146,125,145,148,156,164,139,159,149,151,152,179,164,146,149,138,148,142,146,137,151,159,146,156,138,151,133,162,155,152,151,137,147,147,157,164,162,160,152,155,161,148,155,134,147,144,128,155,145,154,134,170,133,166,167,149,149,154,140,150,165,143,155,159,144,145,145,141,146,160,149,146,149,153,159,152,140,175,156,131,145,151,151,131,138,156,155,143,142,151,152,142,144,145,153,147,133,146,128,159,154,143,137,170,142,153,137,150,134,152,143,152,144,156,152,174,150,163,138,150,145,139,135,159,147,163,149,143,155,177,157,150,154,170,165,120,155,143,148,157,155,157,139,119,149,143,161,148,128,174,137,155,146,149,144,145,132,154,143,153,174,151,138,123,162,159,138,135,138,160,145,170,157,143,150,147,172,157,144,148,141,141,173,145,151,138,144,156,168,150,143,145,122,149,153,125,131,167,149,177,159,163,154,155,152,148,156,127,156,158,148,156,144,143,155,174,143,151,143,142,161,133,163,139,142,142,148,147,154,151,160,151,179,156,154,147,158,158,130,138,143,149,163,139,160,138,143,150,161,149,145,147,130,156,164,147,152,156,133,152,148,147,142,142,139,139,151,149,144,173,142,150,153,151,157,151,132,159,138,145,163,148,151,154,138,146,166,152,149,151,144,147,157,165,153,136,157,145,146,169,140,161,163,148,164,164,156,149,145,154,160,152,148,155,159,144,136,153,137,147,148,161,160,164,146,135,148,162,141,156,133,150,149,164,152,139,136,145,139,160,165,165,158,142,132,150,141,154,139,157,144,160,148,148,155,160,132,148,153,137,139,149,139,138,147,153,153,146,146,158,150,159,139,137,152,136,138,151,151,147,124,150,156,144,156,164,148,152,161,149,146,149,144,137,146,142,167,145,147,153,164,157,159,139,156,144,165,140,146,152,163,159,151,143,164,143,160,147,142,143,149,145,145,134,154,151,154,142,140,130,145,167,146,138,160,161,149,142,153,154,159,139,144,140,149,133,154,146,170,154,147,152,172,140,130,143,164,139,150,151,144,147,145,151,161,153,138,142,149,150,154,143,155,138,170,144,148,157,143,161,167,171,153,160,153,161,169,146,145,157,150,143,145,166,164,152,142,154,174,157,149,149,138,150,140,152,136,150,136,155,152,171,144,166,131,148,150,142,130,147,152,155,153,152,144,166,152,128,144,141,165,156,148,155,162,134,148,149,151,150,144,148,153,163,148,156,154,147,154,159,150,146,136,156,146,162,137,138,166,145,148,130,154,157,141,159,159,139,137,135,158,154,143,135,139,156,150,159,154,139,149,153,159,142,146,149,156,151,148,156,149,169,141,139,147,148,147,163,152,143,156,147,152,142,166,147,158,147,149,155,147,137,161,161,162,135,146,138,139,142,127,151,163,164,140,153,153,149,148,164,146,167,133,161,161,154,156,143,140,151,154,147,139,155,143,146,148,132,148,152,143,143,157,153,139,151,141,157,140,145,141,145,147,144,149,134,138,142,141,143,160,154,174,154,159,154,148,150,146,163,154,156,165,152,145,154,137,157,148,136,158,149,153,151,151,150,157,159,169,157,150,148,148,171,155,123,157,144,150,153,152,148,148,141,148,155,153,132,126,150,152,140,149,161,154,140,148,145,151,142,150,153,147,157,152,146,151,181,164,150,148,138,150,146,153,155,160,143,144,162,152,173,145,136,156,146,143,147,153,152,145,135,155,156,149,154,152,150,163,153,170,147,151,152,138,163,156,137,149,163,160,140,136,160,163,154,148,153,154,164,154,145,157,136,147,145,146,157,161,141,144,150,152,165,133,146,158,156,147,138,154,146,145,144,150,139,143,145,166,157,131,140,149,159,149,177,145,171,150,145,142,141,154,137,149,138,159,142,160,152,166,155,177,152,150,158,133,143,150,151,138,157,155,161,148,140,133,147,152,161,176,151,135,141,154,163,144,145,154,148,155,154,147,146,146,152,148,143,143,146,153,168,151,140,151,152,156,144,139,141,124,164,151,144,163,143,143,140,158,157,161,157,149,137,170,145,151,148,168,149,126,162,159,136,134,150,148,150,145,119,146,141,142,164,161,163,153,131,153,157,159,145,155,161,145,145,163,159,153,148,131,149,151,152,154,151,169,147,141,142,159,156,153,155,148,143,129,129,155,144,152,146,150,155,142,141,146,142,138,141,143,158,133,153,152,150,135,146,145,147,148,145,152,159,145,152,160,156,131,149,152,155,160,157,134,148,127,155,154,149,155,161,166,146,153,160,151,147,176,130,140,150,140,149,144,143,140,153,154,125,158,160,142,136,169,129,139,152,148,150,159,141,144,148,160,140,148,136,159,160,136,151,143,138,167,145,151,143,162,155,131,137,154,156,155,149,140,151,153,132,150,152,160,148,156,128,137,148,159,149,138,155,150,145,159,153,149,150,146,151,140,149,142,171,151,156,149,149,134,161,162,145,159,176,153,145,162,143,142,144,156,162,160,157,148,135,145,149,150,162,141,158,145,158,160,140,144,140,174,148,148,141,144,143,144,149,137,136,158,135,132,147,148,149,159,162,143,135,142,159,156,162,154,180,147,132,130,159,154,156,124,146,149,152,149,148,141,140,157,140,165,145,143,134,145,159,155,137,141,148,160,142,154,157,140,139,141,163,144,131,158,147,144,115,142,153,135,154,169,145,139,150,147,144,147,164,134,138,153,135,158,144,159,165,154,141,157,142,137,143,154,150,167,143,173,147,152,144,159,150,163,161,144,142,134,153,157,164,146,160,132,154,142,145,155,153,131,144,146,151,159,152,139,158,153,171,133,154,152,155,148,143,149,161,156,142,152,167,150,154,135,152,115,152,138,151,153,148,153,164,149,140,151,165,157,162,148,145,175,143,156,153,159,168,143,172,178,147,155,152,155,154,147,141,146,151,169,150,155,137,147,155,150,142,155,143,146,134,160,166,133,142,153,143,163,146,131,153,138,162,140,136,129,148,146,171,150,157,147,146,144,144,140,162,158,154,144,176,144,160,145,134,142,140,151,139,150,140,151,143,147,133,138,157,163,158,164,151,156,155,146,160,149,152,151,171,144,165,142,139,151,160,156,150,120,160,150,166,162,170,147,154,157,142,144,121,152,155,157,146,152,159,153,156,149,151,149,165,141,142,136,147,138,153,141,147,155,164,148,144,175,165,148,130,162,147,147,163,150,149,155,146,156,144,124,145,141,160,134,166,157,144,165,153,158,151,152,134,150,163,172,145,151,162,133,149,166,152,154,142,141,164,148,150,155,153,162,157,151,134,144,126,156,172,140,133,136,159,136,162,137,144,131,135,157,162,125,152,159,149,153,158,142,149,137,145,138,137,137,147,150,166,140,141,147,150,139,161,143,160,156,142,162,148,150,151,143,137,152,141,121,137,124,163,145,154,150,160,143,163,143,143,143,150,155,160,143,158,155,142,149,155,162,148,140,141,157,148,158,163,138,143,162,146,135,141,170,150,162,161,126,154,152,156,162,158,157,152,149,148,152,140,139,171,158,153,148,168,137,143,155,152,137,137,169,146,153,142,149,136,140,159,139,161,151,151,155,153,141,151,147,142,152,137,160,152,141,157,161,129,146,165,132,167,159,157,132,169,143,140,136,125,150,139,144,149,146,159,153,138,141,152,143,153,139,143,138,167,158,159,153,164,137,156,141,169,132,152,152,138,156,146,155,151,153,150,141,136,147,151,150,141,142,119,163,142,153,141,145,148,165,142,146,124,163,138,151,146,148,164,145,150,148,137,138,168,159,143,158,158,147,136,127,147,153,144,141,151,137,155,142,167,156,145,138,137,141,147,162,149,170,149,152,172,143,151,156,146,144,148,155,141,177,153,145,137,151,143,138,135,180,135,161,151,146,147,169,152,146,146,146,147,137,163,143,130,149,151,150,142,168,148,144,169,147,149,172,146,153,147,142,156,155,136,141,139,140,138,142,152,177,144,158,144,155,148,147,153,162,148,136,163,144,133,161,157,154,155,160,146,157,152,147,157,148,160,156,146,130,124,163,140,140,157,139,165,131,140,170,163,159,162,128,131,151,144,145,131,163,162,159,155,140,122,161,160,134,155,143,144,144,150,152,147,163,155,150,169,140,144,151,148,144,135,147,139,143,146,150,163,158,147,138,178,159,152,152,148,150,140,154,147,154,142,140,137,131,158,156,168,155,155,134,152,150,168,145,166,166,167,159,150,154,155,157,148,147,155,142,162,160,136,154,152,136,151,145,146,161,159,163,145,154,155,153,143,134,162,139,165,136,141,170,167,149,152,162,154,146,153,167,157,150,151,143,145,149,149,148,144,161,155,147,151,149,147,173,152,137,133,144,151,136,142,142,141,141,145,146,148,156,136,158,152,146,151,120,129,155,147,138,137,136,161,160,135,148,135,141,159,144,153,157,144,167,149,132,159,141,130,140,143,156,148,150,148,150,155,154,160,154,157,135,148,148,147,148,158,150,133,158,136,128,135,144,151,165,162,150,152,134,147,134,149,145,131,168,140,159,165,149,165,156,157,141,155,161,131,155,146,154,154,147,131,147,159,165,148,147,142,149,165,146,141,151,158,149,158,158,127,146,133,140,143,165,151,154,153,135,142,131,170,160,159,143,167,161,138,136,140,142,147,147,141,145,159,160,143,153,159,147,143,143,150,168,142,147,147,161,125,144,147,139,145,156,148,155,138,140,135,146,133,136,140,159,134,155,141,151,146,130,157,149,146,154,158,147,146,142,163,153,155,156,178,147,152,146,158,166,144,163,153,158,157,145,151,163,157,152,160,129,173,159,133,153,164,140,143,150,150,147,139,150,148,147,141,130,150,145,151,153,146,154,166,138,145,173,161,156,144,155,142,152,148,150,150,156,132,142,164,151,155,148,160,155,153,149,126,153,146,147,152,153,164,146,134,154,140,149,141,139,142,144,153,177,131,148,154,159,137,160,137,159,150,177,160,162,145,128,148,157,157,162,150,149,143,152,150,143,153,145,141,156,155,150,136,145,164,149,135,148,157,151,171,176,155,127,145,148,158,152,130,167,154,159,161,144,153,150,156,147,156,151,147,143,159,165,154,150,147,144,171,153,154,144,151,152,147,148,160,152,161,149,159,152,142,152,151,140,146,157,166,153,157,164,146,134,134,138,135,171,153,141,141,158,152,134,145,134,131,170,148,158,133,153,146,139,148,154,156,172,144,141,146,136,135,163,164,157,136,151,158,143,161,145,154,149,149,149,153,137,153,153,147,153,162,156,160,149,149,156,137,142,144,156,158,144,155,134,148,136,150,150,151,144,138,145,136,139,147,119,140,139,151,133,159,143,156,176,148,153,152,130,157,134,143,155,145,153,154,138,155,157,160,145,141,143,148,158,129,149,147,149,146,155,143,147,156,156,159,173,146,148,156,139,146,146,148,146,145,134,155,121,160,124,135,141,152,154,153,145,138,153,149,144,148,146,151,141,151,167,152,133,155,146,153,134,148,149,155,152,158,153,149,146,137,163,137,143,138,166,160,134,144,147,171,159,140,152,151,153,150,140,153,159,137,151,154,169,143,146,173,164,150,142,161,138,145,152,146,162,169,171,147,141,141,132,173,148,144,147,125,144,161,158,139,134,151,157,155,155,151,134,138,125,139,168,153,144,147,156,173,164,165,153,156,157,161,148,137,161,170,146,150,146,159,145,149,145,143,132,154,158,127,140,148,132,155,151,141,146,159,167,135,145,166,148,134,150,132,134,160,129,153,161,155,161,148,150,126,157,152,152,146,158,161,167,144,139,143,149,136,169,148,154,158,140,154,156,138,157,156,141,156,144,139,154,151,144,152,153,142,159,146,154,151,150,150,155,157,130,159,140,148,160,134,167,143,146,154,139,168,155,162,147,148,162,156,136,137,151,153,151,135,163,141,149,148,133,144,162,140,155,134,156,129,129,143,149,164,151,148,172,161,147,133,164,143,151,159,149,170,165,151,139,142,154,139,147,143,136,157,150,139,133,142,155,145,166,136,151,156,154,148,156,143,147,155,156,143,170,161,156,137,165,159,148,138,151,155,134,134,154,135,142,155,155,150,171,159,158,155,143,134,154,163,151,158,141,152,169,147,149,130,128,157,131,157,152,150,149,151,145,151,156,159,169,152,128,162,170,151,155,172,150,152,156,151,157,159,143,167,149,153,141,160,136,144,138,145,132,147,153,150,136,130,145,157,144,147,142,160,160,134,159,142,162,150,150,138,145,128,151,146,156,146,148,154,147,153,143,138,149,162,137,146,161,148,145,149,152,156,157,151,159,135,139,140,140,156,158,149,152,126,159,159,159,151,179,152,159,147,156,145,157,149,158,163,154,153,147,146,161,128,154,164,139,152,143,141,144,165,155,150,173,156,158,160,141,169,161,147,158,149,134,165,141,150,151,146,161,137,138,149,176,150,132,159,127,120,141,159,146,145,152,155,146,162,164,166,146,146,150,148,158,136,166,147,138,139,147,183,150,143,150,131,140,166,154,148,154,137,149,165,139,145,141,155,135,155,149,155,157,159,159,139,153,162,123,159,141,145,152,138,125,142,175,162,140,152,161,121,127,157,150,163,134,172,133,140,132,156,154,149,161,146,152,144,141,144,147,147,140,142,145,145,162,161,140,137,140,141,141,147,136,163,138,152,146,154,157,163,149,151,158,161,144,143,138,139,174,169,149,161,147,161,150,154,135,147,162,130,158,155,153,151,147,147,155,150,146,148,158,149,137,172,172,140,167,148,139,137,150,152,167,142,166,138,160,134,156,143,150,148,148,142,150,151,154,138,162,158,143,152,167,160,156,161,139,161,142,165,154,158,146,160,148,141,145,151,152,148,154,141,160,148,152,150,158,150,168,154,142,156,148,154,149,162,160,173,166,123,156,148,139,136,138,154,140,152,162,164,145,160,169,154,151,158,155,141,144,132,152,151,140,147,163,143,150,150,131,142,152,152,146,162,150,134,155,156,145,163,164,133,143,152,118,153,153,161,150,149,147,154,158,145,143,152,157,147,157,150,160,152,146,151,143,160,150,148,154,145,146,151,145,151,134,156,154,150,154,159,178,165,138,140,144,151,157,150,160,138,134,142,152,144,135,134,155,145,162,147,159,132,146,150,156,156,152,152,156,137,170,145,151,171,150,134,138,143,146,136,140,148,156,156,140,145,144,131,137,150,136,153,154,159,147,158,149,145,157,149,130,141,150,153,163,142,138,145,159,151,141,147,123,145,148,153,138,174,161,141,150,161,161,138,157,157,150,166,158,140,144,152,156,154,174,159,156,168,149,162,166,156
158,145,139,149,131,150,147,152,160,159,150,171,164,126,154,153,143,149,137,153,158,166,166,143,130,145,160,139,156,153,153,144,161,127,147,157,146,145,143,145,146,137,155,158,147,164,160,147,158,148,154,158,172,132,156,141,152,159,142,141,160,148,137,150,165,138,146,147,132,168,135,148,171,164,161,147,147,154,160,147,142,140,161,148,168,159,151,130,160,166,167,135,158,150,157,144,141,147,139,156,146,155,141,151,146,129,131,132,156,183,150,153,128,150,154,162,148,153,138,145,158,163,166,155,156,157,131,170,151,143,144,140,155,116,140,143,147,158,138,162,136,130,134,153,146,149,157,157,141,157,145,151,161,160,147,160,157,155,149,141,154,145,144,159,145,132,153,153,147,150,136,147,149,149,156,137,155,144,171,139,142,172,160,152,145,165,142,139,147,152,164,158,139,155,167,161,162,148,149,153,164,156,134,134,175,151,151,158,133,145,134,150,139,153,148,152,154,156,157,144,156,145,158,165,142,152,173,147,133,135,160,149,175,152,151,157,148,131,149,152,159,150,152,155,151,149,138,145,146,150,131,145,162,164,158,155,144,149,145,148,160,164,164,151,155,156,138,170,162,151,166,131,152,148,151,137,145,151,152,141,156,150,146,170,169,169,147,154,145,139,146,154,141,149,152,159,137,164,159,136,142,142,166,178,144,141,140,143,145,151,145,133,149,139,163,165,139,155,165,147,164,142,150,145,153,159,146,149,142,131,152,144,129,147,136,133,149,136,156,138,153,161,152,172,156,155,151,150,153,145,146,158,151,141,162,157,149,150,164,160,139,132,159,136,166,121,142,137,146,144,136,128,147,162,159,157,148,138,144,158,150,158,155,163,151,155,162,157,158,154,144,168,151,136,141,163,150,134,139,161,140,149,154,153,152,150,141,156,150,166,147,135,167,149,148,147,149,161,151,149,137,175,140,161,152,146,132,148,142,144,146,154,165,158,150,149,140,163,149,131,164,147,127,160,146,143,146,156,170,148,171,144,138,160,158,163,148,134,147,155,127,148,149,155,162,153,170,135,151,134,146,170,152,154,138,136,141,144,151,148,165,149,141,147,155,148,142,145,123,131,154,145,156,145,141,155,162,147,145,147,163,155,146,144,137,130,148,150,139,132,147,145,146,153,142,169,145,134,158,162,157,151,146,160,153,142,147,154,141,149,146,155,148,147,151,149,151,155,128,132,148,136,142,148,150,160,148,149,136,140,158,141,134,154,144,143,162,148,146,138,166,157,146,142,159,145,143,161,164,132,155,150,157,152,157,167,138,149,143,160,161,128,177,142,150,124,152,139,154,155,140,148,152,149,165,153,135,131,144,154,134,136,154,142,131,154,173,161,150,154,142,165,160,167,153,145,129,140,141,138,155,154,157,137,156,159,163,137,131,142,143,151,151,153,146,131,156,152,154,147,148,159,151,159,140,143,148,127,140,152,156,148,129,159,147,177,160,151,144,130,154,127,151,152,157,151,162,144,149,143,147,160,155,142,151,154,171,130,154,167,160,152,146,147,163,162,154,147,156,152,132,134,139,168,165,171,150,159,141,164,148,143,136,154,169,150,151,128,156,162,155,135,149,169,144,140,143,146,165,145,164,129,132,129,155,156,154,159,168,160,128,151,146,137,142,159,156,147,157,171,155,137,146,147,146,159,139,154,134,160,146,162,137,158,155,127,137,166,150,144,148,134,158,134,144,129,154,138,159,139,152,174,147,143,139,146,140,146,155,157,163,167,160,171,150,159,144,132,149,157,143,153,145,163,145,140,144,142,134,148,148,159,136,134,148,150,173,183,142,171,141,146,148,147,156,162,141,154,172,154,164,158,158,161,144,128,157,151,169,143,146,151,138,144,141,148,147,152,145,146,164,167,164,154,163,149,148,158,141,135,153,162,155,144,146,153,142,141,143,152,152,150,157,143,140,155,174,136,150,147,138,157,149,155,145,141,150,141,164,158,170,143,133,152,149,161,162,150,158,156,165,137,144,145,134,151,128,127,173,143,143,164,154,160,156,138,139,154,143,172,153,158,121,182,138,150,147,149,155,165,152,139,149,135,153,153,149,167,141,156,141,165,128,150,148,163,145,149,146,148,138,159,153,149,130,148,163,164,134,154,157,142,151,164,168,140,152,151,141,167,141,143,149,157,156,168,150,156,151,127,168,143,152,146,149,146,153,152,139,128,143,138,161,148,148,142,153,143,134,157,175,156,156,141,155,147,150,176,136,143,153,165,165,142,158,174,152,161,142,141,159,144,141,143,147,160,145,131,128,149,150,153,143,158,155,144,154,138,145,152,163,146,143,137,157,158,147,159,143,160,157,172,150,156,180,140,160,164,155,146,158,129,138,141,154,151,160,135,148,135,156,144,155,158,138,158,151,159,143,157,139,134,155,143,156,142,148,137,141,165,150,131,142,141,144,138,166,161,153,148,160,150,145,142,165,169,135,165,156,155,186,143,148,149,147,137,137,137,150,148,155,156,152,135,136,139,159,140,164,141,144,141,146,135,171,154,146,157,145,159,147,155,155,159,152,152,141,149,163,150,145,163,163,149,154,161,147,157,142,162,138,148,136,139,168,139,161,168,144,147,147,143,146,155,153,151,153,152,140,142,169,152,138,152,148,144,128,140,157,130,144,145,152,162,159,138,141,143,160,120,146,150,145,165,149,139,153,151,149,137,126,147,168,160,150,154,146,156,132,146,148,143,156,145,159,157,140,136,147,152,155,151,157,164,156,142,142,150,159,145,130,142,145,145,144,133,144,135,147,152,165,166,150,143,156,153,157,139,160,155,171,177,141,147,156,139,139,142,155,141,164,143,143,146,155,139,163,152,161,157,150,155,134,143,146,163,148,130,143,155,124,161,128,153,148,155,140,142,146,139,154,137,156,143,153,153,148,139,143,157,158,141,154,155,151,134,138,168,152,127,158,137,150,157,150,146,127,155,148,151,139,162,157,145,159,154,145,151,152,151,145,152,148,157,145,144,151,154,144,160,156,158,154,139,137,170,171,167,131,166,134,162,139,142,151,150,135,151,155,155,149,161,157,145,147,154,149,128,163,149,160,163,154,157,153,165,137,148,142,139,139,151,146,156,158,138,142,133,172,144,145,153,142,165,146,148,153,155,150,160,134,140,144,155,164,161,147,134,155,152,162,146,144,150,158,159,124,139,143,155,133,168,144,164,152,148,138,147,159,160,155,147,162,147,149,173,148,141,154,146,142,141,155,150,150,145,149,163,140,151,157,146,165,148,159,144,172,155,153,159,147,157,150,145,155,155,143,149,143,158,142,134,161,122,172,154,159,140,159,139,138,182,140,137,150,163,156,138,158,152,143,146,145,151,168,147,168,138,154,148,157,150,168,140,127,147,140,148,163,148,167,158,153,161,159,162,154,165,151,156,149,148,153,140,167,154,149,147,154,137,156,152,159,152,147,156,150,135,151,130,151,140,147,140,144,153,146,149,155,143,167,150,145,163,146,172,147,146,151,155,152,146,160,144,165,140,162,151,151,152,155,153,147,147,170,152,142,141,156,134,155,161,154,144,166,165,154,145,150,146,151,148,150,139,159,161,143,148,161,131,161,135,160,164,138,152,134,140,131,134,149,142,151,143,146,131,169,144,150,151,152,124,148,140,156,151,146,162,157,149,141,151,153,163,158,152,145,159,150,133,158,148,150,150,150,139,151,142,149,147,149,144,142,143,162,139,138,146,155,139,160,145,152,151,163,167,134,151,146,155,146,170,160,153,142,152,137,132,141,162,133,151,143,155,149,149,166,141,154,156,142,162,151,167,150,139,149,149,136,148,149,164,147,147,152,142,145,141,165,134,144,158,151,148,128,133,156,140,158,140,144,159,146,150,174,146,150,150,148,152,145,143,149,132,136,158,145,144,165,142,167,165,134,169,141,148,135,139,150,150,158,161,149,146,143,148,139,163,153,164,156,122,166,146,151,128,146,161,171,148,148,144,151,157,148,146,144,136,141,162,139,153,139,155,157,161,162,152,151,134,142,140,152,149,158,143,154,134,130,158,138,156,132,147,153,142,151,154,140,152,149,154,139,160,139,160,131,145,170,147,144,148,136,154,153,126,159,150,128,145,125,158,153,156,129,146,141,128,152,129,148,150,151,158,141,141,163,146,159,147,151,141,149,132,160,168,151,163,157,147,129,159,127,155,144,163,149,145,141,135,143,138,164,157,170,147,158,150,137,133,156,134,161,157,140,164,160,165,158,153,151,165,145,144,159,160,174,136,152,147,146,151,142,146,149,142,159,163,143,179,159,147,147,137,162,149,151,156,138,153,144,143,147,161,165,138,142,155,162,151,160,151,139,143,151,155,145,148,160,150,146,143,160,140,156,139,161,147,144,147,149,156,143,144,142,157,145,149,147,145,148,147,138,119,151,163,158,143,150,163,150,152,160,141,156,155,167,151,162,162,144,155,150,142,163,136,141,123,155,148,175,141,160,149,128,143,137,163,142,152,138,158,142,160,143,149,149,141,141,145,147,152,156,149,161,142,161,153,156,160,162,164,143,155,134,150,157,144,154,162,153,146,138,143,166,162,155,143,151,154,157,153,140,148,133,136,146,145,151,144,148,136,156,155,149,149,138,169,130,163,172,154,156,162,148,150,162,138,147,148,157,152,146,157,123,134,148,156,153,132,145,144,144,157,150,136,145,147,149,150,143,153,142,160,164,141,148,160,130,147,152,151,163,150,167,154,147,139,137,135,141,162,143,137,156,137,160,166,136,151,145,147,157,156,175,151,157,154,149,138,130,151,170,170,161,154,153,156,139,146,126,158,151,161,154,155,145,153,145,139,151,145,138,151,158,139,145,142,139,145,148,154,169,147,140,151,140,133,159,146,158,140,154,174,135,152,149,144,153,143,144,140,148,158,157,162,144,161,166,144,145,145,148,150,160,152,147,164,156,143,159,138,154,185,150,154,147,134,148,157,150,148,154,156,155,139,136,150,141,159,150,142,134,147,135,148,157,157,158,129,153,142,154,161,153,144,139,151,154,134,141,147,141,150,159,141,150,153,163,154,141,147,148,150,146,160,146,140,158,171,160,150,157,144,137,140,152,150,139,156,142,158,158,159,136,145,154,168,144,160,159,138,154,140,143,155,149,143,150,145,159,159,160,157,157,165,132,152,150,137,166,147,155,160,154,132,167,152,173,139,157,153,148,147,135,143,159,152,160,131,146,139,141,150,150,152,153,151,123,146,152,154,144,141,154,153,156,141,142,170,146,153,145,148,165,140,148,161,161,168,138,156,153,152,161,158,140,151,140,143,161,158,139,145,167,140,163,148,160,141,148,140,144,132,147,145,143,160,149,153,146,130,149,139,140,165,151,149,160,169,145,137,162,144,141,146,140,146,149,155,144,140,158,156,144,133,134,130,140,137,140,162,140,160,149,153,154,154,144,154,165,164,161,135,143,151,159,144,159,151,146,144,152,141,144,165,152,146,151,150,172,126,144,143,160,145,164,153,166,146,151,129,156,153,149,148,132,152,157,165,153,157,147,148,134,166,176,154,139,135,150,129,135,144,156,146,158,158,145,147,154,161,151,152,145,157,147,154,162,157,151,145,157,159,139,148,170,154,126,159,147,142,147,134,149,132,149,141,141,162,156,142,135,144,157,143,137,142,151,137,141,155,138,168,156,144,157,133,156,149,164,146,157,153,131,154,142,144,156,137,167,159,167,160,146,143,152,132,152,142,144,147,149,166,142,140,138,144,156,143,137,139,163,115,155,142,138,137,173,169,152,134,153,151,152,158,142,132,152,150,142,151,144,142,143,134,171,145,150,144,146,146,140,143,144,162,146,143,142,152,153,150,153,144,158,149,128,170,159,169,150,144,152,146,137,149,152,144,131,159,153,165,147,152,154,148,164,152,145,157,149,134,151,154,169,135,163,158,133,152,143,146,174,160,130,145,149,162,164,139,165,147,149,161,144,148,144,172,157,141,154,134,153,163,148,158,143,156,165,132,145,145,159,146,139,137,150,127,148,151,145,158,159,141,146,162,144,135,147,149,165,159,133,142,138,147,136,135,148,140,150,146,154,126,120,140,143,161,143,148,161,167,162,138,138,148,147,147,146,137,149,155,153,143,168,146,151,139,138,144,161,152,157,155,134,162,166,146,162,135,143,151,165,165,138,152,141,149,161,153,152,139,145,144,137,156,158,156,167,167,148,138,140,144,146,140,155,163,142,150,156,159,139,156,153,150,155,149,156,154,149,166,138,149,132,162,157,171,151,164,151,137,135,130,143,141,151,154,148,151,168,147,149,139,160,139,148,159,124,149,137,157,156,143,152,142,143,143,142,154,139,150,144,155,134,143,145,145,152,151,143,143,166,149,151,153,174,162,141,131,151,153,145,140,154,137,163,143,154,167,156,155,149,144,166,157,147,154,150,146,153,150,147,146,142,148,126,152,155,147,169,152,138,138,149,144,154,148,174,139,141,147,140,152,141,170,148,141,159,150,143,164,146,155,156,141,142,163,153,152,162,162,141,160,134,128,146,152,143,147,147,151,142,149,143,158,149,159,143,146,146,153,165,154,154,158,134,161,160,146,174,146,156,175,150,158,149,150,159,149,159,151,154,161,140,146,142,148,180,143,136,148,155,141,154,146,166,140,140,154,147,152,146,181,129,147,148,148,153,170,144,157,156,132,171,127,132,157,143,152,162,164,150,162,164,125,152,150,163,144,145,151,154,154,141,161,167,130,141,144,130,145,144,176,164,144,154,150,158,129,155,166,152,146,147,159,148,148,152,136,154,164,165,156,157,144,155,140,152,151,142,145,151,171,142,145,160,164,154,135,160,161,146,147,164,156,134,170,130,152,143,151,141,143,146,148,151,136,136,134,160,147,134,138,148,164,153,137,153,140,157,153,145,144,156,156,156,134,147,153,169,165,162,153,140,149,133,141,148,158,148,148,134,146,163,146,135,150,156,159,157,131,168,140,143,171,160,155,148,135,152,157,152,148,141,145,165,142,146,156,146,142,157,133,153,152,153,147,150,139,134,158,124,155,140,145,127,157,140,150,146,141,177,167,146,161,146,146,151,140,161,147,155,158,142,138,160,154,157,137,159,150,161,160,125,145,151,143,157,151,143,152,155,144,126,160,149,147,148,154,161,178,147,154,142,129,161,141,147,141,160,152,177,146,154,139,146,149,135,160,140,143,160,138,141,135,158,142,162,144,144,137,140,135,149,152,152,147,145,146,159,148,152,153,144,146,152,140,158,167,142,142,132,145,134,163,140,148,146,136,164,143,143,135,158,152,153,139,147,147,149,151,117,164,139,141,153,153,145,154,134,143,164,154,140,143,138,160,153,161,160,144,148,155,153,144,129,159,145,157,144,157,144,159,146,150,149,158,143,145,133,141,154,150,147,155,146,164,140,145,140,140,140,140,143,149,155,146,136,148,148,151,158,151,158,167,148,125,145,140,151,137,166,163,149,170,128,161,143,174,139,138,136,148,137,141,137,134,127,150,154,139,162,147,156,138,149,144,153,139,136,170,154,136,157,150,149,165,148,155,163,153,145,165,158,155,141,155,152,138,157,137,167,147,155,156,146,141,140,165,139,145,166,146,156,154,141,147,130,145,139,144,132,144,161,147,150,135,154,142,159,144,147,153,157,163,148,158,148,165,151,148,135,136,148,146,172,143,156,152,156,147,165,128,143,135,156,154,159,149,153,162,154,142,156,152,154,142,132,155,168,143,161,129,147,144,150,173,176,151,160,159,143,157,156,152,132,158,166,154,141,147,114,149,145,151,149,157,142,154,145,141,135,131,171,130,150,151,151,145,128,137,149,164,148,135,144,148,152,157,147,133,139,141,151,137,156,160,149,152,132,141,150,141,162,171,148,147,146,147,149,158,144,144,135,149,161,132,145,149,140,152,143,147,142,155,150,154,140,153,137,139,146,159,149,147,135,146,134,139,145,149,167,169,159,154,147,156,143,157,146,163,173,143,149,150,154,138,158,151,132,146,124,135,143,135,157,139,142,142,154,137,147,142,132,160,156,120,145,157,172,144,151,150,165,136,159,160,141,151,149,147,153,135,148,128,158,162,159,144,173,159,149,132,146,167,133,150,172,163,160,149,150,156,146,159,153,132,150,134,150,149,144,147,170,140,164,171,146,159,148,148,138,142,156,148,150,142,154,141,161,162,152,141,159,144,147,161,144,144,158,147,144,148,167,144,149,145,133,133,148,134,144,142,167,163,133,158,118,146,151,152,153,147,144,167,129,129,130,136,158,136,145,167,149,144,133,126,134,148,159,137,158,152,142,139,144,147,144,165,146,148,161,141,147,158,138,161,139,157,167,165,138,148,150,151,143,166,169,151,146,139,136,155,157,160,140,153,163,152,149,142,145,133,154,154,131,146,142,154,152,156,154,144,169,173,155,158,147,154,138,157,158,149,147,152,151,136,141,148,148,145,144,151,157,152,150,155,155,159,148,152,131,157,158,135,165,137,150,142,142,151,143,132,126,150,153,159,155,169,146,159,183,154,122,158,152,150,138,153,128,160,144,152,148,134,141,150,156,159,142,139,163,137,157,154,136,147,147,158,128,154,166,148,146,158,155,150,145,169,156,148,152,150,151,125,160,145,161,151,152,152,145,160,143,147,160,146,143,149,125,138,142,139,160,137,146,150,138,144,163,165,140,134,150,160,142,144,160,156,151,126,161,124,161,144,145,158,152,145,147,135,164,150,142,143,158,149,134,143,160,135,138,140,157,127,152,146,160,150,154,162,160,135,156,157,163,161,160,131,141,160,139,154,169,175,152,148,151,164,142,161,153,155,152,140,152,144,133,142,154,142,152,150,130,170,161,147,165,149,154,140,154,142,154,150,177,147,162,145,159,142,163,144,161,152,142,161,154,142,161,133,147,142,142,138,152,160,138,145,145,135,136,154,150,150,158,151,175,138,136,148,161,138,142,150,150,152,150,149,134,175,141,147,148,152,157,149,155,145,140,145,144,148,162,146,138,142,154,163,154,165,163,150,153,149,129,147,149,150,155,153,173,137,151,137,142,156,147,131,158,139,162,147,138,143,165,152,146,133,146,136,147,131,164,142,126,174,150,151,136,143,150,148,142,142,160,152,173,155,135,153,168,146,136,143,143,149,155,162,151,142,145,142,166,166,136,154,150,147,156,145,138,163,152,147,161,154,149,141,153,148,145,149,159,149,131,141,157,158,132,140,148,149,157,151,136,140,143,142,162,160,156,150,139,129,142,156,149,158,142,150,145,148,146,152,165,153,133,138,150,153,146,144,132,142,129,169,145,149,141,142,175,144,145,152,156,142,158,146,137,154,143,151,168,168,142,143,145,126,156,161,161,126,151,149,153,156,180,134,139,146,139,137,157,155,150,144,133,127,159,146,172,161,139,151,157,157,158,154,143,151,160,155,153,144,161,157,146,163,160,157,161,148,127,157,136,155,147,150,146,137,143,151,151,140,159,164,143,136,149,165,141,149,146,144,171,144,135,149,152,151,155,139,165,143,167,140,152,160,132,139,158,157,157,155,157,155,157,148,152,161,143,147,147,156,122,158,158,140,151,137,152,129,137,152,145,146,135,163,153,142,148,149,164,155,165,160,147,159,139,159,156,150,142,137,146,142,159,151,128,163,163,141,149,169,158,148,154,159,140,147,151,144,160,133,155,136,148,162,135,144,141,148,145,168,159,168,150,148,148,155,148,149,147,153,148,133,136,151,136,153,154,156,154,146,157,159,149,162,156,141,145,142,144,167,157,138,146,140,148,146,161,160,156,141,156,143,151,157,148,145,148,151,146,125,136,150,149,146,143,172,148,164,155,151,157,136,144,154,150,152,141,132,156,152,157,165,159,143,152,158,154,148,147,138,141,150,172,179,155,157,156,137,160,154,130,142,149,153,130,153,133,164,155,164,163,163,147,134,145,147,130,164,143,140,151,147,127,165,178,152,144,157,155,166,156,148,150,160,152,148,144,151,161,166,179,141,151,169,131,154,159,148,163,152,147,136,148,146,132,140,157,144,150,155,171,144,156,132,147,140,150,142,126,162,167,142,145,154,158,145,132,158,155,156,148,156,171,169,139,151,155,137,148,154,139,142,145,135,168,142,164,165,145,155,161,154,146,134,152,140,155,141,154,152,152,147,166,138,148,150,161,147,150,162,145,153,134,152,142,147,143,166,143,159,135,143,143,153,132,146,166,139,164,155,146,148,138,151,147,138,148,141,158,165,147,143,155,167,138,151,143,156,155,146,149,162,132,147,154,158,165,144,164,164,142,154,171,140,138,139,140,163,148,151,157,139,144,149,147,181,151,135,146,154,143,160,152,158,155,134,137,155,142,148,157,139,134,146,152,153,152,145,137,160,154,137,154,153,142,145,145,150,150,156,163,155,135,138,144,147,161,150,143,135,165,124,145,147,140,140,150,137,152,136,144,146,170,154,155,144,145,145,147,152,159,148,136,170,161,161,141,147,159,152,149,139,160,138,147,166,141,141,152,164,154,149,144,159,149,162,140,135,143,145,155,155,147,151,146,153,138,140,127,149,156,155,149,154,159,161,141,154,141,162,156,135,154,158,142,152,155,150,165,132,160,159,159,152,137,139,143,148,159,143,151,133,147,148,143,146,153,143,155,160,161,152,150,154,150,145,144,138,162,143,155,145,140,155,169,155,138,146,153,158,148,140,164,146,159,131,149,151,159,167,143,154,135,115,142,145,143,139,162,144,146,151,141,147,153,152,147,146,144,141,151,133,143,157,156,139,142,138,134,143,147,153,159,160,163,137,135,145,136,158,156,142,152,146,153,135,158,144,152,152,160,158,139,141,149,146,167,154,159,162,154,149,148,152,146,147,145,138,141,153,157,143,136,155,148,133,162,144,166,140,146,155,148,157,131,147,132,143,139,148,159,148,152,142,165,144,141,147,144,170,151,123,148,154,150,161,134,163,167,150,152,126,136,147,139,153,155,135,155,136,148,140,145,153,136,158,164,142,134,152,145,152,140,145,141,160,141,156,155,156,157,184,152,165,151,142,151,152,144,165,141,142,141,147,160,146,168,133,159,139,154,170,139,142,146,142,143,176,141,143,150,149,139,159,162,157,167,142,153,147,158,151,150,148,152,139,165,147,172,132,133,139,149,169,164,157,158,150,151,164,160,152,150,143,191,177,151,142,168,155,128,131,156,146,135,138,158,146,158,153,133,143,159,150,146,173,141,140,127,157,150,148,154,160,155,158,128,141,159,161,157,154,157,146,156,160,151,146,151,146,153,141,159,139,152,147,143,161,134,140,134,159,142,154,141,140,156,156,148,152,154,158,148,167,130,148,146,161,152,164,149,150,125,136,144,157,156,161,148,152,134,143,141,153,146,156,155,133,154,142,136,151,150,142,162,157,132,140,149,175,142,136,154,153,140,159,128,151,138,149,159,133,154,140,148,161,153,138,156,165,153,157,146,150,174,143,149,133,156,151,172,160,165,135,159,136,156,137,157,147,157,145,135,175,141,147,149,140,137,142,137,148,149,137,145,155,142,131,145,166,154,144,180,138,151,152,141,148,147,149,163,162,148,150,166,158,152,159,153,139,155,137,141,145,149,142,149,157,163,153,144,161,158,154,150,138,151,145,147,145,158,124,157,135,162,154,142,150,150,135,150,151,148,130,150,149,155,158,141,139,146,124,146,138,162,170,157,144,143,158,156,144,162,151,150,155,155,135,137,153,148,146,147,133,130,149,125,144,140,153,150,155,150,160,152,153,148,145,154,142,154,147,145,137,151,142,136,157,162,147,146,153,149,158,141,145,133,164,152,155,143,141,159,158,145,147,132,155,155,141,135,146,135,138,170,153,148,158,128,143,153,138,169,159,143,148,161,147,160,155,143,139,166,149,159,141,130,169,126,169,139,147,160,165,151,156,144,148,160,143,149,145,173,168,129,163,148,142,131,146,162,148,133,140,152,149,141,165,146,142,148,156,148,163,144,143,156,172,171,154,150,155,162,152,149,169,151,136,152,128,135,151,152,159,152,169,144,153,151,160,143,148,143,171,161,141,155,130,142,147,129,153,142,158,144,160,150,159,140,160,152,158,146,141,158,142,146,157,162,157,164,154,142,134,159,135,159,131,136,140,148,132,134,154,152,147,159,152,135,151,133,147,150,159,136,159,153,171,139,152,162,166,145,143,151,152,135,148,133,134,152,155,152,140,144,140,159,152,140,132,144,156,137,148,150,142,156,161,145,158,141,159,136,129,149,145,161,146,160,156,155,155,150,146,142,132,132,150,150,159,139,143,147,151,140,165,150,150,158,152,165,157,134,135,155,139,155,163,160,131,141,164,162,148,153,142,182,170,161,153,150,139,153,165,150,151,152,149,149,143,143,148,149,151,154,155,164,133,136,154,167,151,152,145,142,166,173,154,162,145,150,160,146,149,162,164,163,144,151,153,133,165,155,145,151,154,153,148,139,182,154,130,144,159,150,146,147,143,157,147,159,156,167,168,162,143,150,162,139,162,143,153,153,169,149,133,132,151,144,152,152,148,136,155,145,161,172,149,161,148,140,139,149,151,140,153,163,145,158,146,149,141,138,170,162,153,151,139,147,162,156,163,155,147,138,160,165,155,138,159,158,149,142,157,157,161,149,144,161,130,151,153,166,141,133,141,159,177,161,152,158,138,142,157,153,142,139,147,153,151,152,162,132,124,150,153,142,143,136,154,146,138,150,140,153,153,147,147,140,148,161,169,127,142,143,145,159,145,138,153,143,136,140,161,151,173,156,132,144,148,159,153,144,158,171,135,135,146,126,166,136,147,156,170,143,157,144,162,160,141,146,136,130,152,150,153,160,152,155,149,145,146,142,151,145,153,175,151,147,154,143,152,150,156,157,160,144,141,151,151,138,136,137,163,138,157,140,131,156,147,141,156,153,162,149,131,155,136,162,152,140,147,153,154,179,135,143,155,159,159,132,138,151,160,141,143,149,136,127,140,156,147,167,152,141,157,133,151,160,151,148,136,136,145,154,136,164,136,153,120,131,151,131,168,147,147,143,145,157,148,169,127,161,133,147,157,152,136,153,161,155,157,162,149,135,151,140,150,136,151,161,160,138,146,144,145,132,146,148,134,152,140,127,158,146,176,161,151,116,151,153,149,149,157,149,166,151,126,135,148,147,141,143,151,145,130,147,144,171,170,164,165,135,143,165,132,159,141,158,136,160,148,132,166,151,157,165,149,146,154,150,137,141,143,150,148,159,145,145,179,144,159,134,142,141,159,146,166,147,136,145,158,153,156,153,139,168,166,131,150,148,135,141,161,144,157,146,156,141,152,145,153,150,137,145,145,161,154,175,164,153,132,157,156,149,134,141,146,158,155,148,145,139,148,149,139,164,157,139,160,140,129,163,162,153,127,143,161,153,154,134,155,133,144,161,139,140,141,135,140,149,145,138,138,139,144,155,149,156,155,142,157,160,151,154,157,143,135,174,144,150,163,143,155,133,140,138,136,140,153,137,141,141,149,165,162,144,132,157,147,158,143,149,149,160,155,151,143,140,157,142,162,146,168,147,159,145,155,166,123,166,154,159,153,141,155,144,165,137,157,147,168,167,131,162,146,133,138,160,157,165,149,152,158,154,143,148,147,160,146,143,147,137,159,159,138,142,153,140,166,165,161,147,165,163,154,168,146,125,144,151,151,146,134,155,158,147,154,145,134,136,153,146,149,145,136,160,149,144,145,153,152,129,132,133,138,137,157,164,151,158,145,146,143,134,150,146,149,130,150,147,142,162,155,161,158,152,149,167,153,155,168,148,158,164,147,148,143,166,147,147,166,139,148,158,129,161,156,143,158,155,156,169,151,149,160,147,158,149,157,146,156,139,145,160,124,148,140,170,139,170,147,139,153,161,157,139,159,136,154,145,150,147,158,163,149,137,164,142,131,145,155,164,137,144,164,151,143,144,152,139,160,140,137,129,152,139,151,145,152,144,157,143,140,153,151,139,155,144,153,130,141,147,163,156,139,162,123,139,143,151,166,146,147,160,160,149,154,136,175,169,169,148,147,161,136,144,143,142,141,152,156,155,141,135,154,145,151,160,148,149,127,141,150,141,135,149,139,132,135,141,151,141,153,149,163,159,159,138,133,157,156,158,142,161,161,164,156,145,156,138,143,137,148,158,149,145,134,154,139,162,167,146,141,150,168,134,154,156,178,151,158,153,154,159,150,145,148,162,145,174,165,161,154,141,135,147,148,139,154,154,137,161,155,160,159,144,156,146,143,143,168,150,155,157,165,160,141,151,150,145,137,149,154,143,158,133,117,142,136,141,154,147,163,150,155,150,177,137,143,155,137,171,142,143,149,143,161,154,147,149,152,149,146,143,148,165,147,157,158,172,148,145,152,163,176,143,153,166,162,137,153,159,170,159,137,148,163,155,143,146,125,148,155,136,163,155,134,151,159,145,157,143,160,123,142,141,168,153,137,165,141,154,160,162,137,170,169,161,162,136,139,164,145,156,166,157,144,162,148,155,125,154,140,150,150,151,126,147,141,130,165,143,155,146,147,144,152,143,151,138,146,150,133,147,150,167,160,146,152,163,143,142,150,148,145,148,171,138,139,163,164,153,150,152,147,130,142,155,132,147,143,154,138,149,137,155,148,160,142,149,151,141,167,152,151,138,157,144,153,141,148,156,164,154,151,165,135,125,175,144,154,161,143,153,132,135,140,153,164,125,155,141,148,156,149,140,147,130,148,177,152,149,133,144,144,137,171,142,155,151,148,153,149,148,140,150,157,147,144,136,139,132,149,155,140,186,142,144,156,144,147,142,149,139,166,157,174,164,155,146,136,159,162,156,137,139,151,147,138,143,156,148,158,149,160,157,134,159,160,139,162,150,160,156,138,146,149,137,159,150,140,162,127,141,135,167,153,164,155,144,165,143,141,149,128,130,151,143,155,149,145,153,148,151,164,151,150,147,143,144,147,154,149,139,138,146,149,155,145,146,149,130,170,145,147,154,133,145,142,149,152,164,132,141,131,160,152,136,146,162,156,132,156,141,141,153,133,121,134,155,141,154,160,160,159,152,165,164,173,135,145,141,142,135,131,144,149,145,161,132,144,166,150,156,146,159,144,170,153,152,152,133,156,131,142,144,148,161,156,149,152,120,129,129,151,142,151,157,147,139,148,133,143,155,154,156,153,154,150,153,140,148,167,147,137,143,133,168,135,173,167,135,149,159,150,148,171,148,140,151,152,141,172,146,172,164,158,161,145,137,154,148,145,138,141,122,157,147,149,157,160,137,165,140,153,146,143,150,150,153,150,154,160,146,134,150,150,143,135,137,148,145,154,151,161,147,157,160,155,137,152,153,152,168,146,166,156,156,133,168,148,159,139,158,144,141,148,150,135,148,138,156,148,157,162,152,161,150,164,144,145,129,143,145,164,140,145,135,147,162,142,140,153,160,147,157,140,128,141,132,153,158,154,158,148,146,154,155,135,133,130,138,159,158,134,166,154,149,163,181,161,162,142,150,163,173,143,146,152,161,148,151,152,148,162,144,149,139,145,145,158,142,152,134,154,170,131,147,163,151,143,162,138,152,134,152,143,164,163,155,144,151,160,158,151,165,146,134,146,140,160,157,147,149,146,136,135,161,148,143,173,146,157,170,152,169,153,147,149,149,149,151,150,154,133,142,131,142,148,161,143,179,159,151,153,162,166,160,137,149,159,131,158,151,169,142,155,141,139,149,137,144,140,147,144,145,167,167,159,156,142,154,156,145,162,150,143,146,164,135,155,141,154,162,150,145,158,154,169,164,145,161,150,146,147,143,156,135,154,137,148,181,145,165,151,145,149,155,158,149,154,133,139,151,140,157,153,156,143,130,156,141,133,145,160,151,151,151,136,155,151,140,163,133,156,139,149,157,165,145,160,152,136,135,147,154,147,153,151,147,145,145,152,150,141,149,128,153,147,148,155,153,136,161,149,137,145,150,154,135,154,166,145,146,137,144,150,147,171,139,171,138,147,155,149,134,164,129,148,142,156,159,160,136,149,153,153,158,149,141,166,158,146,138,150,153,162,139,141,132,142,152,149,165,163,154,146,148,155,139,124,138,146,169,161,149,157,150,162,133,150,158,150,163,176,155,165,143,145,165,147,171,139,139,147,150,143,154,171,156,136,157,159,164,152,148,158,144,174,154,154,151,159,143,140,178,148,137,158,140,148,143,142,155,140,148,146,162,150,157,135,147,148,160,144,144,180,165,136,154,152,153,152,142,142,143,153,144,146,143,149,161,140,164,127,159,149,138,147,145,171,145,147,155,141,155,161,171,144,165,153,152,152,162,144,149,138,150,136,135,159,157,131,167,158,142,121,163,155,178,139,136,150,157,144,139,172,132,160,157,142,150,155,137,166,142,138,163,157,162,164,136,136,153,143,144,163,139,154,141,170,154,158,157,151,166,147,164,146,140,143,137,156,142,145,142,142,154,143,158,173,158,156,131,157,143,154,136,142,165,150,138,156,153,138,149,132,155,148,141,153,138,143,138,156,141,142,164,156,153,151,148,150,141,145,163,153,141,156,149,158,139,144,158,141,143,169,132,160,148,170,142,151,142,133,146,144,147,153,157,152,147,137,163,147,142,140,167,148,162,132,145,144,163,147,163,138,142,159,148,147,149,139,133,149,156,144,145,144,170,147,146,166,152,163,156,145,153,152,142,155,147,151,144,146,141,142,158,151,163,161,165,153,155,144,138,147,150,151,154,169,154,157,151,164,163,159,144,148,152,141,151,147,149,142,154,156,158,160,140,141,137,164,151,149,152,156,157,144,148,149,127,145,141,141,145,132,150,145,156,152,138,169,155,139,128,142,158,152,142,143,151,142,157,155,146,139,142,153,160,154,142,162,155,140,160,151,137,141,157,139,134,139,162,132,162,143,133,149,147,155,159,152,156,155,144,154,159,141,166,140,159,155,145,158,154,145,159,148,150,152,143,148,132,148,151,164,147,162,152,143,141,149,146,144,160,162,143,140,151,144,138,150,159,140,150,144,146,176,148,132,166,148,132,156,146,140,161,155,125,132,136,150,147,154,150,141,157,149,144,146,151,144,176,145,124,135,163,147,129,149,145,142,160,144,150,154,163,166,154,159,146,150,158,150,158,155,127,157,155,123,171,166,158,167,156,147,165,140,148,165,144,157,151,166,138,151,143,155,152,143,154,146,173,136,153,146,147,153,149,141,151,138,149,158,153,153,144,143,152,152,138,172,149,151,132,137,169,134,169,158,147,151,141,145,157,152,145,163,145,142,175,155,146,166,134,154,146,139,137,162,134,161,153,147,150,165,162,154,141,155,144,152,150,140,148,164,141,132,141,150,151,165,151,136,157,142,135,155,152,154,162,147,149,169,145,153,151,153,160,154,159,151,131,147,158,153,132,148,155,152,162,145,165,161,146,132,156,153,152,154,149,146,156,166,148,144,137,141,152,164,146,142,143,144,152,155,149,162,147,151,158,155,152,150,160,143,145,139,157,160,154,161,141,156,158,157,154,161,165,149,156,146,147,117,146,155,152,147,177,150,155,161,149,144,132,142,157,136,147,142,140,157,144,137,165,159,149,153,142,143,139,135,152,154,159,149,138,137,138,148,150,133,155,139,143,153,149,140,148,151,161,138,153,165,157,161,141,152,148,140,163,160,140,135,122,165,155,144,149,156,135,152,152,156,151,141,158,152,161,164,149,140,150,133,156,162,155,148,161,153,144,157,132,140,159,139,151,140,141,152,152,155,149,154,146,150,153,156,141,154,152,144,135,158,158,142,154,159,153,157,147,142,157,154,145,145,148,147,162,153,135,143,151,150,139,150,150,139,158,141,152,149,141,143,139,152,147,147,133,150,151,144,144,155,149,141,134,146,147,166,167,152,152,153,137,155,142,130,135,151,154,148,151,162,148,176,156,137,135,153,148,150,149,150,156,167,143,134,145,129,149,150,134,144,160,166,149,135,149,180,154,141,144,151,162,151,146,163,139,153,170,156,127,155,154,152,144,160,152,139,148,146,149,137,140,178,165,138,133,136,147,150,150,163,152,140,152,151,158,157,167,134,136,160,147,139,157,144,148,149,151,144,158,156,144,121,143,156,147,154,149,149,148,149,142,153,141,151,146,155,148,151,159,142,137,164,153,161,160,139,166,139,145,159,155,150,157,150,152,139,163,141,134,150,145,155,159,153,161,166,151,136,142,162,166,147,148,151,145,159,142,147,156,143,150,165,150,133,162,145,117,151,170,149,154,145,153,148,149,151,144,161,140,146,148,164,149,152,160,154,162,166,142,145,169,156,154,158,146,145,139,139,138,162,162,148,156,175,133,152,133,161,151,138,128,152,145,154,147,151,158,126,136,163,140,144,162,128,164,147,149,152,157,139,149,150,166,154,146,161,150,142,153,153,152,134,145,158,146,160,153,144,148,151,147,129,135,174,148,146,156,152,162,130,151,152,154,154,129,140,164,165,144,149,145,143,154,130,140,149,147,138,138,165,140,126,144,149,155,132,151,141,168,148,150,143,153,144,148,145,140,152,125,171,147,158,157,138,165,142,143,170,164,158,165,132,149,151,158,135,165,163,157,158,153,138,150,146,148,144,149,154,138,133,145,136,135,144,148,175,158,151,148,167,137,140,149,138,159,144,150,165,147,160,144,140,159,157,162,158,139,147,132,157,155,146,127,162,146,158,144,159,153,150,144,162,144,149,142,147,155,162,172,154,154,149,126,150,168,156,157,145,153,131,144,145,167,153,141,155,161,142,142,165,162,173,151,186,167,138,139,142,156,147,144,147,169,138,145,142,136,145,162,154,152,153,136,155,140,147,148,150,165,144,157,149,140,144,133,141,154,177,149,154,162,155,139,142,139,157,160,150,158,167,161,148,153,136,153,135,149,153,152,156,161,149,168,161,146,151,155,152,141,150,137,140,172,159,155,149,153,161,147,159,167,152,140,154,143,157,153,152,167,127,146,150,143,150,135,153,152,157,160,133,142,138,157,143,174,150,149,143,141,144,153,150,170,164,165,151,144,161,138,155,149,156,149,147,164,148,175,176,159,148,150,146,144,163,158,167,130,164,132,162,146,143,156,167,172,159,121,155,152,155,175,173,153,148,133,160,147,146,139,128,154,137,137,150,142,152,164,148,169,159,138,151,147,163,156,129,166,150,150,138,155,162,147,154,149,142,131,147,145,138,156,148,162,162,140,142,164,147,150,141,156,148,137,156,150,143,168,139,157,151,155,148,152,149,162,146,154,156,151,146,163,155,138,128,162,144,144,151,156,147,150,143,144,146,143,152,142,157,156,142,139,128,178,154,154,141,149,141,127,156,143,136,154,154,167,156,142,145,147,175,149,138,153,140,142,149,141,139,152,158,145,162,151,142,134,143,153,148,162,163,179,157,156,148,151,154,161,148,173,141,163,161,133,154,143,126,154,158,154,142,138,154,143,149,131,133,156,149,151,144,165,164,154,171,157,151,147,147,161,154,161,141,129,138,152,137,145,150,172,163,156,131,163,163,148,165,156,159,159,157,149,140,148,139,148,150,150,150,142,136,142,133,139,135,149,146,145,143,158,150,155,155,162,156,142,147,125,158,139,136,136,140,149,156,163,163,162,159,168,166,159,158,145,145,150,155,157,157,172,167,146,159,149,150,130,152,150,162,161,147,140,148,166,160,147,148,155,137,155,144,150,146,155,144,130,150,155,137,151,144,145,162,161,149,142,142,148,145,165,150,151,151,133,154,132,139,150,162,139,145,135,149,139,159,156,158,139,142,139,142,152,159,151,161,150,128,154,147,150,161,149,144,156,151,149,143,159,147,122,136,156,138,148,139,128,151,167,141,158,143,155,145,146,152,146,163,158,150,147,145,156,153,146,154,145,139,150,150,148,138,143,140,148,152,153,149,134,161,149,145,151,153,162,140,145,137,156,142,158,154,143,149,158,155,164,164,150,165,149,157,153,139,159,147,144,138,145,150,137,130,162,145,149,140,160,155,164,163,162,144,161,142,150,150,140,149,121,154,140,135,155,167,146,148,150,154,152,158,139,173,155,137,139,150,144,153,151,153,146,143,151,158,129,157,153,153,150,160,138,145,177,130,163,130,141,143,145,155,137,157,150,149,163,137,152,153,145,130,148,145,159,138,120,145,142,142,139,148,154,139,159,171,142,140,157,147,145,141,133,135,158,130,152,144,160,149,137,170,150,144,161,160,151,145,148,133,126,153,151,144,166,147,155,153,157,138,150,163,145,146,160,136,161,143,150,146,173,150,159,149,152,149,159,139,151,134,154,140,153,157,156,178,147,157,163,155,146,152,167,140,133,158,165,154,177,147,158,164,142,151,163,164,148,145,139,152,153,148,159,155,160,169,148,155,178,147,135,145,147,158,151,142,157,141,136,140,152,145,148,146,157,161,162,156,143,157,155,148,135,167,162,158,157,136,142,150,137,147,133,135,158,154,145,166,149,139,152,150,148,152,155,152,183,149,147,161,133,140,144,154,142,148,168,144,170,156,146,141,124,137,161,150,158,159,147,137,154,146,142,152,156,152,149,136,149,134,138,143,136,153,145,134,146,162,150,145,156,145,164,165,168,160,156,148,143,123,145,124,148,160,143,147,156,147,165,157,150,139,153,151,170,149,141,163,167,157,142,145,147,154,152,139,147,149,155,148,149,162,144,150,146,160,159,154,146,149,155,152,140,136,145,127,156,140,149,147,144,156,147,147,123,148,155,163,140,151,163,165,150,150,155,158,132,162,137,144,152,150,130,158,142,144,151,142,145,143,151,144,157,146,147,160,160,144,151,149,138,152,159,137,159,123,150,144,159,144,165,157,153,146,146,148,152,139,155,147,148,144,159,156,157,140,154,157,140,175,154,143,157,137,146,168,139,171,145,132,139,162,140,147,155,157,146,153,147,139,142,167,165,152,139,149,142,160,148,142,166,152,165,153,153,157,144,161,157,145,142,135,147,142,159,143,166,144,159,158,157,147,135,159,151,151,161,152,155,139,159,155,163,146,138,161,135,151,147,137,141,136,155,154,135,154,141,147,126,143,151,148,130,156,167,160,178,138,162,139,142,138,150,153,149,150,145,153,145,123,156,155,134,141,141,143,162,152,144,161,163,143,166,166,148,156,142,146,156,144,147,158,165,142,127,148,146,154,153,137,153,152,157,147,141,158,145,150,168,142,157,141,152,155,154,154,156,147,140,132,151,124,137,149,157,156,152,149,135,139,152,165,136,133,145,157,144,145,135,146,148,169,149,164,160,146,169,138,140,141,152,143,149,144,168,151,149,161,160,153,149,161,154,134,139,158,147,147,150,156,148,155,148,138,155,156,161,159,158,137,162,143,184,153,142,139,137,151,148,139,145,149,154,136,156,155,152,154,136,134,140,162,145,154,171,161,150,149,143,138,132,136,131,149,158,136,151,152,145,161,153,142,149,124,143,154,164,137,146,127,141,134,153,137,170,169,153,150,150,151,168,155,158,166,151,148,145,134,156,142,155,152,155,143,153,136,142,139,148,146,143,143,143,159,147,151,164,163,132,140,166,143,149,131,165,146,155,154,147,147,168,157,151,151,161,149,167,153,160,147,160,148,139,140,163,150,151,147,143,144,151,156,143,146,153,153,139,142,138,157,147,149,137,148,154,149,159,142,143,153,156,133,159,148,152,147,148,149,165,156,135,154,148,125,137,154,154,156,149,148,149,142,148,140,150,154,145,146,152,156,141,159,155,145,150,155,164,140,157,152,141,144,165,136,147,148,154,145,117,131,143,166,140,129,146,152,156,159,144,153,153,143,155,151,158,142,151,142,151,135,147,159,157,147,150,149,155,143,153,150,134,147,155,148,148,160,143,163,152,152,152,157,149,141,142,170,154,147,136,153,150,142,158,158,154,154,138,140,156,158,153,143,156,137,147,148,148,141,143,159,147,169,147,143,165,147,132,131,138,157,146,152,145,139,155,144,147,143,129,168,136,159,150,132,147,149,144,153,147,154,141,146,162,150,147,156,149,158,156,151,129,154,169,152,151,153,149,150,173,166,157,161,138,157,145,146,139,146,143,144,139,151,130,139,158,140,139,153,149,137,141,166,162,174,167,168,144,158,164,140,151,161,133,146,141,147,146,159,160,159,158,151,155,153,151,168,143,131,142,154,147,146,168,141,150,175,158,150,153,149,153,161,147,159,136,145,153,129,160,151,153,157,155,161,149,161,142,136,171,163,145,170,148,145,157,142,135,143,145,158,146,158,146,153,156,153,146,144,140,156,144,158,161,157,147,139,149,134,172,149,146,152,142,156,162,147,155,138,131,143,133,144,148,165,157,160,147,146,157,160,138,136,149,159,176,152,142,163,152,146,149,152,153,146,139,153,144,155,163,156,155,157,163,154,130,151,146,147,138,137,156,159,134,154,158,141,144,148,150,141,130,145,143,151,150,127,151,162,155,142,138,142,165,168,143,168,141,140,149,145,161,152
159,148,161,150,149,158,151,143,137,151,149,158,158,140,149,141,153,153,141,155,138,152,135,143,135,162,171,146,135,149,159,141,159,137,142,157,152,158,147,157,169,137,163,151,156,154,173,140,131,152,125,165,155,141,150,178,147,132,153,158,162,137,160,149,143,135,165,148,156,156,141,153,145,154,145,144,159,138,146,148,172,147,145,168,155,148,138,160,174,131,156,123,128,167,151,149,144,149,137,151,162,150,142,144,170,156,166,135,160,148,142,153,139,161,139,146,136,156,157,146,134,150,144,140,149,165,151,141,171,150,157,165,139,149,148,146,139,163,166,151,140,128,140,151,143,152,151,152,143,157,132,156,157,160,146,150,149,152,135,174,155,148,161,147,148,134,151,160,141,149,148,140,149,148,146,139,149,164,155,156,138,167,156,157,142,158,135,153,145,154,132,139,137,153,173,158,142,159,161,136,152,149,138,147,151,133,154,145,141,143,141,143,134,140,153,142,135,145,175,135,134,142,149,156,151,161,158,142,141,167,148,152,150,142,146,141,155,162,147,140,147,171,146,141,140,149,160,140,150,146,149,174,153,150,151,168,153,158,150,167,141,175,135,149,157,155,161,162,162,152,158,153,143,149,143,152,154,130,137,155,169,152,160,150,132,170,157,163,159,153,155,159,155,165,143,138,146,152,139,158,157,153,148,153,156,133,153,157,150,164,143,159,155,165,154,181,143,147,156,156,140,158,140,141,156,170,146,145,159,120,156,153,151,158,154,166,138,158,135,153,153,141,157,149,139,147,134,136,164,141,140,157,147,161,154,153,161,161,133,156,145,140,139,148,153,153,144,148,160,176,152,150,149,139,162,171,150,151,160,140,150,164,146,159,152,154,152,166,136,160,145,136,143,141,147,157,171,129,138,152,156,167,141,142,140,133,164,144,149,149,136,132,147,141,155,151,167,165,156,170,139,148,142,155,147,169,139,140,158,143,144,136,143,143,149,143,157,159,148,162,141,147,165,152,155,139,154,166,142,152,165,127,163,151,151,157,159,145,154,158,137,144,163,147,131,150,150,172,151,139,138,148,121,155,160,138,131,150,159,154,145,140,142,137,144,140,152,146,151,131,146,151,134,171,161,154,145,153,122,147,160,150,145,158,152,143,147,138,155,139,151,162,155,154,158,154,155,165,150,177,151,130,172,142,132,142,154,152,145,151,132,156,157,151,144,153,139,147,140,146,152,164,155,149,152,146,144,139,154,135,158,132,163,154,152,169,169,127,138,143,159,144,137,165,145,143,134,152,140,154,147,164,140,144,144,148,139,144,164,139,138,154,163,148,149,135,158,126,144,148,146,159,142,152,135,156,136,150,156,163,155,158,179,140,142,155,150,159,174,158,171,147,159,163,161,162,162,140,156,142,151,151,161,152,141,166,138,159,138,153,154,144,149,159,138,153,140,151,130,150,160,118,138,143,156,128,165,143,134,158,150,148,168,160,125,147,145,163,146,181,158,135,157,147,137,153,166,149,150,143,151,136,169,147,159,146,150,184,139,143,138,149,157,162,136,154,128,157,143,151,153,144,147,162,155,136,146,153,134,151,173,154,141,143,164,154,159,145,137,144,134,154,153,123,158,170,156,141,141,137,153,163,147,172,161,143,137,138,152,159,153,165,154,149,138,142,156,145,167,139,145,142,145,153,134,171,133,159,159,161,154,174,174,142,149,157,152,156,149,153,160,165,151,159,146,136,139,159,158,145,161,144,144,135,143,142,175,144,173,138,154,150,158,147,135,140,140,161,155,134,148,147,152,132,150,144,147,141,150,127,160,154,165,148,156,152,150,168,154,123,151,150,154,153,161,167,154,141,139,167,138,137,169,143,141,133,140,142,146,154,148,156,157,146,147,143,143,136,132,147,147,147,162,148,159,151,152,136,167,159,140,144,157,136,169,146,149,142,153,143,146,147,135,158,130,147,140,147,166,140,146,144,143,161,160,140,127,143,129,145,163,146,147,158,146,160,164,168,139,144,152,161,155,151,148,150,158,147,148,132,173,149,148,149,137,160,137,139,167,158,177,147,134,137,159,143,155,145,131,138,134,140,153,146,136,168,143,149,147,137,148,145,158,156,140,145,149,154,139,125,174,154,154,147,143,145,147,141,156,138,140,160,136,161,151,167,139,146,150,139,142,162,139,153,142,169,150,154,138,151,169,156,132,148,145,142,148,157,143,151,155,144,134,141,179,141,157,159,163,135,149,149,155,137,148,140,149,147,155,134,147,159,136,142,154,145,156,143,148,145,150,144,142,127,120,147,140,140,159,138,165,159,134,136,149,152,150,153,148,123,166,155,156,153,157,167,145,167,151,137,144,137,164,147,153,163,128,149,158,154,157,154,153,153,147,143,146,154,156,136,167,159,148,131,169,134,145,147,125,147,147,141,149,138,157,130,161,161,148,158,137,143,153,161,165,129,169,144,163,156,162,145,154,157,158,159,153,153,146,156,178,153,159,146,151,151,138,140,146,147,148,149,160,148,171,153,141,140,147,141,138,152,150,146,137,153,160,141,160,132,135,162,143,134,152,142,146,149,166,161,156,166,164,158,143,150,145,160,144,130,129,155,146,157,155,152,136,147,141,136,166,149,153,154,134,150,133,142,132,156,142,161,144,135,141,157,162,145,138,173,153,133,144,130,151,150,140,149,144,156,155,149,170,149,161,149,140,155,155,146,153,165,149,137,153,139,154,171,137,152,162,161,147,143,151,163,129,167,152,142,151,150,147,156,164,143,160,140,137,150,161,138,146,139,137,149,163,150,136,147,139,165,139,140,147,166,151,151,141,159,159,155,158,161,148,164,155,147,138,152,153,152,150,150,151,133,149,154,160,149,135,139,175,144,134,152,165,155,151,163,141,159,170,124,156,133,151,146,144,143,138,161,140,156,147,131,160,140,146,167,173,157,166,132,156,163,149,137,157,143,160,149,165,154,158,145,133,145,152,122,141,169,165,157,146,129,152,146,154,156,146,149,164,161,126,151,157,147,139,152,149,146,149,153,141,133,168,153,141,146,153,152,159,148,160,164,151,141,149,161,163,157,137,137,150,157,139,145,164,148,150,146,135,164,163,180,159,145,144,157,149,157,150,147,137,131,162,165,125,147,145,138,143,144,138,160,141,136,151,140,126,180,132,150,166,150,151,149,150,120,148,145,150,154,150,170,163,141,140,177,148,144,126,171,156,155,150,139,164,163,138,128,133,144,126,152,143,173,142,127,152,138,147,157,149,147,149,145,152,136,153,137,168,151,137,163,148,131,154,163,158,133,154,170,138,151,160,151,146,148,147,159,156,164,155,133,148,147,161,145,150,151,147,143,143,133,142,153,148,138,146,141,144,152,154,145,155,147,147,135,154,134,155,137,140,138,130,148,163,156,154,140,150,123,154,158,173,153,140,153,157,171,147,156,152,163,146,153,153,168,130,137,130,152,151,161,144,143,141,148,154,161,126,146,156,144,153,157,146,154,148,152,149,136,141,146,149,150,168,149,157,155,146,130,160,145,146,135,140,139,153,152,137,157,140,141,144,150,145,131,167,149,155,159,158,156,137,130,157,161,146,134,166,150,166,155,134,144,144,172,144,133,152,158,147,159,156,147,154,148,131,157,142,166,148,163,160,139,149,144,173,146,145,160,144,148,166,160,162,158,135,136,158,159,132,157,150,137,160,147,138,160,134,141,152,148,149,154,140,145,162,139,139,155,164,135,146,161,145,170,158,156,144,148,139,158,137,149,158,135,149,164,149,154,156,145,138,179,143,142,150,144,144,147,165,164,150,131,159,158,161,153,146,154,151,151,150,147,137,140,151,176,157,142,151,165,145,151,155,136,157,150,158,163,154,147,138,181,154,158,143,154,158,155,141,134,133,144,132,156,143,156,151,135,154,137,174,157,136,163,148,153,145,144,148,129,144,155,148,150,142,159,140,156,148,154,152,157,151,153,157,146,146,160,149,128,159,141,128,143,141,154,160,139,140,139,157,145,151,138,146,148,142,150,151,131,153,154,153,135,144,147,161,151,143,137,138,143,156,154,144,136,168,162,144,155,150,151,158,138,131,154,146,155,141,148,132,130,170,144,153,153,149,157,144,144,152,141,155,148,150,164,177,158,163,144,146,140,147,135,146,175,160,164,153,128,146,158,148,148,153,124,155,150,161,164,133,152,130,138,134,145,141,136,167,156,155,151,152,155,144,134,163,147,156,152,140,165,148,143,144,171,166,158,150,147,136,152,152,135,147,134,163,146,156,162,138,166,140,158,155,145,146,154,167,137,131,137,139,122,152,131,152,141,139,164,153,156,133,126,151,135,145,145,147,140,156,152,156,134,142,147,138,164,142,146,145,167,151,145,161,150,155,172,156,140,140,153,144,155,156,150,146,159,149,156,156,165,150,141,162,142,159,151,146,152,140,136,149,144,154,153,143,174,164,167,158,141,153,119,154,130,137,158,155,146,147,163,160,141,157,143,156,144,152,143,167,148,147,143,147,142,166,140,173,154,167,157,149,124,139,155,166,140,152,140,152,156,143,150,154,153,150,157,141,150,160,142,167,160,153,136,154,133,125,149,153,136,139,143,153,150,142,139,135,158,141,133,156,144,148,149,139,149,155,143,161,143,138,147,166,138,149,171,162,158,142,141,136,165,145,135,154,155,157,155,149,147,148,159,135,152,137,154,140,152,146,156,148,160,155,156,157,158,158,149,154,156,158,164,146,157,151,158,163,155,159,129,153,141,168,139,136,137,153,137,158,148,133,135,140,154,134,139,140,158,155,143,153,152,148,157,151,170,162,136,137,129,161,147,156,151,149,152,162,170,154,151,154,138,158,161,156,152,166,147,145,148,145,149,135,158,155,156,147,130,146,134,149,162,148,160,146,148,143,155,142,143,151,145,153,155,154,146,152,142,170,140,158,153,153,157,155,160,149,160,144,140,153,148,151,164,165,141,143,136,145,156,146,145,150,147,168,147,138,155,161,141,162,143,149,150,155,139,135,156,153,139,136,148,162,138,142,150,146,153,149,160,146,154,144,126,141,139,146,139,156,172,156,163,149,154,166,156,130,150,136,151,155,161,134,132,142,139,162,145,139,147,132,154,154,128,157,147,146,142,149,152,149,142,133,122,141,154,154,136,144,139,153,151,148,147,157,134,139,167,130,145,153,164,175,156,160,137,157,173,143,149,152,143,151,134,166,143,156,135,153,156,166,181,150,151,161,134,132,165,156,140,149,164,141,146,141,146,146,141,146,143,161,159,139,148,157,153,166,147,141,164,142,139,168,156,150,157,148,136,148,160,152,146,142,154,150,139,147,147,155,168,157,131,142,152,147,155,143,150,154,161,162,133,163,154,147,148,149,151,159,130,150,157,149,153,126,155,157,169,153,138,147,151,158,151,145,156,134,144,151,159,168,134,145,144,153,158,149,154,170,133,151,145,138,124,134,134,140,163,149,154,158,160,157,145,146,179,150,157,137,160,136,158,150,155,158,163,138,146,138,158,152,158,143,131,138,146,158,151,133,137,156,135,161,146,143,142,150,161,140,141,143,150,167,126,144,156,150,161,149,158,153,150,132,160,155,143,135,137,163,165,147,158,157,145,144,149,164,153,155,157,137,138,157,171,157,153,163,159,136,152,143,142,162,159,149,173,135,144,162,151,171,158,142,153,137,151,136,164,147,146,131,138,140,151,155,147,149,154,138,141,160,156,142,135,142,164,163,151,142,155,148,143,141,160,156,154,151,167,146,161,148,172,137,151,168,147,166,156,142,142,137,153,153,136,145,145,145,135,143,160,145,191,137,149,149,148,151,156,160,145,147,142,139,154,148,141,128,144,151,162,173,141,144,148,152,127,165,157,153,154,155,140,146,162,153,139,178,160,165,134,156,144,149,144,144,158,136,134,149,138,137,145,151,150,148,157,169,147,148,160,162,153,139,145,141,143,145,152,141,146,145,152,144,149,131,151,138,163,134,163,125,128,157,155,155,146,141,153,140,137,147,142,150,144,146,153,161,135,155,145,166,135,117,156,149,155,150,164,145,160,163,148,155,140,148,153,160,158,142,158,161,155,149,147,145,131,151,140,151,159,159,163,143,159,140,157,140,160,151,163,130,139,149,142,165,152,178,139,146,124,146,165,164,138,160,168,151,140,139,149,152,156,150,161,134,151,145,141,141,133,157,155,145,136,143,154,170,160,143,144,130,140,148,147,150,168,154,152,141,160,134,154,148,158,153,136,141,153,150,159,143,130,165,137,159,150,137,144,153,158,127,142,149,142,164,146,151,135,153,155,161,136,142,149,157,145,173,148,144,152,153,159,150,147,145,165,150,147,161,153,145,150,182,145,156,158,162,149,141,138,132,146,150,174,161,139,144,153,139,146,152,154,172,152,149,161,158,147,143,149,161,161,146,143,150,135,148,157,152,143,151,141,161,164,140,126,150,146,135,155,149,159,137,158,144,153,152,159,152,157,162,147,144,169,151,158,148,133,155,163,150,139,135,132,153,157,163,161,159,138,147,136,154,148,146,154,127,149,140,155,137,141,156,159,148,137,155,174,150,137,129,151,150,176,149,146,156,148,149,156,174,137,146,163,151,151,166,145,157,132,156,148,141,147,137,164,146,147,143,142,139,154,148,145,172,162,157,150,161,134,133,136,136,146,162,164,128,142,169,144,147,162,145,123,138,171,153,153,153,146,165,154,162,142,161,140,148,157,150,138,151,149,152,141,158,120,160,153,137,151,162,160,168,142,145,146,148,167,133,151,161,140,148,138,144,153,156,156,143,150,130,155,143,156,161,147,156,149,155,140,156,143,145,148,153,144,160,140,150,142,164,152,131,141,152,146,160,139,147,163,148,153,138,160,139,148,154,158,163,153,144,152,132,127,159,151,164,158,146,145,160,142,140,153,132,136,156,163,155,179,156,127,136,150,174,150,143,167,150,158,145,158,145,128,157,166,150,136,132,136,132,146,155,149,142,161,143,163,176,135,144,142,147,151,148,153,132,138,151,151,134,147,127,164,154,148,127,142,137,146,153,139,143,162,156,146,161,161,166,138,141,137,143,142,127,147,151,157,147,148,143,156,163,148,172,158,138,142,141,160,150,158,163,142,153,174,134,155,144,145,156,166,148,131,141,138,138,151,154,134,151,137,154,143,147,133,144,136,161,140,155,147,148,133,135,140,147,132,161,147,153,130,143,172,136,147,125,134,159,147,166,147,150,150,148,164,161,158,123,161,160,158,165,158,150,144,174,140,142,151,133,143,138,148,133,143,149,142,143,157,156,131,148,140,132,154,164,170,140,131,146,143,133,146,151,143,146,154,166,153,160,131,156,125,165,149,156,147,126,147,151,155,151,148,147,161,162,148,153,163,158,140,134,132,140,165,142,147,155,151,145,134,154,146,133,165,142,161,152,132,156,135,164,139,135,158,137,157,149,145,150,182,151,156,151,153,150,155,156,168,137,138,162,142,160,142,149,150,148,151,164,160,143,147,159,143,144,147,130,155,151,148,166,136,156,168,149,148,152,162,147,146,160,144,142,141,145,149,157,138,147,179,148,164,162,153,142,170,146,152,146,157,151,145,146,153,160,150,150,127,133,158,145,144,152,145,148,165,159,156,172,140,147,141,144,168,169,161,139,169,146,149,154,159,152,142,148,162,141,143,142,151,140,150,162,143,148,148,147,161,156,149,144,157,154,153,136,164,154,146,158,152,146,155,154,148,162,153,151,137,160,142,140,145,172,135,157,134,171,146,163,149,159,135,166,152,149,135,163,154,165,150,167,142,155,145,156,157,150,150,146,147,149,167,158,156,167,150,168,149,165,146,147,130,146,166,144,148,142,155,147,139,136,152,166,153,141,141,142,147,161,156,144,155,152,166,162,133,144,156,150,146,148,156,142,165,144,160,145,170,140,151,140,162,152,157,160,165,157,147,155,159,151,137,167,165,149,161,159,154,177,150,145,162,156,145,138,152,160,139,150,149,152,148,150,164,150,147,152,152,153,144,151,147,143,169,139,150,143,149,146,150,156,139,143,158,148,146,168,149,173,137,144,144,129,150,142,154,137,146,154,154,144,159,144,158,129,134,152,133,165,152,164,148,143,152,152,153,130,147,158,146,160,150,153,157,164,158,146,133,152,155,126,174,143,138,141,142,153,157,146,176,136,150,174,157,161,159,157,125,167,163,162,154,156,158,155,151,144,142,148,145,162,166,158,131,158,142,162,141,158,151,149,147,153,161,151,155,140,148,149,141,154,161,146,163,156,155,147,153,143,138,127,137,142,171,159,176,138,164,148,141,157,149,146,143,150,145,133,146,163,153,160,166,153,151,149,155,162,155,156,165,161,140,158,151,139,165,154,140,159,149,142,137,158,139,151,157,147,148,147,167,147,153,156,155,156,149,149,170,157,162,146,141,159,149,143,155,139,141,149,153,162,152,137,155,147,157,151,152,160,140,138,163,148,148,161,161,128,131,156,151,140,173,131,163,152,163,155,149,147,144,131,153,151,140,129,148,158,148,137,144,140,144,146,135,151,150,165,146,144,130,157,144,139,165,154,155,150,135,181,157,149,144,148,156,129,170,146,149,135,149,129,164,142,149,156,137,150,160,154,137,169,145,171,145,159,144,166,152,155,161,170,153,159,160,139,149,162,129,168,147,142,156,148,146,151,161,146,143,141,154,149,155,160,150,162,154,158,156,143,141,161,149,144,135,171,152,151,157,155,144,150,152,163,166,134,159,159,152,134,160,163,165,157,133,133,141,133,148,142,140,133,145,140,146,165,150,158,140,149,159,146,152,144,165,156,181,150,147,158,139,138,147,152,156,154,145,143,151,162,165,144,142,167,135,142,136,164,137,145,153,154,153,152,143,172,140,150,161,132,156,140,158,138,133,151,143,133,159,139,147,146,148,158,140,149,139,159,151,144,144,144,154,155,159,174,161,144,155,135,133,158,139,142,147,133,149,151,146,152,140,142,161,157,156,160,155,137,141,139,160,173,147,155,165,134,158,147,150,139,151,146,148,138,151,144,150,133,154,148,164,146,163,147,166,147,156,159,138,138,149,143,161,151,141,173,158,129,149,137,155,155,154,166,149,131,132,149,145,153,150,157,140,159,166,149,144,160,149,141,156,152,150,159,146,144,155,163,152,134,151,144,138,153,143,154,138,140,150,146,174,146,151,158,147,157,139,148,158,183,129,140,167,160,152,151,144,154,163,155,135,146,160,143,162,150,153,165,164,142,141,157,165,154,166,152,162,153,148,144,154,134,134,156,173,146,159,158,141,139,141,163,156,141,148,161,149,164,144,141,147,160,137,147,135,153,152,159,139,149,159,160,149,143,155,147,142,154,149,144,152,136,159,155,133,164,129,161,152,138,146,148,152,150,142,137,144,157,152,163,151,159,151,154,127,164,145,144,141,155,145,149,153,149,148,147,141,145,141,164,146,153,161,148,137,170,166,156,149,150,155,152,147,137,149,146,156,140,152,152,141,162,153,147,137,147,147,161,151,164,137,162,154,143,143,155,133,155,150,151,146,147,146,163,158,149,136,147,153,141,143,163,156,151,159,123,161,142,143,150,155,137,149,148,159,178,163,167,156,153,146,154,149,153,155,147,131,141,153,157,156,170,144,157,147,145,161,148,158,166,147,154,137,155,162,154,153,144,149,150,140,173,159,155,154,147,136,153,162,166,146,162,147,151,150,143,137,144,159,147,148,138,159,161,158,159,159,135,140,132,150,155,160,147,153,149,161,151,161,152,174,149,153,160,140,139,152,135,134,137,169,144,161,154,147,153,145,147,145,159,168,138,131,166,152,131,170,167,147,154,141,156,152,141,142,147,150,159,134,120,168,145,140,137,147,163,128,144,145,144,158,144,149,151,151,151,153,159,146,152,149,154,152,139,160,148,141,139,152,124,147,140,165,144,160,147,147,131,144,140,146,154,165,151,131,149,145,146,136,162,144,148,157,136,146,127,143,157,126,143,145,136,144,144,139,179,140,155,154,156,143,173,152,158,156,143,147,138,155,150,147,158,133,154,155,154,145,136,154,151,152,158,151,153,144,136,155,147,166,141,142,148,145,151,137,157,161,159,147,143,152,155,147,175,135,129,161,150,136,159,161,156,164,155,116,150,138,150,139,163,150,158,146,140,147,148,142,161,151,152,141,149,142,141,147,158,142,153,136,153,155,129,143,147,153,165,172,149,151,149,147,148,141,140,153,147,166,147,154,160,144,154,151,150,152,158,159,159,150,140,144,147,141,157,138,133,144,163,162,142,138,153,144,162,125,179,137,133,155,154,149,149,153,138,144,148,150,150,134,152,147,145,156,149,152,139,165,166,136,144,159,158,147,134,146,138,129,157,144,148,144,149,142,147,149,140,134,150,144,153,140,151,136,153,152,134,156,170,161,155,153,177,144,133,145,154,150,166,147,146,156,156,169,145,151,159,148,145,148,138,158,138,163,145,138,149,153,153,151,162,128,151,140,165,141,139,142,155,158,151,154,157,148,143,136,137,141,130,164,142,160,147,154,123,156,144,165,140,140,145,127,151,153,149,147,147,146,136,152,142,161,158,159,144,174,150,150,152,142,158,157,150,152,153,156,152,148,127,149,159,140,150,154,143,143,151,137,140,154,135,138,151,157,148,147,151,142,154,141,166,146,153,140,137,156,156,138,162,160,145,148,141,150,160,150,139,158,150,164,140,134,145,152,138,182,167,149,158,150,151,143,157,157,147,148,153,154,173,132,143,140,160,144,156,140,142,157,154,138,148,148,161,161,156,156,144,152,150,148,147,159,156,142,159,146,155,153,158,159,134,132,155,148,151,153,140,149,153,151,139,161,158,139,158,149,158,143,164,142,147,158,138,148,141,161,142,141,152,143,161,139,157,132,143,160,146,149,169,150,149,146,140,149,138,133,141,150,144,173,145,149,159,149,172,159,151,133,138,150,127,156,140,153,155,138,144,150,164,147,164,157,171,158,162,145,146,151,147,177,171,161,142,138,169,127,158,156,148,169,135,172,156,144,133,131,165,152,164,128,152,152,135,159,133,141,142,157,139,150,136,148,149,169,138,139,162,132,147,138,145,157,145,172,161,160,150,152,152,137,166,167,149,153,139,153,155,155,165,147,151,157,147,150,153,155,145,168,162,151,153,162,158,143,153,158,149,162,152,139,148,166,151,157,160,146,141,143,148,139,171,165,145,148,158,179,145,138,151,139,161,159,172,134,148,147,148,169,141,145,137,141,157,134,144,143,155,148,147,143,138,141,143,154,140,156,137,145,150,148,160,138,133,135,164,144,153,155,152,155,135,168,152,153,152,148,150,142,153,148,134,149,141,149,145,151,133,154,133,146,139,132,148,151,146,136,154,152,162,170,139,160,152,131,163,145,141,150,130,135,153,152,163,150,151,147,144,137,166,150,138,163,157,171,140,152,158,146,163,163,149,162,125,164,163,133,140,140,136,150,138,178,152,163,149,156,139,169,143,160,145,146,155,157,160,153,142,164,135,158,149,158,159,147,152,153,144,144,135,151,139,151,147,148,146,149,154,153,145,145,163,147,148,145,144,169,128,132,142,154,143,139,148,131,141,145,164,140,141,152,153,152,141,150,135,150,145,178,135,140,153,164,159,152,160,140,159,145,163,141,142,153,135,131,159,164,136,153,158,149,162,150,144,155,147,158,145,147,147,143,148,152,155,146,160,149,154,156,135,163,145,146,143,155,151,152,155,159,164,172,165,142,156,157,131,132,161,145,144,148,149,155,138,136,144,156,135,159,160,122,145,153,150,148,149,141,152,139,144,127,151,156,164,152,147,155,145,142,148,134,152,147,153,142,154,140,149,157,142,154,154,148,146,151,168,159,141,147,144,141,150,154,142,138,148,149,151,164,131,160,147,141,136,152,148,131,139,135,154,151,136,141,147,157,142,152,161,160,145,157,138,145,146,159,149,137,128,150,146,155,144,136,153,171,146,134,149,161,149,141,161,134,153,151,134,152,158,139,164,153,130,160,163,171,167,153,146,160,137,140,150,168,156,151,137,149,147,164,145,152,143,147,151,158,160,169,148,132,145,150,145,139,146,142,164,158,144,141,156,155,153,158,153,153,141,156,156,165,172,146,143,144,158,158,169,153,141,145,131,156,156,150,145,141,155,157,140,146,149,136,145,152,157,149,153,142,138,162,165,154,155,169,147,142,155,150,146,159,171,146,151,152,148,161,159,153,145,135,123,159,143,159,173,129,138,148,157,171,163,137,156,141,130,157,150,147,136,160,143,145,135,144,143,154,150,155,151,162,149,142,146,151,148,138,147,140,140,161,158,151,164,163,159,158,141,143,139,152,152,150,158,163,138,161,146,167,151,159,153,155,147,154,151,157,142,140,161,145,147,162,139,156,151,150,157,158,153,143,152,148,138,138,139,154,144,157,159,160,147,137,160,151,150,134,132,146,152,151,168,126,133,152,156,138,172,156,138,145,152,143,146,162,149,149,165,144,154,141,131,144,148,148,145,148,160,162,138,149,148,143,138,137,143,162,157,136,143,150,153,165,156,139,148,152,152,158,154,140,150,145,139,141,158,178,129,144,160,150,148,152,169,147,152,157,147,146,167,147,140,165,150,152,158,138,147,146,138,151,148,173,154,138,157,159,152,143,160,144,153,133,155,157,142,151,171,157,139,145,145,159,125,137,153,165,152,181,142,172,158,140,160,169,157,138,148,137,145,145,147,151,148,169,145,146,143,146,152,165,144,135,148,130,148,152,148,133,148,137,149,164,149,157,146,140,148,125,160,156,125,152,149,150,153,153,154,149,162,139,141,159,152,152,142,146,157,143,141,140,142,146,151,147,158,150,172,156,146,132,138,140,144,138,141,146,174,145,153,157,148,147,148,147,164,140,135,144,155,158,144,137,141,143,141,164,141,148,149,146,153,149,124,149,138,166,145,138,156,138,164,145,150,157,142,137,167,143,160,141,164,175,171,137,130,144,147,142,150,154,144,138,170,159,160,155,133,148,151,145,148,142,164,143,148,136,151,147,150,143,143,149,160,145,151,131,149,139,139,153,158,160,141,153,150,174,143,155,140,152,144,161,148,166,146,136,115,154,161,140,155,159,146,160,145,159,138,144,161,144,177,162,157,143,149,168,131,139,144,141,127,136,142,145,131,156,151,162,166,142,149,144,155,167,150,148,157,141,166,138,148,154,135,134,140,138,128,147,150,151,136,143,138,147,154,149,129,165,125,145,139,156,150,145,145,165,142,157,141,161,143,134,146,152,137,159,136,154,147,151,160,133,151,144,146,166,144,152,151,132,163,164,138,151,150,168,150,156,143,136,147,133,162,151,148,147,132,146,142,125,158,151,146,149,160,124,142,147,142,149,165,149,150,152,153,153,167,167,165,154,147,149,154,142,160,146,142,141,185,154,150,147,123,134,135,150,126,151,143,152,156,158,161,154,143,138,137,127,150,139,155,136,165,145,146,137,145,148,165,148,146,150,136,145,135,134,150,143,143,164,149,172,128,154,160,142,157,145,150,142,149,153,153,159,170,146,140,166,150,140,143,135,145,160,150,146,138,153,158,131,148,136,138,159,147,152,160,156,161,148,140,141,150,155,155,159,165,151,160,143,139,166,152,169,139,166,154,140,146,141,143,146,165,159,141,164,139,161,148,154,161,161,140,153,148,156,145,146,155,150,155,148,140,134,147,150,147,130,162,142,149,147,127,173,135,154,135,134,156,128,135,157,158,151,144,147,146,148,156,157,149,154,138,152,157,151,157,152,151,150,140,145,138,150,150,159,153,160,156,146,171,144,148,155,160,154,139,142,160,152,160,148,158,151,143,154,164,146,153,168,144,137,151,150,148,145,145,167,142,173,152,143,142,158,163,150,150,146,163,143,146,157,151,139,127,150,138,152,155,151,150,144,166,142,142,152,138,155,161,148,133,142,153,160,149,136,125,151,152,152,153,147,146,162,156,168,140,164,152,144,157,143,151,159,157,140,154,151,140,153,140,148,150,139,137,151,158,154,162,137,142,161,161,133,127,150,150,150,140,156,166,155,155,128,144,162,142,152,177,157,150,144,142,164,153,132,157,143,148,138,136,143,143,162,143,140,148,160,154,166,144,151,146,175,148,136,136,171,140,156,153,159,147,140,144,138,150,152,165,143,172,153,128,166,157,144,152,163,151,160,156,162,153,148,160,134,151,166,154,144,159,122,144,162,146,169,158,137,156,161,160,138,163,153,137,139,121,135,154,155,155,160,146,157,141,138,167,135,148,140,147,145,160,157,157,152,159,163,156,156,144,144,156,148,152,151,172,158,141,149,146,161,136,165,170,140,139,138,146,157,162,159,145,151,153,147,185,154,136,141,173,172,158,164,144,156,152,150,138,158,147,147,143,146,148,168,146,150,175,140,167,138,156,143,156,145,140,147,132,142,148,134,146,145,144,150,150,142,139,165,138,146,159,172,133,149,142,142,147,162,158,132,165,151,151,157,147,158,137,148,147,157,172,154,159,131,137,168,152,150,151,153,156,151,153,142,167,145,151,157,151,155,135,153,146,144,150,148,151,144,162,146,137,140,134,149,169,137,160,166,142,149,158,144,127,139,157,151,137,167,170,140,166,146,158,148,130,162,170,163,152,156,159,142,166,139,145,148,146,140,167,142,156,138,150,140,159,149,151,145,146,150,161,124,139,162,178,147,150,157,132,151,151,164,139,141,157,155,152,158,130,153,171,141,165,163,143,155,168,159,142,149,147,141,157,149,145,153,158,145,156,136,139,143,147,153,160,163,141,125,164,147,153,144,142,144,148,160,135,158,150,143,163,136,155,155,134,152,141,153,145,143,154,141,162,134,151,151,137,144,165,144,145,144,142,140,135,155,172,155,144,157,155,129,156,149,136,151,149,155,154,141,153,136,137,156,153,145,146,172,149,160,148,148,148,149,147,153,159,148,150,144,124,142,155,141,147,165,161,151,145,145,144,147,160,147,161,144,128,167,154,162,143,156,148,150,150,164,126,159,150,159,141,152,159,134,160,135,134,156,151,142,158,151,150,158,151,156,137,159,150,143,144,139,146,165,156,146,160,149,157,138,142,161,143,145,158,148,143,162,151,163,131,144,151,154,176,127,164,146,150,153,134,147,145,143,139,142,136,167,162,163,157,148,150,147,144,141,171,143,152,153,150,132,139,160,139,152,165,151,147,161,143,155,144,157,139,144,152,177,144,132,154,140,159,146,150,158,148,135,143,172,135,148,167,137,151,148,143,158,141,161,143,146,149,141,158,167,149,152,164,158,163,148,147,149,158,148,161,140,152,152,142,148,157,140,163,146,145,160,144,130,151,160,146,154,162,152,165,147,140,173,148,156,154,153,156,147,158,137,138,157,160,146,155,129,149,153,141,129,150,149,148,147,142,135,140,156,139,153,153,155,145,156,162,162,148,163,138,139,149,159,146,144,150,149,152,131,151,137,163,144,165,164,152,156,168,170,157,159,161,151,166,149,148,156,161,150,131,157,143,140,143,158,128,148,154,152,145,145,146,132,159,157,154,148,166,150,138,137,144,133,156,142,155,135,155,152,130,140,149,141,155,142,156,162,147,140,153,130,153,158,149,135,150,138,144,150,139,150,142,155,161,140,163,144,166,147,158,156,164,157,139,153,155,165,161,166,148,125,139,141,145,137,155,151,154,145,159,155,149,155,155,142,147,150,155,145,161,165,154,164,153,145,150,141,148,153,139,156,163,138,155,139,151,144,144,144,151,139,143,141,141,142,143,162,128,161,158,146,144,148,154,142,150,145,144,176,155,141,152,158,167,139,147,162,147,141,165,139,159,145,123,150,125,158,154,153,156,160,164,139,140,156,165,170,160,140,157,165,152,144,153,158,155,140,139,139,170,146,140,153,149,153,149,146,136,153,145,156,160,137,144,139,146,132,150,131,161,139,157,157,177,153,154,135,158,146,147,152,144,155,145,166,131,154,163,172,163,151,149,138,156,159,152,154,132,152,142,148,143,143,131,140,160,143,163,141,148,155,163,155,156,170,160,140,155,143,147,157,140,169,160,145,148,146,157,152,132,154,143,149,136,148,161,138,155,158,141,149,151,141,147,164,138,153,159,160,147,147,162,156,133,136,174,160,164,138,159,133,113,156,136,146,132,149,147,152,152,153,157,158,129,152,149,154,142,157,161,155,153,160,146,141,147,146,139,137,149,155,153,151,152,130,164,168,155,150,145,163,143,162,142,156,156,136,167,144,162,146,147,158,155,151,162,156,153,142,130,150,150,144,147,156,155,162,173,136,143,152,161,145,156,159,163,140,149,151,141,163,155,135,126,123,168,140,143,155,145,153,140,149,146,151,152,151,138,135,145,157,151,134,153,153,160,156,154,154,156,133,155,136,143,155,146,141,145,140,142,160,165,148,152,147,146,143,155,131,157,142,167,151,149,138,147,138,146,151,141,159,146,152,151,144,154,146,139,137,140,168,139,152,152,144,144,135,154,147,143,151,139,158,148,160,138,152,169,165,148,160,153,151,150,139,129,149,153,155,145,168,159,161,164,134,164,164,152,134,150,158,156,153,142,135,145,164,148,139,167,164,149,141,146,138,152,135,139,167,163,144,137,159,145,167,145,148,159,129,132,139,155,146,163,164,172,145,136,164,162,166,145,144,153,152,139,156,140,156,163,152,146,149,148,165,149,149,143,143,137,143,154,141,149,160,148,149,131,142,149,151,146,157,151,147,147,131,161,168,128,156,140,150,143,144,162,145,158,163,147,140,146,152,147,154,149,150,139,139,144,166,146,151,140,152,161,148,162,161,139,140,144,160,146,151,163,153,141,142,141,149,157,135,141,143,166,145,150,156,156,153,164,152,143,145,144,132,162,167,146,150,159,165,164,151,141,144,151,157,167,157,149,148,166,153,173,161,141,134,153,145,140,135,168,140,148,153,128,155,151,148,130,149,155,157,142,157,147,132,158,153,136,151,138,145,173,150,157,156,138,163,147,134,143,151,142,137,143,152,168,161,144,148,158,166,152,166,157,152,158,146,169,151,156,154,149,136,155,162,159,139,150,135,140,157,153,143,152,150,146,144,158,145,149,145,165,140,164,168,135,114,155,158,154,134,141,153,145,134,149,153,164,150,145,157,167,155,164,160,132,176,147,149,143,152,141,152,156,150,151,154,127,162,157,152,138,132,158,131,181,156,154,133,147,144,161,165,158,161,151,159,136,144,141,150,145,138,158,158,145,129,144,171,148,160,129,137,134,164,145,151,144,143,145,142,152,139,155,139,148,149,147,153,151,151,162,121,148,153,146,148,159,130,141,149,138,142,151,158,136,162,143,158,146,154,172,164,156,144,155,158,167,143,152,149,150,125,141,146,158,162,165,147,165,143,155,140,160,150,148,150,149,125,148,160,122,143,148,152,131,146,153,168,169,162,160,162,151,143,145,139,150,142,151,144,156,161,140,166,145,150,144,148,158,150,154,144,147,156,159,152,146,159,153,159,155,144,165,121,136,153,158,143,159,161,156,160,147,145,140,115,154,143,132,138,153,159,135,140,140,131,140,155,148,162,149,153,146,132,159,140,153,151,136,146,147,171,146,145,151,132,150,153,147,141,139,147,135,144,141,141,159,137,138,135,134,154,160,151,146,157,149,153,151,163,141,139,143,136,153,163,157,147,148,136,150,152,155,146,149,152,142,134,151,128,158,155,149,155,162,155,166,128,147,155,157,135,132,147,150,154,151,156,167,149,126,155,150,146,144,157,151,150,143,162,165,159,141,130,126,156,137,145,136,178,153,142,170,141,157,158,164,146,161,145,147,146,137,163,145,156,149,142,136,159,151,159,172,152,157,141,160,135,152,132,152,150,147,144,147,176,134,151,165,132,134,159,150,141,151,144,143,149,157,172,162,163,168,168,143,135,141,137,140,143,145,131,142,141,138,129,143,144,146,155,145,144,140,142,141,151,139,145,141,144,147,165,163,134,135,123,155,155,160,158,159,170,143,136,152,130,146,151,145,149,125,160,153,151,150,150,133,165,141,141,140,145,153,137,151,163,171,157,143,155,158,149,135,151,179,154,161,131,157,148,162,141,147,158,144,149,149,135,155,150,166,154,133,140,146,159,154,149,153,156,137,158,144,146,142,167,141,145,140,150,145,148,160,157,131,139,152,185,129,131,147,156,163,130,145,150,146,152,164,165,147,155,134,167,146,150,137,153,160,146,147,153,156,133,142,149,154,142,156,138,152,148,138,155,143,161,166,146,144,145,136,148,138,154,163,129,161,164,158,160,136,133,156,158,151,149,145,173,146,160,155,144,153,135,150,141,145,154,153,151,147,139,164,142,133,143,164,132,152,152,141,155,153,157,144,152,139,144,161,144,164,160,129,146,154,139,156,146,146,158,145,153,149,143,151,148,150,174,170,139,152,139,142,165,146,154,144,136,131,138,153,152,157,139,149,137,147,147,168,153,146,148,155,145,157,150,159,143,155,173,156,156,145,158,143,145,157,148,154,151,152,146,155,154,163,140,161,149,143,159,140,149,137,133,146,156,143,159,155,162,159,148,157,137,142,160,146,152,141,138,149,146,144,158,171,141,156,154,162,145,142,154,158,145,139,155,151,145,136,140,157,154,150,159,167,142,149,146,135,151,148,143,138,171,156,185,157,141,146,147,155,143,144,128,151,166,141,137,139,148,148,133,161,149,145,153,158,143,159,145,154,152,147,141,159,157,158,150,154,160,142,161,160,160,135,159,146,131,151,155,141,152,152,148,163,151,146,142,143,159,170,142,161,156,153,146,142,163,163,163,161,165,137,162,156,144,170,144,152,144,154,160,150,153,148,162,161,171,140,149,133,160,149,149,173,144,140,181,148,158,147,158,137,149,156,151,148,151,144,158,154,170,150,144,149,162,157,157,145,153,157,143,137,144,155,155,157,150,156,120,151,141,145,156,154,162,165,153,156,166,146,145,152,136,163,150,151,150,150,130,142,159,144,157,150,146,142,140,159,137,161,134,150,138,145,153,162,147,151,154,155,155,144,147,173,161,155,135,138,171,131,163,147,149,173,148,143,142,154,158,161,146,155,162,158,147,147,174,141,155,155,155,152,144,157,145,149,142,153,139,150,156,142,150,163,153,133,146,136,133,151,146,130,139,142,146,143,157,148,156,143,152,141,153,150,137,157,165,143,156,146,149,155,142,162,138,146,161,149,142,148,142,133,150,143,137,138,144,147,167,153,129,155,133,139,143,156,167,152,145,161,153,156,147,149,144,152,137,152,160,166,145,143,155,150,148,155,153,153,159,146,151,138,156,152,149,153,136,116,149,136,158,162,147,154,145,137,145,150,155,162,157,141,151,133,157,142,153,156,151,161,161,146,150,156,147,143,151,137,141,149,143,152,150,145,138,145,137,174,148,142,156,165,158,148,151,143,125,141,140,154,146,173,133,142,141,157,157,140,142,138,153,161,150,157,139,148,160,152,141,140,146,141,126,163,145,154,131,155,168,165,147,127,152,155,151,135,148,158,148,145,136,152,149,143,151,154,168,152,134,139,148,167,156,139,159,152,154,149,150,150,138,160,147,146,141,156,152,166,137,141,143,135,157,137,152,165,150,132,145,151,156,158,159,141,154,154,142,136,175,135,162,142,151,145,153,136,146,131,157,158,172,144,141,147,136,173,157,150,156,143,146,152,142,139,131,137,144,164,150,160,144,137,131,147,140,148,134,158,139,138,149,147,144,139,181,156,128,140,164,142,156,159,162,174,152,157,154,155,140,151,155,128,146,139,153,147,142,139,152,144,153,150,149,142,149,144,159,145,141,144,148,142,162,162,141,153,136,149,145,144,149,152,156,166,128,142,172,135,166,137,163,170,145,149,144,144,152,151,156,153,162,156,150,157,156,179,158,162,132,132,146,148,142,152,163,135,158,150,155,164,163,167,173,149,140,149,134,142,150,159,134,147,127,162,146,157,131,147,141,135,155,138,157,154,151,171,140,129,159,150,167,153,157,138,154,161,147,165,155,150,157,155,154,151,154,137,168,148,142,160,146,153,141,149,139,141,157,168,150,160,148,138,175,155,139,155,154,149,156,157,136,136,162,139,141,138,127,160,145,146,152,158,147,144,147,150,161,162,139,153,161,142,144,142,144,144,155,166,157,154,173,159,148,130,153,152,153,147,130,159,146,144,158,168,150,158,129,165,137,160,165,139,159,159,157,145,155,159,149,149,168,136,133,166,137,162,137,152,156,149,166,147,146,156,147,136,154,127,145,143,148,168,142,144,142,127,148,150,150,151,146,143,150,151,148,147,156,126,146,176,145,175,159,163,126,149,165,158,164,151,139,151,164,151,170,127,154,169,157,152,140,145,152,154,140,143,153,147,173,139,135,152,141,140,149,140,142,158,141,152,154,137,145,153,150,155,155,153,169,146,155,151,160,158,140,174,153,140,155,135,153,123,146,145,146,157,145,132,147,153,157,149,149,142,157,134,145,157,133,158,160,148,166,167,135,144,165,147,146,154,164,148,139,143,149,149,167,145,156,146,142,162,167,142,148,155,153,138,151,150,166,152,139,148,158,157,155,162,148,152,156,134,146,147,155,156,147,170,155,138,169,154,148,147,145,132,137,136,146,155,156,172,150,149,141,156,153,157,168,156,156,153,144,138,120,153,139,151,173,147,150,140,159,155,141,159,157,156,151,138,136,148,128,152,139,151,157,141,159,158,144,149,137,154,141,149,126,158,169,168,141,140,157,131,148,159,145,168,154,148,145,144,153,148,155,146,139,144,145,152,131,146,152,149,149,145,153,142,157,147,139,166,157,162,164,142,155,151,159,139,152,145,152,141,164,156,149,140,146,136,139,159,138,132,136,143,150,143,155,133,167,148,163,136,161,162,151,146,151,159,140,141,147,159,165,147,137,138,167,146,149,148,152,141,138,157,145,148,152,148,150,151,142,146,156,150,156,147,144,140,133,153,162,163,162,152,161,136,153,149,147,155,127,148,154,153,155,152,151,129,149,139,155,156,155,149,150,145,145,130,144,142,158,157,149,128,140,154,157,136,151,153,137,155,143,143,137,161,167,150,155,144,154,147,152,160,165,139,138,155,148,141,154,145,163,149,136,152,148,150,146,136,160,140,137,145,156,151,185,138,140,157,171,151,166,137,163,156,139,152,144,160,148,140,142,146,154,163,154,147,165,145,150,152,162,155,148,141,147,154,153,141,145,136,152,153,147,161,145,157,159,140,141,139,158,144,139,138,143,149,151,136,143,153,143,154,155,150,155,156,139,140,166,140,143,165,160,150,141,156,133,163,146,140,147,142,146,132,149,141,171,140,140,159,130,147,157,152,144,159,135,158,161,148,159,133,127,148,152,156,153,136,159,162,159,149,146,159,148,146,160,141,132,120,141,155,145,152,141,156,178,162,142,147,136,155,167,129,152,155,148,155,139,162,148,150,135,151,162,155,151,148,150,152,160,164,139,152,172,150,157,136,151,170,152,141,141,152,142,153,146,152,137,154,163,139,156,145,152,145,150,160,158,157,172,154,136,149,164,126,124,158,160,135,145,139,162,143,145,147,148,143,159,152,132,142,144,152,132,151,169,144,159,138,150,173,135,160,131,144,146,144,148,155,131,148,154,154,150,149,131,145,150,152,151,154,150,150,143,140,124,161,147,160,135,145,163,154,154,135,133,152,152,166,152,146,134,160,164,144,140,142,149,151,160,147,146,147,136,159,140,155,140,154,137,130,132,159,135,180,139,167,140,162,156,167,135,143,142,155,145,150,148,142,179,167,133,150,147,154,149,154,155,156,172,158,155,136,145,155,168,145,157,150,141,159,148,149,144,157,165,147,138,162,149,165,135,133,138,155,138,169,137,152,155,144,135,166,157,161,148,143,155,141,140,148,144,139,151,150,130,142,154,158,143,130,148,159,140,157,150,161,162,137,139,143,146,158,152,160,138,146,149,146,130,153,147,158,142,142,149,135,148,166,148,153,155,136,168,159,145,156,144,155,153,150,136,144,145,151,162,146,161,142,143,153,140,162,159,144,143,163,156,151,141,146,171,143,167,174,147,125,138,151,121,141,165,164,149,155,160,153,143,133,160,147,143,143,148,162,152,161,149,158,170,165,161,145,145,156,140,163,141,148,160,154,137,140,157,153,152,132,146,134,148,164,141,154,126,150,147,151,137,159,155,162,152,161,143,156,148,162,139,136,147,138,169,170,141,152,150,139,151,138,140,158,154,163,141,151,142,141,141,156,150,132,130,150,137,131,166,149,150,137,137,169,145,158,163,143,146,163,158,158,139,155,159,158,145,161,127,147,143,150,154,149,159,155,143,163,150,147,147,158,146,154,141,150,162,166,154,141,139,164,155,151,146,154,138,156,141,143,141,147,144,145,163,148,174,155,151,143,149,138,155,154,139,150,155,154,146,152,155,154,149,162,137,151,129,145,128,168,146,163,129,154,139,157,145,157,142,149,128,158,172,159,143,154,144
153,141,157,148,146,145,150,139,149,153,147,148,139,141,156,134,169,133,134,155,143,143,137,143,151,156,166,144,140,148,162,152,164,152,157,143,154,164,145,155,145,157,142,142,167,143,141,153,145,142,153,157,144,144,138,145,140,143,141,162,158,155,137,129,162,138,153,165,137,153,157,147,140,147,152,132,143,126,153,157,152,152,146,145,137,141,134,149,148,152,145,149,167,152,149,147,136,138,165,142,136,158,160,149,143,159,145,140,147,149,133,131,153,146,159,146,153,144,150,136,116,160,130,160,160,144,147,141,125,143,164,170,142,143,131,136,159,126,165,149,145,134,153,167,157,145,161,148,129,146,153,141,141,122,171,159,151,144,134,128,162,151,134,163,150,157,147,141,165,142,154,146,159,136,144,145,153,140,152,147,145,135,156,164,171,146,156,134,163,149,139,138,137,143,155,156,134,144,166,170,161,152,145,160,173,152,164,140,159,146,163,154,145,163,177,149,134,154,137,151,165,143,154,160,163,153,140,133,152,153,161,142,143,156,140,164,143,141,149,158,156,155,165,145,147,151,153,143,160,154,155,163,147,149,146,146,152,157,143,139,144,158,131,146,147,144,147,139,151,143,149,160,161,134,143,168,149,125,162,147,159,144,141,169,155,164,162,160,158,125,165,155,148,139,158,136,158,148,153,161,146,146,167,145,139,146,154,165,157,139,141,164,147,132,153,162,158,148,154,153,158,142,154,142,157,160,143,134,144,159,150,151,157,142,144,157,150,151,136,158,159,148,121,145,141,143,156,150,166,146,159,148,134,147,157,158,162,140,163,162,152,149,160,145,146,154,161,150,152,156,153,162,153,164,149,149,153,129,147,158,155,138,141,142,143,146,145,149,172,148,150,159,154,149,145,156,167,146,141,141,126,167,155,155,155,144,154,153,137,149,150,159,155,168,130,138,130,169,153,137,161,156,162,162,140,141,147,163,151,142,157,165,134,146,150,159,138,148,142,136,156,164,159,148,143,144,150,157,133,160,151,152,146,159,148,156,141,142,132,170,152,144,169,129,151,154,148,130,158,168,152,152,147,143,151,157,167,175,151,161,130,155,161,164,151,145,143,162,167,152,138,160,157,141,158,145,155,151,150,150,149,154,163,162,142,151,152,163,145,150,148,153,143,158,148,150,167,149,158,139,161,129,152,165,160,151,149,143,150,145,148,150,148,163,147,157,140,148,142,140,146,147,158,139,155,152,145,160,154,161,134,162,136,153,152,147,173,133,161,133,140,161,136,153,175,157,166,146,156,152,152,144,152,169,152,156,147,144,148,129,149,152,145,144,137,126,155,144,148,142,154,145,141,143,149,152,143,155,127,160,136,151,145,136,152,146,133,156,147,144,171,148,144,160,148,150,140,129,170,154,167,148,152,158,147,131,138,152,159,153,158,149,158,140,149,151,145,160,134,129,139,147,142,148,145,148,138,158,145,141,148,137,149,150,149,147,162,157,161,144,158,123,140,143,162,127,134,153,151,134,140,140,137,153,157,161,173,147,157,148,149,141,162,141,161,138,159,136,150,157,138,135,150,133,152,146,169,144,149,136,148,129,141,160,160,140,155,143,145,138,139,159,150,146,167,141,137,161,156,143,132,150,145,136,145,155,133,137,157,162,144,145,146,138,144,137,165,159,147,153,139,158,139,154,138,154,157,164,148,165,160,154,150,166,155,146,153,150,158,139,163,144,148,153,167,154,140,125,138,166,153,155,146,154,143,154,160,135,149,163,139,144,169,160,147,140,159,150,153,155,154,147,142,139,122,154,149,154,144,144,145,146,145,137,168,155,133,133,154,141,142,133,142,157,160,142,144,146,140,156,157,147,145,142,129,153,121,166,177,156,149,167,135,168,140,169,152,137,153,152,157,159,140,153,142,150,160,149,142,145,136,151,146,149,134,149,135,145,160,155,154,152,163,140,140,161,167,148,140,142,159,161,141,150,144,160,152,155,140,177,156,150,135,143,164,149,151,159,141,148,145,143,155,135,138,154,140,153,141,157,147,149,128,154,151,155,150,138,141,139,167,122,154,160,146,163,152,153,152,143,159,140,142,147,150,146,145,138,145,146,137,128,149,149,154,123,176,149,147,153,155,163,132,155,117,137,152,147,166,133,140,151,151,142,143,159,145,153,153,138,160,146,161,146,133,154,176,153,149,159,171,137,156,146,166,131,153,150,145,152,148,157,156,163,138,145,144,135,154,135,161,132,157,164,165,166,134,153,146,151,149,153,130,134,139,159,145,138,158,140,161,156,177,160,154,146,151,143,141,136,137,133,146,153,145,149,162,149,143,153,135,130,151,161,150,163,158,166,148,146,153,152,136,151,153,144,151,158,151,161,162,146,143,144,142,127,138,144,164,123,157,156,141,162,141,140,169,162,140,160,142,151,149,131,160,160,147,159,147,152,146,163,137,151,154,141,155,152,151,139,157,160,166,164,159,152,155,145,159,140,163,145,163,161,150,135,144,151,121,158,142,144,153,170,137,133,149,140,155,141,166,156,136,152,150,172,158,144,157,158,145,149,157,155,137,155,170,135,156,147,146,149,154,158,152,151,142,147,153,146,147,149,144,146,154,150,153,173,139,148,135,147,154,151,165,151,150,155,159,163,144,157,155,153,147,162,142,141,144,156,141,165,140,152,136,159,169,155,154,135,174,164,149,140,158,160,152,153,151,138,142,141,140,156,153,161,156,159,142,163,162,147,160,164,136,160,128,161,139,139,153,142,145,147,154,153,154,136,149,146,139,139,148,144,149,152,141,138,145,142,147,143,149,152,159,143,140,172,146,152,139,158,152,154,148,158,144,144,142,159,156,150,150,140,143,171,149,148,164,161,167,162,145,135,150,147,126,155,161,157,147,141,148,154,140,150,149,166,153,136,141,154,152,131,143,160,152,141,149,142,144,142,144,154,148,158,139,129,144,154,157,158,150,144,163,148,155,150,153,135,166,160,146,141,143,156,149,157,168,146,141,138,155,132,138,157,153,158,134,161,160,169,142,164,141,157,147,165,145,155,168,157,136,173,146,140,144,142,138,155,132,144,155,148,148,144,139,138,155,146,151,128,143,166,138,145,138,134,144,151,131,143,166,145,170,161,134,154,145,147,131,158,150,131,139,152,154,157,142,139,142,152,161,150,151,147,160,135,155,161,156,159,148,154,149,156,145,180,136,152,145,155,157,163,139,151,131,145,146,138,145,142,123,140,147,150,148,144,167,142,137,146,129,158,145,170,149,153,150,147,166,125,144,155,151,153,154,167,150,153,156,141,149,170,165,161,152,158,173,157,142,150,141,141,163,141,148,154,141,148,146,144,139,154,134,138,157,167,157,141,145,156,150,164,160,167,157,160,159,158,143,154,145,157,141,146,143,162,139,156,128,142,169,148,168,152,149,134,147,146,131,144,165,164,162,148,148,145,143,164,154,128,168,163,131,162,146,149,167,151,136,139,140,149,137,160,152,149,148,154,152,160,154,157,155,147,139,138,134,157,152,151,162,158,143,142,138,139,147,150,153,161,140,143,159,140,143,159,150,162,134,156,148,138,136,150,154,136,135,161,150,122,165,135,138,169,132,173,143,141,144,154,149,143,152,144,158,142,150,132,143,166,173,146,154,156,161,159,142,175,161,151,145,144,160,161,137,153,160,142,145,150,153,152,156,148,148,143,155,153,140,138,145,140,160,151,143,172,152,127,173,165,145,143,129,163,139,145,138,148,148,147,162,170,170,153,147,154,153,164,160,151,161,164,134,154,181,132,146,147,147,142,152,152,159,148,143,151,131,146,145,157,155,139,151,154,151,149,163,139,148,154,146,146,133,159,161,151,156,139,152,153,144,157,150,136,136,152,151,167,145,147,158,139,149,154,152,144,155,141,147,151,145,149,155,163,152,158,142,163,152,150,147,142,146,149,155,149,132,147,149,140,148,156,141,160,158,150,153,157,162,149,147,149,166,149,142,166,170,135,154,138,153,151,144,143,160,148,166,159,152,140,152,167,142,152,135,163,161,142,144,165,146,150,135,162,136,178,137,146,171,159,141,174,139,146,166,136,168,157,138,143,140,165,134,145,161,146,155,152,169,166,141,154,156,132,128,154,165,157,132,151,135,152,172,144,159,149,136,144,158,148,143,131,141,159,147,164,157,154,150,161,153,131,146,165,158,148,149,149,149,133,157,150,153,152,135,145,166,155,147,163,140,146,168,141,150,155,146,148,138,159,137,145,161,147,149,147,152,158,137,153,147,149,151,149,136,152,146,145,163,155,156,150,133,161,139,180,151,140,119,144,156,149,142,153,149,136,141,146,147,147,165,152,140,169,144,153,141,145,155,169,132,150,164,147,147,157,152,148,148,154,139,124,146,166,147,155,157,150,150,161,150,148,150,156,142,141,148,145,163,149,157,155,145,137,160,129,150,156,153,146,152,156,150,154,158,151,152,168,176,165,161,124,138,146,160,144,140,144,139,144,162,140,131,156,150,138,133,156,154,144,163,168,164,142,159,138,130,163,144,141,150,143,151,152,150,152,137,156,136,150,143,143,138,157,164,155,157,137,147,149,139,158,144,150,163,124,134,142,143,141,150,159,133,149,131,149,152,156,176,152,157,128,140,151,153,149,153,154,138,139,160,148,151,154,152,116,143,152,156,158,154,151,142,152,135,157,150,170,144,148,148,129,132,144,141,154,126,146,170,146,151,146,155,144,137,139,142,137,153,131,134,140,148,138,150,145,159,157,147,153,163,160,130,160,172,152,148,134,134,166,148,150,148,145,171,157,151,143,160,144,155,171,139,154,160,142,124,152,149,130,147,147,161,125,157,151,151,140,152,142,153,150,138,139,136,153,141,152,147,157,174,142,142,161,137,144,162,160,151,133,174,135,136,147,160,136,143,153,152,124,152,148,133,153,149,155,148,157,154,160,163,122,159,145,174,155,152,156,147,148,142,167,157,153,147,145,139,130,136,156,150,159,155,146,140,135,148,135,152,150,138,150,143,156,151,146,156,156,155,136,138,150,167,174,143,143,148,148,142,150,140,145,148,145,145,150,145,171,158,159,153,157,147,146,144,145,145,161,145,170,149,159,155,162,145,141,145,145,162,125,158,140,172,151,146,144,153,151,142,137,135,180,162,151,150,136,141,157,140,159,178,164,159,148,147,168,149,148,150,141,151,129,137,154,168,142,142,149,153,153,131,130,127,151,163,143,141,133,163,165,159,144,152,158,142,150,147,144,158,165,149,145,154,152,162,162,147,145,147,137,144,158,146,151,157,140,173,162,145,149,160,137,162,142,133,154,141,164,139,140,147,158,147,152,174,145,153,135,161,128,155,159,140,155,163,135,143,180,171,136,165,143,146,158,155,142,159,137,167,152,143,155,143,151,152,147,144,152,154,126,141,164,161,155,156,153,152,163,151,158,139,156,157,148,153,155,149,148,152,142,152,160,144,146,141,128,145,147,142,164,168,129,159,138,136,143,151,148,157,146,150,152,154,143,168,150,150,148,147,161,165,145,144,151,166,154,136,148,152,152,156,170,133,136,140,150,151,150,134,167,157,153,149,137,158,133,134,176,156,136,164,154,164,148,167,144,153,154,147,157,142,163,161,160,158,149,154,155,148,167,164,155,154,160,152,168,170,138,147,135,148,158,151,149,145,148,152,146,141,153,129,138,159,135,150,146,154,162,142,153,166,143,150,152,156,150,148,157,147,155,139,137,149,153,131,167,135,155,165,163,144,173,164,155,141,151,157,141,148,158,121,152,163,142,148,160,154,142,159,157,141,133,165,126,151,146,164,157,167,154,138,163,143,158,142,136,143,146,164,162,162,149,140,162,142,144,158,150,166,138,161,150,153,127,149,148,152,148,148,142,151,147,147,146,148,157,142,170,149,151,159,168,161,155,142,135,161,148,141,171,148,151,153,162,159,152,150,141,158,135,156,156,158,137,157,144,158,158,155,150,164,152,154,130,157,152,148,162,155,148,158,154,159,154,164,151,159,163,145,142,145,143,169,145,166,157,152,149,131,168,158,149,157,145,157,132,141,148,142,154,143,165,150,144,158,144,166,159,162,146,149,162,148,129,145,139,161,156,162,140,171,148,159,139,148,146,147,160,156,160,146,147,157,143,145,146,142,155,133,161,155,148,131,159,164,155,155,141,158,154,159,140,157,145,140,156,146,142,137,140,149,175,165,154,155,154,134,147,153,144,151,161,159,163,157,149,150,154,150,154,141,164,165,135,132,151,140,136,131,169,161,155,130,154,158,155,151,144,160,151,174,153,157,150,144,145,160,155,161,147,137,149,170,167,150,147,165,142,152,141,166,155,153,140,169,146,161,150,151,152,143,166,151,149,161,135,138,158,135,157,168,154,161,153,163,157,138,140,144,149,146,137,164,151,140,153,145,156,167,169,158,180,145,133,142,150,149,141,148,134,151,149,144,124,161,151,155,143,139,155,157,161,150,175,150,142,121,156,160,153,145,160,149,149,165,169,153,139,151,163,143,157,150,146,146,165,130,169,140,154,166,170,147,130,138,151,144,139,156,139,159,148,144,145,140,143,145,165,136,164,159,132,170,152,142,144,150,151,145,157,154,140,161,164,149,157,157,165,151,141,152,148,164,155,148,157,147,159,136,160,144,146,139,127,145,136,153,153,155,149,148,149,152,156,151,163,145,149,146,164,140,127,138,130,153,159,144,155,138,150,134,150,121,144,162,153,156,149,147,159,142,138,146,153,137,146,171,167,139,145,161,154,162,153,141,132,142,134,158,133,147,129,150,166,147,140,175,141,147,152,150,144,158,165,148,134,164,157,150,156,151,140,139,173,140,151,139,132,138,138,146,157,137,146,135,150,140,150,160,143,137,135,169,151,146,159,141,149,149,157,140,138,152,133,149,154,154,150,154,142,151,139,142,159,141,144,131,151,147,159,149,154,148,157,137,149,128,168,165,138,157,145,153,170,164,149,149,159,149,150,161,141,155,155,146,145,149,137,136,140,154,151,149,143,142,165,144,157,138,134,141,165,150,157,128,155,155,140,150,158,145,136,166,157,146,153,140,139,150,146,151,158,164,142,161,143,166,143,131,135,147,143,152,165,158,147,146,149,150,154,149,149,147,156,156,165,130,132,164,158,152,164,146,153,157,140,155,145,149,146,159,158,143,143,138,145,158,159,158,162,160,146,152,135,144,168,148,145,131,130,151,139,132,152,137,150,148,144,178,136,142,147,167,161,141,156,152,163,133,149,144,131,147,144,151,164,138,144,130,155,163,153,147,156,144,152,128,151,181,133,136,154,146,168,134,134,141,151,146,158,151,145,175,154,150,149,154,145,149,136,143,151,147,138,159,161,120,164,144,147,135,140,139,137,141,141,147,147,135,142,158,138,141,150,155,140,146,150,143,147,138,156,149,142,150,153,159,158,148,153,139,158,146,153,162,148,170,167,152,155,154,147,170,167,147,143,146,153,147,163,168,138,156,174,140,152,153,140,153,151,145,159,141,151,151,179,151,145,139,141,169,145,153,159,156,158,129,149,143,146,144,137,153,142,165,144,152,139,151,145,150,143,143,165,139,146,183,168,156,151,154,144,156,147,146,139,145,171,139,146,134,137,158,145,142,146,146,152,148,144,136,135,138,148,149,153,141,154,165,148,142,139,148,150,154,147,136,140,158,153,149,145,152,161,170,147,140,147,135,151,138,138,144,151,168,140,152,136,162,159,155,151,136,142,144,145,151,155,137,160,147,146,130,160,147,153,145,149,149,154,149,152,161,151,155,145,142,154,150,156,146,145,153,146,145,134,137,160,139,164,152,152,143,155,142,149,147,177,163,153,144,146,147,153,149,131,139,145,149,165,146,146,141,154,148,139,143,153,151,123,141,136,144,139,167,147,142,135,140,150,146,147,162,160,141,155,137,135,134,157,139,140,166,153,139,145,139,164,140,161,145,156,135,147,146,149,141,156,162,137,156,140,145,145,157,147,150,156,168,160,139,153,135,189,165,146,143,165,142,147,171,137,155,122,153,144,161,149,138,156,146,181,143,143,148,153,164,145,137,156,156,159,152,140,146,139,135,164,157,152,139,139,158,161,152,149,169,172,165,138,157,149,157,147,143,146,138,159,167,154,156,159,166,155,149,153,163,163,149,143,138,145,142,148,169,157,155,162,152,144,157,140,148,150,136,160,140,164,156,147,150,141,172,156,161,149,148,146,154,146,147,146,145,145,129,146,155,149,156,144,160,159,145,158,141,174,141,155,143,143,158,154,151,152,148,149,139,128,150,148,149,171,146,144,143,141,163,165,164,138,136,154,154,169,142,144,159,149,131,154,126,145,149,171,147,172,134,142,148,140,159,154,135,154,147,152,145,137,146,145,157,155,152,149,149,141,151,152,149,143,149,163,158,147,159,159,134,161,142,149,145,153,139,165,161,147,141,144,160,148,159,142,152,164,156,147,162,151,139,132,153,144,149,165,151,140,143,156,144,145,129,150,168,165,133,160,147,129,152,133,153,168,142,147,132,153,166,167,154,144,150,147,152,139,150,148,158,147,150,163,143,147,154,141,149,136,155,145,149,152,143,157,150,151,159,148,153,151,164,159,143,147,157,162,141,157,154,159,151,151,138,142,141,132,153,157,141,147,164,146,146,139,154,142,141,152,141,126,160,146,138,136,152,159,147,149,152,168,149,145,159,153,146,153,128,154,142,147,152,151,153,141,155,151,152,149,142,149,136,156,148,156,154,142,168,156,150,159,153,148,146,141,157,150,158,174,156,146,164,145,158,151,158,147,133,154,152,158,164,161,151,135,147,151,151,165,158,157,153,135,144,167,136,153,154,149,149,172,179,154,165,138,181,147,159,135,132,139,165,166,149,147,156,134,127,153,143,170,134,156,158,160,158,145,163,150,157,143,159,149,164,166,146,164,146,142,152,169,155,154,139,149,151,148,162,145,140,151,163,136,147,129,155,153,123,137,153,136,150,136,155,146,164,146,157,138,144,154,145,166,139,130,138,161,152,158,155,147,157,153,145,131,131,139,155,134,137,150,152,147,144,148,155,160,143,141,147,151,145,139,159,140,131,147,151,134,151,152,149,154,151,161,146,140,144,146,155,161,157,138,167,143,142,144,136,116,170,130,157,163,153,147,141,153,140,155,146,172,166,129,142,143,156,137,168,163,158,164,144,142,151,144,155,149,142,151,138,138,165,142,160,154,147,157,154,157,142,145,158,144,155,160,163,154,157,132,137,147,161,151,149,154,147,153,142,136,157,156,158,158,155,159,142,157,170,144,148,151,157,156,145,153,154,163,154,155,151,157,150,143,150,153,151,138,153,164,143,156,163,159,150,151,142,153,139,155,146,129,159,148,157,147,132,153,140,136,140,143,141,145,148,140,156,141,138,161,149,149,144,155,151,159,162,145,150,134,155,132,137,134,150,150,146,151,183,154,142,161,154,153,139,131,166,152,152,137,159,158,135,142,160,139,144,154,160,162,147,148,151,138,155,164,136,142,164,154,160,151,139,149,170,150,171,141,158,152,145,144,157,144,133,149,141,146,141,142,155,161,141,153,161,151,140,147,153,156,175,161,155,157,145,132,157,145,163,159,170,152,153,144,151,149,150,163,136,140,165,147,151,165,148,154,131,149,158,143,153,143,149,161,161,137,144,138,159,132,146,139,156,134,150,142,146,135,153,153,164,159,155,150,144,132,140,146,147,142,140,149,152,163,163,146,173,173,159,142,139,150,154,138,141,167,141,147,158,158,146,156,160,143,148,176,143,137,146,148,138,143,161,132,152,166,161,144,156,154,159,150,142,141,140,153,144,154,147,142,131,143,153,144,133,146,151,154,149,138,143,133,157,144,143,149,150,148,134,161,146,150,148,138,132,177,140,151,159,143,156,153,152,141,143,152,155,139,144,144,164,131,142,141,155,168,157,162,142,154,156,148,158,171,153,168,131,158,152,147,162,147,152,147,147,158,137,126,147,149,136,160,153,162,148,168,150,150,136,157,133,138,151,164,158,161,166,146,138,142,163,161,153,156,139,150,136,147,142,141,167,141,155,154,173,127,137,153,137,163,155,167,141,154,157,160,174,164,157,152,171,140,148,151,162,141,166,146,147,146,148,154,152,144,141,137,150,144,146,155,138,152,168,131,160,159,147,158,153,152,154,158,134,135,163,160,147,174,142,148,146,155,171,142,135,150,142,140,152,159,150,155,139,142,141,140,160,141,144,162,149,157,166,140,181,148,167,152,148,151,147,151,187,134,159,151,140,144,162,157,136,166,164,139,158,167,159,158,151,151,139,139,140,146,158,153,152,147,163,142,169,155,153,139,140,152,140,159,151,140,138,159,159,127,143,161,147,151,140,152,150,151,183,145,156,126,164,136,149,147,149,147,154,145,138,150,150,141,143,145,155,152,145,157,136,140,173,149,143,134,133,140,160,148,152,143,150,162,145,146,167,151,146,129,155,146,164,128,146,158,145,147,141,144,148,161,153,129,160,141,134,141,129,154,137,158,157,140,141,156,155,164,138,171,150,146,150,137,144,137,140,156,163,147,137,152,145,170,154,144,162,154,145,153,151,139,152,160,148,133,142,171,139,154,142,155,173,165,129,144,146,154,149,129,154,159,162,158,130,154,151,158,144,141,148,145,149,142,154,127,165,152,147,165,174,158,129,172,164,140,153,148,144,145,145,150,159,141,146,144,140,159,151,145,152,155,149,142,155,144,144,164,159,151,154,146,143,158,133,149,150,150,147,150,163,159,149,146,151,152,158,147,148,156,155,135,149,151,152,138,166,168,137,145,155,150,151,139,147,157,135,160,162,160,161,139,139,160,161,139,150,152,149,153,147,157,140,140,161,150,137,152,139,158,155,145,155,156,169,149,146,141,147,163,146,139,152,143,132,145,145,144,161,153,148,154,129,155,154,162,164,143,149,139,167,157,154,130,131,142,159,152,147,164,145,144,157,146,161,155,150,140,153,145,153,140,155,134,166,151,158,129,140,133,148,145,136,170,169,164,158,149,157,171,156,170,132,141,158,156,132,144,147,171,171,153,143,162,149,155,145,164,149,143,152,146,141,157,148,172,151,155,163,159,142,123,146,153,146,147,150,135,144,154,161,142,152,138,144,150,159,139,151,148,162,159,156,161,144,154,140,152,145,152,150,145,149,159,152,139,155,147,157,152,146,153,148,157,158,159,158,142,158,156,140,165,147,148,146,149,146,135,156,155,142,147,154,141,169,152,160,170,161,153,154,151,161,150,132,151,156,126,161,133,162,149,150,143,165,147,149,160,154,155,153,150,159,153,147,145,144,131,155,146,157,137,157,154,140,147,162,148,167,151,138,150,153,147,145,146,143,149,163,141,144,152,139,137,124,145,138,139,169,155,165,146,149,139,140,154,156,162,158,154,142,135,155,160,158,151,140,152,144,144,159,150,171,128,154,142,153,147,151,145,134,154,147,145,154,144,142,148,154,162,154,159,147,142,188,160,159,144,149,150,153,137,135,145,143,157,158,144,152,168,149,148,153,152,147,168,133,136,133,164,152,154,136,146,135,160,149,152,148,156,125,139,154,150,166,167,165,157,150,157,155,163,164,152,161,156,171,157,146,159,141,155,154,149,125,151,129,143,145,149,148,144,153,141,137,140,140,127,150,168,153,157,136,148,133,146,137,152,151,147,128,142,136,158,149,149,160,140,145,143,174,145,147,152,144,154,156,145,151,144,139,151,153,151,169,131,136,132,141,147,147,151,167,164,153,127,144,152,166,147,145,149,148,141,144,146,147,140,146,148,171,151,161,145,141,136,137,161,132,147,152,151,144,146,132,143,149,159,162,140,158,145,155,146,132,141,140,146,152,140,152,146,144,140,142,142,160,146,139,162,156,130,156,158,143,142,136,155,141,133,141,154,119,141,135,148,146,137,138,148,161,141,140,150,146,148,166,143,148,146,145,145,145,147,148,157,167,149,142,147,153,174,151,156,143,142,148,142,140,139,151,149,136,148,158,133,160,143,144,152,134,159,167,154,143,147,161,162,145,131,169,152,143,163,166,143,160,158,145,142,129,164,153,161,161,148,170,155,153,132,148,139,156,167,152,143,163,163,170,154,154,160,159,139,167,165,141,154,152,158,156,152,129,148,156,137,145,160,154,142,172,153,148,160,150,160,162,140,141,157,131,165,126,153,139,148,164,134,159,148,128,142,147,151,149,156,167,132,158,130,152,160,146,153,144,153,150,151,147,150,127,161,140,160,142,158,152,153,150,142,147,135,142,151,151,154,134,136,160,138,151,141,166,157,139,156,126,158,151,158,158,153,135,142,158,142,147,152,165,152,148,137,136,159,138,146,166,152,148,151,143,138,135,140,154,161,147,149,150,136,171,138,149,141,144,145,144,144,134,124,174,124,147,182,159,150,162,155,144,143,153,148,193,131,145,158,170,162,149,143,157,136,148,126,146,149,147,163,167,145,149,145,161,160,150,145,163,137,144,157,153,146,152,133,164,160,149,151,152,158,151,150,153,143,156,142,150,156,148,161,151,139,149,146,150,154,157,150,146,149,154,155,155,150,153,165,147,140,136,142,133,140,136,147,163,129,155,142,141,153,146,144,159,152,136,139,138,163,147,164,147,142,155,136,144,155,145,149,160,151,144,159,141,150,152,152,158,155,133,160,154,129,151,168,144,143,139,159,136,160,154,154,154,170,155,142,145,144,149,132,154,162,157,162,149,149,159,139,156,137,140,151,127,160,132,127,161,166,124,156,168,135,140,154,148,148,164,153,147,142,140,158,162,151,163,143,166,159,136,169,142,149,146,147,152,147,146,155,138,165,146,145,147,156,158,148,144,115,152,170,153,157,154,151,143,151,144,166,152,143,146,145,151,154,148,150,150,149,177,147,171,162,155,158,155,161,158,139,140,135,135,171,171,150,159,156,148,143,166,146,138,141,155,163,142,138,149,159,158,164,149,162,156,155,146,141,136,166,165,168,145,141,131,162,148,142,154,153,145,157,140,142,164,161,153,142,157,160,163,160,146,131,151,152,140,153,133,147,136,151,143,167,145,147,143,156,156,159,150,139,152,168,155,156,141,152,145,159,142,140,151,140,163,154,161,169,150,145,158,127,155,148,163,141,158,176,145,153,147,146,139,149,138,140,146,153,147,157,134,137,144,137,161,152,166,145,148,139,147,151,151,150,143,159,148,145,179,133,155,134,159,146,149,137,166,151,143,143,152,149,149,135,160,153,153,138,166,155,141,139,147,143,132,164,149,155,145,154,155,148,149,154,148,151,145,164,154,149,152,178,161,150,154,157,158,131,160,136,149,164,141,145,137,154,138,145,148,154,162,158,151,134,143,153,154,159,155,157,152,130,151,138,145,142,128,167,151,159,151,149,154,163,147,152,129,166,147,160,165,143,140,159,145,153,143,144,148,147,136,148,152,150,155,159,147,135,148,152,148,164,149,156,145,147,158,150,152,136,141,158,151,150,156,136,145,153,140,163,142,139,172,148,146,160,147,138,146,141,147,156,143,145,143,155,163,149,152,134,161,151,147,142,140,159,147,160,149,151,158,174,157,144,143,147,156,155,151,134,151,172,169,138,150,153,155,181,136,149,154,177,153,140,144,152,151,137,132,160,149,146,140,145,143,149,150,143,164,150,150,145,151,152,152,142,147,156,155,171,139,148,158,138,168,153,146,155,142,142,155,140,139,156,143,142,159,165,129,132,143,127,142,136,143,144,142,146,136,150,143,165,178,157,155,147,160,152,149,134,145,159,150,153,142,173,145,157,145,149,150,148,144,156,154,145,153,161,158,141,157,158,137,157,149,150,143,129,160,150,155,155,135,159,155,160,154,154,155,136,139,145,161,139,152,147,170,156,151,140,158,139,149,142,144,157,136,157,137,153,161,146,151,146,144,157,149,151,169,145,167,133,138,145,149,147,148,147,142,146,151,148,158,147,145,149,157,165,158,138,149,141,159,130,167,149,156,144,145,160,148,149,155,149,153,150,162,154,161,161,146,147,149,150,145,138,137,140,150,155,139,152,158,142,144,136,171,146,131,149,160,150,154,156,152,158,137,134,171,144,145,151,168,172,160,157,137,139,169,145,146,177,133,157,162,148,160,148,146,142,141,162,153,138,155,160,141,142,154,133,144,156,145,144,169,160,153,161,131,151,135,163,144,157,151,136,170,131,146,163,141,134,142,150,154,146,162,156,147,159,149,136,174,151,138,152,144,161,152,142,137,161,158,135,166,158,136,142,146,150,128,155,149,158,141,160,143,151,152,145,157,143,156,145,158,147,145,152,168,144,160,138,145,166,145,163,148,145,145,153,163,168,133,158,147,154,150,151,150,140,131,152,148,144,150,154,156,167,157,142,150,145,160,129,140,143,155,153,135,141,137,147,149,156,144,149,167,157,139,160,150,152,153,151,155,138,141,132,151,171,140,150,158,153,139,154,131,139,143,152,152,164,154,144,137,138,158,155,143,161,136,165,147,140,158,154,151,156,143,140,140,172,151,164,136,157,148,150,143,155,166,146,161,137,148,135,155,146,151,148,161,139,162,155,154,140,152,140,143,129,144,153,155,138,151,148,160,170,147,142,146,142,140,147,159,147,134,155,154,165,157,142,158,149,171,151,152,142,161,139,152,180,139,152,134,161,144,140,143,147,164,129,149,139,170,146,150,147,156,145,150,147,154,156,144,169,142,153,146,130,149,141,155,140,156,153,158,160,133,153,178,147,152,150,145,144,148,168,165,162,154,162,158,147,137,136,156,132,136,133,157,147,152,135,164,154,146,158,123,147,147,143,131,136,148,156,139,152,154,148,150,157,153,149,146,154,160,138,153,138,141,153,128,154,132,157,150,140,128,146,139,135,141,153,166,145,153,162,167,181,160,140,156,148,147,149,161,153,168,144,144,146,161,139,136,153,161,159,148,146,168,129,141,153,147,152,149,153,168,166,159,171,138,137,173,154,162,164,146,168,138,147,135,149,142,157,125,142,168,154,158,148,144,133,140,150,140,148,139,129,151,160,144,165,165,136,148,156,143,134,181,143,161,146,164,169,157,144,149,171,143,147,159,149,149,149,140,168,143,139,150,145,146,142,148,142,135,163,151,143,155,150,157,171,162,147,169,149,145,166,132,135,157,151,155,129,157,129,147,160,164,158,150,137,156,145,160,151,160,144,159,182,152,162,157,159,145,137,151,153,160,156,161,145,163,160,155,130,146,161,154,136,150,144,157,139,168,146,147,142,148,151,164,160,156,147,140,160,145,134,163,160,150,146,159,143,167,159,141,134,156,161,159,157,171,139,148,138,154,159,143,143,149,154,144,146,154,150,145,170,144,140,150,154,145,147,139,153,169,146,156,169,154,153,144,150,141,140,146,153,153,166,161,146,147,137,142,152,151,149,134,145,137,146,155,152,145,114,163,161,182,124,130,138,165,139,131,162,139,147,147,152,138,164,143,134,164,163,146,156,145,159,161,168,152,145,154,166,144,142,143,153,131,135,155,144,148,158,142,150,151,138,164,158,151,149,141,169,153,144,148,161,146,158,142,160,143,150,144,149,147,142,148,146,141,147,158,137,159,142,150,140,143,142,147,157,122,142,143,153,153,131,161,148,152,134,144,145,136,142,133,151,142,159,147,132,137,165,148,170,163,147,150,145,168,131,159,160,143,160,139,150,166,139,150,159,151,178,151,154,141,166,144,159,128,143,149,152,156,145,140,166,157,166,146,139,153,143,142,158,149,146,148,152,146,143,143,152,163,147,141,156,151,157,142,159,167,154,150,152,142,144,167,126,152,147,153,156,151,154,154,163,145,159,137,157,156,145,156,168,159,148,155,135,131,153,167,149,152,150,136,158,152,123,145,147,149,147,159,145,143,162,165,128,164,155,154,131,136,158,144,161,132,151,135,145,161,142,154,130,151,166,140,164,159,143,155,150,148,146,149,174,145,151,134,162,137,163,141,167,148,146,150,167,143,149,160,156,154,151,144,135,154,153,144,154,158,148,151,147,156,156,150,157,156,155,149,142,153,172,143,154,153,133,154,136,134,181,141,139,152,157,145,145,142,157,166,148,156,141,139,148,149,146,162,155,147,150,139,155,157,147,144,156,143,140,150,143,148,143,150,143,161,153,149,151,144,140,141,136,147,147,156,144,143,177,168,138,162,154,149,138,154,146,160,138,143,147,168,157,154,173,148,130,146,135,145,143,151,151,164,129,151,147,159,147,139,145,128,168,150,149,147,155,140,158,151,146,153,144,142,156,130,151,164,161,152,155,155,143,139,140,145,159,147,120,150,171,146,149,149,138,141,144,143,136,145,141,151,155,147,156,159,148,166,141,145,138,155,158,145,157,132,138,157,145,131,148,155,151,147,168,172,142,147,148,164,131,134,158,157,152,178,143,170,143,168,152,146,152,143,157,155,162,142,157,147,121,147,154,158,141,167,144,155,144,153,158,148,133,137,153,146,151,154,140,140,154,148,137,137,159,152,159,153,151,161,176,157,135,146,158,154,160,137,134,146,140,164,147,145,152,146,140,143,158,161,149,147,167,165,136,137,146,151,153,147,171,158,138,152,140,153,149,151,148,162,149,138,157,158,157,149,160,162,163,129,148,152,158,168,148,155,172,140,143,145,137,165,171,143,146,161,154,151,158,145,153,142,176,146,153,158,149,153,140,145,164,142,151,146,138,146,166,172,148,141,149,141,164,153,140,161,149,154,140,151,146,133,161,153,150,145,143,138,149,155,163,156,143,143,166,138,158,143,136,142,138,122,155,142,148,148,145,137,146,147,140,147,155,148,155,141,162,149,153,146,147,147,140,145,151,143,145,146,141,148,152,155,155,158,144,160,154,142,145,148,152,148,160,140,149,134,144,158,167,162,170,168,142,136,152,146,154,148,162,149,148,149,154,143,143,145,132,149,140,147,150,171,161,168,162,155,142,143,153,150,155,149,155,137,155,150,145,152,147,148,134,144,130,147,150,146,150,171,151,153,146,150,145,143,145,162,150,158,156,152,154,144,157,146,144,139,139,147,161,172,158,132,152,132,151,147,153,131,146,142,147,134,147,144,121,142,157,133,139,158,159,147,155,142,140,144,155,150,156,156,145,143,156,146,168,146,168,140,148,155,170,139,139,137,160,139,139,164,155,157,138,160,127,165,162,138,146,157,125,155,160,142,160,162,158,136,153,135,154,139,139,135,141,158,152,165,159,152,157,158,140,140,150,169,155,138,144,151,151,150,133,158,152,166,161,157,140,160,160,155,169,150,151,143,158,153,134,152,137,147,150,165,151,140,158,160,145,129,149,143,152,166,156,141,152,154,147,149,152,153,174,133,142,156,146,165,155,153,146,148,147,150,140,151,130,138,154,156,153,160,148,150,156,129,156,140,145,141,155,123,152,146,158,153,150,161,141,154,170,137,161,151,147,145,146,138,144,144,150,141,145,174,153,154,154,134,144,163,157,166,151,141,169,125,144,143,134,134,162,149,167,143,134,160,139,149,175,149,145,157,157,130,154,162,136,148,162,143,162,145,160,136,137,154,139,137,164,156,147,149,165,142,163,157,148,168,155,151,148,154,129,136,126,147,152,140,156,135,143,165,152,159,148,143,145,147,150,150,152,153,159,159,156,135,143,160,136,131,145,159,150,159,146,130,140,139,145,148,154,143,150,148,149,148,148,156,139,144,156,138,152,142,153,142,156,133,145,164,160,139,151,148,148,144,146,148,169,161,134,153,147,138,152,153,144,161,141,164,163,147,143,144,164,132,152,157,156,148,137,146,168,142,138,152,146,163,155,156,177,149,147,142,148,152,146,147,152,142,156,152,153,152,141,155,152,150,155,160,162,154,137,168,157,153,147,147,149,143,149,172,144,143,147,151,145,172,153,127,147,155,157,153,158,157,160,171,146,145,141,152,153,139,145,136,143,154,132,140,136,153,153,150,152,165,159,139,151,135,146,150,156,156,151,147,148,142,141,137,147,161,171,154,159,154,133,135,131,144,130,134,156,143,163,153,157,142,155,149,161,153,157,154,139,155,141,149,143,159,146,135,154,171,156,158,153,160,137,144,161,149,142,134,139,149,160,147,156,143,153,178,152,148,145,161,143,152,128,158,139,151,143,150,143,164,137,139,164,137,156,151,143,147,151,151,157,156,135,158,152,159,152,134,122,131,158,151,166,137,137,144,144,150,150,148,164,135,169,138,150,172,147,152,154,136,158,148,151,144,139,153,150,166,131,147,154,136,162,142,142,158,138,150,160,145,149,144,153,153,174,136,158,136,153,156,147,172,155,170,150,162,132,144,164,157,157,169,144,148,152,158,168,163,144,143,144,153,143,156,160,157,164,144,140,151,167,174,148,142,157,149,138,154,155,158,145,133,135,140,147,148,166,133,167,145,148,174,143,146,147,132,159,139,126,145,151,145,149,144,129,150,139,162,125,158,161,141,159,143,159,137,161,127,166,155,130,149,137,153,147,152,140,150,160,147,151,136,148,139,150,164,151,143,149,147,155,167,157,142,134,150,151,154,145,151,142,139,145,144,140,132,161,132,165,156,131,156,166,153,155,130,129,149,139,169,142,151,141,144,158,148,150,143,149,148,140,149,134,156,152,143,157,149,152,140,180,153,156,129,151,163,145,135,139,148,138,159,149,159,133,134,142,127,146,153,140,152,126,133,164,140,168,147,138,149,158,141,149,150,152,150,161,147,151,150,154,143,135,155,157,148,157,158,157,162,136,141,134,156,136,160,155,152,144,151,156,160,158,146,143,153,150,140,172,150,148,159,140,156,158,146,160,156,147,149,140,161,142,150,159,133,167,150,134,150,142,139,155,144,144,158,150,151,161,142,153,159,148,138,142,144,161,152,158,173,130,152,154,164,142,147,152,147,151,148,147,159,147,150,161,162,149,152,123,150,146,152,149,139,141,153,140,151,138,138,153,145,144,152,129,142,150,148,151,151,153,154,159,156,130,141,150,166,159,151,156,165,140,171,152,163,151,164,183,151,156,154,133,146,141,132,163,147,144,150,155,144,136,162,153,160,152,138,142,143,132,157,150,163,162,166,138,160,152,163,164,144,125,151,160,165,155,139,133,155,149,178,140,146,159,164,146,133,147,150,141,157,143,150,147,153,152,145,144,132,152,136,169,154,129,155,163,149,131,162,161,161,154,147,157,144,137,174,146,163,153,151,153,158,163,161,148,161,162,145,165,136,146,140,157,154,147,163,158,139,143,143,148,150,128,162,143,142,132,138,150,165,139,149,154,149,150,158,137,155,168,149,145,147,155,157,149,161,137,147,154,161,151,157,156,159,152,150,140,165,151,142,152,152,144,141,140,153,132,157,161,155,155,151,149,158,162,148,151,133,154,151,146,167,148,137,177,140,160,158,137,165,150,140,153,156,150,152,153,150,142,131,143,163,144,150,132,160,154,134,157,150,158,141,160,158,157,142,161,144,135,149,170,145,137,153,152,154,146,153,153,148,155,144,144,160,140,158,144,162,149,128,142,148,130,139,134,142,158,145,147,149,159,159,153,158,148,154,127,155,151,144,153,147,151,141,127,152,150,153,145,154,144,144,145,155,151,132,159,163,154,138,162,149,137,134,151,161,131,147,155,145,139,147,137,169,152,130,147,147,150,167,149,145,150,150,164,151,151,168,170,142,162,130,155,170,150,155,139,159,171,159,143,144,164,143,152,149,161,147,154,145,148,151,169,138,150,141,129,152,137,166,156,143,185,139,137,144,156,137,134,144,164,125,146,155,146,157,145,150,159,142,161,153,143,158,153,171,171,153,149,145,158,152,158,163,140,127,132,157,148,140,152,181,139,150,128,152,155,144,167,141,161,164,162,144,161,158,143,160,131,138,155,147,130,157,140,147,147,171,152,140,152,145,151,162,145,142,132,150,146,157,136,156,147,153,140,158,152,148,155,141,152,156,140,142,146,162,145,139,155,152,142,145,145,160,177,146,164,163,142,141,155,139,149,145,167,143,153,156,156,156,140,145,153,141,148,158,137,163,167,150,167,149,157,158,156,147,155,140,153,170,156,137,128,167,195,148,144,147,167,145,141,139,172,138,137,146,155,160,156,141,159,152,147,152,155,143,148,173,147,150,149,137,161,151,122,156,145,144,150,152,129,156,145,157,137,151,165,158,143,144,148,151,146,140,145,152,137,141,144,134,155,157,158,146,139,154,138,147,136,168,145,151,136,153,164,147,137,136,138,126,135,152,151,164,151,141,146,133,140,156,159,140,158,150,165,156,146,159,145,125,155,128,138,139,150,154,161,141,156,154,148,149,148,152,147,150,154,162,136,148,147,138,141,141,133,162,153,151,160,166,153,144,132,149,173,146,166,141,163,146,161,144,154,139,156,155,147,153,153,157,139,159,138,156,153,158,147,156,155,159,150,156,148,143,141,159,137,145,150,138,128,155,161,136,173,134,159,171,141,133,156,140,163,149,155,140,153,169,144,167,153,147,144,152,131,152,166,140,146,138,143,150,141,148,176,139,154,159,142,144,150,152,145,145,140,147,167,152,137,147,150,146,151,140,149,166,157,159,158,159,140,166,153,149,143,141,156,164,140,148,140,150,149,148,150,144,161,153,174,121,156,160,144,154,134,163,141,148,157,166,152,176,150,141,157,151,154,156,155,145,137,139,147,154,165,148,135,142,157,146,150,153,142,147,157,154,153,152,147,135,143,155,151,149,146,142,157,137,159,155,151,135,139,131,126,154,144,140,143,130,156,146,140,139,159,150,136,146,142,151,155,154,145,166,154,147,142,140,156,165,160,136,174,146,131,152,162,144,136,176,164,164,149,161,147,151,175,159,147,158,132,148,139,166,144,152,146,160,146,144,129,142,156,167,157,141,155,143,160,155,156,130,164,142,150,152,149,141,162,145,137,145,145,140,163,171,167,148,133,133,157,165,160,154,138,151,164,140,140,164,139,132,138,152,151,177,157,153,139,141,172,149,140,137,151,148,151,165,158,139,147,144,154,147,146,154,144,142,170,168,155,143,136,147,154,159,147,157,134,158,152,161,147,156,161,142,139,154,145,159,165,156,156,144,146,140,157,162,157,138,146,158,141,145,147,131,142,149,163,140,147,153,165,169,159,156,141,156,144,151,155,143,160,149,141,141,163,159,121,157,152,143,154,147,137,157,149,173,156,142,141,143,138,144,137,139,156,149,161,155,148,133,133,146,149,139,159,160,150,160,136,155,133,147,144,146,155,137,143,150,154,130,145,153,138,139,147,160,151,133,150,141,140,161,138,166,155,155,136,153,154,141,162,154,135,158,131,159,136,149,147,147,140,162,155,152,151,161,155,150,140,151,159,147,162,139,133,148,162,138,160,159,145,154,148,150,137,154,157,165,147,142,148,163,156,152,147,123,132,141,151,153,150,136,143,141,159,169,149,148,154,171,157,131,129,137,157,154,142,149,156,153,149,154,144,145,136,158,135,148,140,141,150,138,145,150,138,166,149,144,136,149,159,150,161,145,141,167,144,144,153,163,138,148,156,151,162,146,146,134,156,159,136,163,163,141,151,155,168,163,139,164,146,132,162,162,142,146,156,162,163,170,148,152,156,142,161,142,143,151,169,166,152,142,159,151,150,143,138,141,156,173,128,162,143,159,137,144,142,146,153,176,145,167,140,146,153,153,146,152,141,154,152,167,148,146,160,157,141,152,157,157,147,146,165,152,144,147,159,157,149,150,142,141,166,156,157,128,148,169,142,139,137,144,138,152,155,136,160,146,153,137,155,152,135,131,149,148,166,162,154,152,158,151,143,168,156,148,172,155,159,155,156,140,139,149,140,134,147,147,135,146,157,141,157,167,154,171,166,139,159,149,151,141,143,142,149,151,158,154,172,141,142,142,154,146,152,142,149,147,154,155,136,161,163,135,143,154,148,156,153,147,177,155,140,167,164,143,137,161,148,149,158,132,157,153,146,161,157,147,148,150,162,159,142,162,161,152,148,164,163,151,148,134,144,166,150,157,158,160,146,145,169,167,156,130,150,138,153,148,157,152,157,155,169,134,148,144,124,148,153,140,149,145,142,169,163,181,151,167,153,158,124,139,151,154,147,136,154,151,156,148,153,151,139,152,156,167,131,149,177,139,155,134,154,163,152,138,162,160,151,144,143,139,142,141,155,123,140,142,152,143,142,148,141,150,167,156,156,169,154,135,128,162,147,150,152,161,153,169,151,148,154,166,157,158,137,159,160,146,159,148,150,150,152,164,171,160,147,141,145,172,147,127,168,144,145,147,148,168,155,151,149,147,142,146,157,155,146,158,158,145,162,146,155,148,155,162,164,139,167,156,150,138,148,157,146,153,162,136,153,152,143,136,151,131,146,156,154,154,163,160,136,159,165,137,141,150,146,130,141,145,146,160,135,144,121,157,164,151,161,154,147,147,142,149,141,167,139,150,149,157,159,157,157,153,149,137,130,142,147,147,141,163,143,160,141,137,142,142,146,148,178,146,145,148,141
161,142,139,154,159,152,147,148,139,163,146,142,147,147,144,153,144,145,148,164,142,134,156,151,140,151,144,150,151,152,151,135,151,133,153,139,139,143,139,133,153,148,133,153,160,146,160,146,140,163,149,146,156,166,156,152,135,148,145,151,151,146,153,145,157,139,148,150,144,151,157,150,164,138,160,153,148,136,152,157,144,139,151,140,144,136,166,150,144,132,147,142,142,156,153,149,163,151,166,145,148,157,162,130,154,153,147,141,164,142,155,159,144,132,165,140,165,152,153,138,148,141,146,146,141,154,151,139,145,153,160,138,165,144,145,152,161,145,155,158,140,142,142,146,136,149,166,144,154,154,163,136,134,148,163,151,164,144,163,141,146,154,141,157,143,136,148,162,143,141,164,146,145,169,152,155,140,146,160,146,139,141,166,133,150,168,141,152,146,164,167,164,150,160,137,154,171,134,156,138,145,143,141,144,146,153,153,147,133,155,142,144,156,167,149,167,154,161,135,145,147,150,137,170,162,154,151,164,137,145,137,157,146,132,169,153,152,148,140,136,134,161,154,165,140,147,132,155,155,141,148,142,158,153,152,148,147,133,140,141,161,153,144,160,135,156,154,154,137,117,152,160,155,148,148,163,126,144,122,150,149,154,160,150,150,142,161,156,139,157,159,137,157,148,152,159,138,159,130,135,154,151,170,150,147,153,141,137,146,146,155,133,144,140,134,168,146,172,142,151,145,138,164,146,163,135,174,153,153,132,155,139,151,145,146,161,159,140,148,137,173,158,146,168,152,145,152,149,145,166,163,154,149,137,157,148,157,152,152,150,151,150,153,163,139,165,156,140,150,152,179,145,148,164,146,159,145,169,138,141,160,140,148,143,139,161,145,141,144,124,143,136,151,150,145,153,167,153,145,147,133,132,171,135,181,162,177,144,142,143,139,155,160,154,142,141,170,130,155,139,172,144,149,163,155,152,141,143,155,128,144,152,145,165,147,167,152,133,156,141,150,146,163,159,148,160,144,153,142,163,152,146,148,166,168,138,130,157,135,149,151,160,144,161,156,150,157,141,144,155,145,149,141,147,162,162,150,153,132,136,139,141,135,150,151,163,157,161,169,148,139,150,150,155,154,147,157,160,155,146,129,144,154,147,158,153,150,153,148,153,141,155,156,162,160,151,141,136,155,153,144,130,145,142,150,147,165,140,145,154,151,147,154,166,142,169,152,133,168,156,152,160,149,162,146,141,149,143,143,152,163,151,153,168,140,138,159,134,140,145,157,162,141,166,150,139,139,152,139,141,134,164,155,166,153,140,160,142,141,146,152,154,152,153,153,145,149,134,145,143,154,154,162,163,151,155,153,162,145,147,163,154,145,151,181,151,149,165,170,143,138,144,139,139,125,166,152,139,156,151,145,152,154,160,156,146,156,146,136,164,142,172,136,147,138,150,147,143,146,133,155,142,152,152,146,149,160,142,149,146,153,144,135,146,150,144,149,150,142,142,142,146,143,152,156,144,156,155,142,143,147,135,160,162,144,143,140,157,158,156,158,159,150,140,156,152,166,152,155,158,168,175,132,151,156,158,151,147,152,139,150,138,161,140,142,137,146,144,147,143,143,151,150,143,137,173,155,129,153,140,138,140,164,146,150,152,169,149,158,144,152,144,135,159,146,140,144,172,141,148,156,153,145,148,161,140,135,139,156,146,154,148,139,156,149,144,158,161,158,140,156,133,142,151,148,142,154,130,161,148,140,154,158,145,143,153,144,156,161,138,151,149,136,156,141,137,165,148,160,160,165,147,158,154,147,159,152,156,150,147,152,151,171,163,159,152,161,141,138,146,140,148,137,154,116,135,148,166,147,155,157,143,142,144,153,142,149,152,139,155,154,142,154,165,140,144,138,148,158,122,135,150,139,132,165,147,143,170,149,147,150,156,140,167,172,141,156,144,153,153,149,142,152,163,143,158,153,141,129,163,162,164,141,146,166,151,168,136,152,142,138,152,168,141,151,147,152,169,165,146,150,136,153,170,164,147,137,150,157,143,143,167,149,155,162,158,176,141,153,142,142,156,145,146,137,155,157,139,151,159,153,147,145,136,153,161,161,151,165,138,161,146,150,145,138,166,143,141,161,137,150,144,152,144,155,136,163,159,142,141,140,145,163,140,144,173,150,164,139,138,156,154,150,138,141,129,150,159,151,155,143,151,155,141,142,156,142,135,169,146,160,148,150,172,175,149,153,153,144,150,145,140,159,150,165,168,173,139,161,145,169,159,132,156,134,153,159,150,152,156,149,147,141,148,160,146,142,132,175,154,156,147,150,151,162,139,143,155,166,148,162,165,141,170,142,142,159,159,142,131,154,162,157,152,160,153,166,148,166,130,162,160,137,150,151,149,152,148,163,155,137,166,161,141,142,141,156,139,145,150,143,156,165,151,162,165,153,145,151,152,150,144,151,140,151,146,154,149,163,135,144,153,143,146,168,163,150,162,137,142,141,135,138,150,148,149,135,157,161,151,154,141,150,157,157,138,152,157,143,147,160,168,143,136,168,165,135,143,134,154,145,148,162,147,156,154,144,136,160,148,165,168,157,150,164,166,134,146,153,148,138,128,149,139,151,160,152,140,141,172,158,147,138,145,150,170,148,153,143,149,166,163,154,155,154,144,154,150,148,140,181,140,134,147,159,133,147,140,145,142,155,138,165,149,149,151,148,137,162,152,151,115,145,125,163,148,154,146,174,153,158,146,155,139,151,162,148,161,162,161,153,137,167,154,167,137,141,156,156,144,151,166,150,143,133,160,137,125,141,144,144,155,143,139,147,148,147,154,144,125,147,154,158,131,158,155,172,144,154,148,133,136,152,167,151,174,135,159,159,152,152,142,165,153,156,150,150,158,144,147,139,144,148,158,147,130,148,157,169,147,159,175,158,157,147,141,142,137,145,155,147,153,148,152,147,148,151,145,165,139,153,152,146,136,143,151,150,148,141,146,148,145,167,142,137,149,157,178,136,139,140,144,139,157,138,147,147,165,147,131,150,121,151,167,147,163,163,152,158,163,131,131,159,149,156,149,148,162,166,150,131,147,150,156,172,153,153,151,152,155,166,167,149,147,168,139,149,151,139,149,157,153,151,158,137,142,152,152,147,166,161,151,147,140,138,151,146,142,148,149,151,145,155,119,148,151,147,158,147,161,154,158,134,146,131,161,151,156,165,155,136,160,157,143,131,160,142,162,141,138,144,137,143,159,141,159,137,169,158,156,146,146,134,170,155,164,140,143,128,152,158,153,120,143,157,151,160,151,159,152,154,155,135,162,148,145,154,165,144,138,152,168,161,141,136,146,156,173,140,136,150,148,151,148,146,147,140,150,152,142,148,160,156,134,150,155,137,156,155,145,154,154,138,149,134,155,184,142,157,133,146,154,176,146,139,134,144,144,143,152,148,154,166,157,140,164,152,168,129,153,152,155,128,148,127,142,140,160,157,157,156,163,147,157,149,141,147,142,164,155,132,145,154,142,144,145,135,139,154,161,140,146,150,151,138,146,166,164,144,159,135,160,153,152,147,155,159,145,143,162,144,145,156,146,149,133,144,167,148,151,155,171,150,149,153,164,144,155,168,163,146,171,133,147,144,173,146,151,155,139,131,155,157,138,145,163,157,147,141,155,148,121,148,141,161,133,165,162,141,158,144,166,150,153,144,146,152,163,141,150,162,158,152,153,163,144,152,160,156,135,157,142,149,152,159,143,134,149,164,162,149,145,151,146,167,152,170,164,168,144,145,158,147,128,152,178,137,143,153,135,159,159,160,147,139,143,163,140,155,165,150,147,166,156,157,134,144,145,149,141,134,147,173,145,140,153,135,153,145,155,141,149,138,145,130,157,165,163,158,163,146,165,152,155,155,147,162,132,155,159,139,152,172,152,140,149,140,158,146,176,153,150,145,148,149,152,166,146,141,160,149,146,157,154,164,172,154,152,160,140,171,155,145,125,171,153,159,161,139,140,154,160,155,134,157,153,133,165,150,138,135,150,145,167,146,155,146,169,129,143,152,156,156,151,150,149,136,170,153,143,143,140,150,162,145,163,155,172,155,165,163,147,171,151,152,151,158,140,147,155,148,137,159,145,168,149,150,134,158,164,151,146,160,137,135,155,143,155,144,154,149,133,147,147,153,151,155,159,161,143,178,153,137,150,154,130,158,143,136,153,157,143,165,148,128,153,152,143,168,148,141,165,159,133,153,137,157,145,132,131,156,162,149,151,157,158,139,144,161,132,157,151,158,140,142,144,155,127,145,149,160,151,157,149,144,155,157,150,152,132,154,138,145,161,148,148,138,157,150,127,153,160,146,164,133,145,164,143,149,138,144,129,158,159,142,139,157,140,151,160,172,146,138,138,134,163,154,165,163,142,143,152,145,159,143,137,155,144,146,140,141,138,134,134,149,153,155,154,124,138,169,146,147,154,134,139,169,156,152,146,149,168,138,148,143,159,146,142,152,132,138,139,153,144,158,150,151,134,150,136,127,132,154,146,154,141,153,168,156,148,170,138,139,163,143,143,159,162,134,138,151,143,151,147,160,144,163,135,155,144,143,154,165,154,162,159,153,129,171,145,146,146,159,131,137,154,150,145,144,138,154,153,151,149,181,158,149,138,140,145,164,155,145,164,153,158,122,144,140,145,167,143,119,144,162,173,161,144,156,150,160,146,158,153,148,128,154,157,158,148,141,146,145,151,151,167,152,153,149,135,157,152,143,147,139,148,176,132,160,143,150,158,157,149,153,141,130,159,141,150,142,169,150,145,152,148,161,168,158,159,143,148,134,159,144,163,150,153,150,148,146,146,140,136,165,159,169,152,143,166,138,143,126,147,155,132,159,153,156,144,137,146,158,133,148,135,139,160,141,136,141,139,133,156,147,139,139,141,142,142,144,165,153,164,155,159,143,154,143,161,158,154,151,130,162,144,152,143,170,139,158,162,146,141,155,163,173,136,151,155,147,141,155,150,160,162,156,149,133,155,153,144,140,175,150,162,157,129,132,153,151,151,138,139,149,152,148,142,137,124,150,147,174,162,152,165,156,153,152,142,163,156,161,159,140,145,149,150,143,127,156,158,133,152,152,144,151,140,145,154,152,134,159,154,144,143,158,158,164,150,146,159,150,133,165,138,153,145,154,148,160,145,162,141,134,144,149,135,155,159,130,167,146,150,145,156,139,178,164,161,155,143,155,148,134,150,153,155,154,150,141,153,170,142,142,147,134,145,127,145,148,151,141,150,139,150,134,138,158,149,149,147,151,163,152,161,137,162,157,165,147,133,143,154,136,149,156,162,143,171,155,155,152,145,173,138,130,161,152,152,150,143,161,137,155,156,163,139,159,161,133,143,157,135,164,167,154,144,134,152,152,143,135,141,133,166,162,136,157,158,150,152,155,142,147,140,151,145,158,146,156,148,163,163,168,136,128,167,138,154,152,146,151,156,136,138,148,152,156,142,146,147,153,132,141,145,141,145,146,154,138,139,137,127,160,156,144,148,152,130,150,145,154,136,151,152,167,152,141,138,166,178,152,156,143,164,147,139,136,149,152,140,155,151,152,150,152,160,141,145,160,135,142,127,152,170,153,169,154,140,146,167,144,179,148,154,152,156,153,145,121,146,154,152,162,176,164,141,170,149,181,161,151,142,147,147,133,154,156,144,152,156,158,146,168,159,146,145,143,133,154,142,139,131,136,172,159,148,148,133,162,148,165,144,157,146,150,162,173,140,160,154,167,160,158,146,162,148,159,170,133,153,159,131,151,148,141,139,157,139,152,143,153,145,127,145,145,151,132,145,132,164,151,135,148,155,153,162,149,157,158,154,148,142,130,146,151,154,157,163,132,159,162,142,155,144,150,148,146,154,147,164,138,148,121,123,137,131,133,144,154,147,158,150,151,136,137,152,148,156,143,141,127,146,161,142,147,160,158,160,165,158,153,157,154,139,158,141,153,155,152,140,157,123,150,154,151,133,159,140,147,144,141,143,160,144,156,131,155,139,156,146,151,141,149,144,148,139,139,148,156,147,160,136,153,150,157,170,148,146,150,150,150,135,165,163,146,146,155,144,165,147,155,157,153,165,158,161,162,148,149,146,146,144,156,153,143,144,159,163,164,172,138,144,136,154,137,158,144,154,145,141,141,144,139,143,148,127,139,133,158,167,154,155,145,149,142,148,154,146,154,142,149,157,143,135,159,148,149,153,139,150,158,153,151,141,145,140,145,144,148,150,142,140,132,162,137,166,158,151,153,150,145,146,162,158,161,154,155,157,136,131,158,167,159,155,162,157,150,154,138,162,170,161,157,151,144,160,160,148,153,170,151,153,142,156,140,162,167,152,143,148,145,157,162,142,152,153,151,166,150,122,177,155,153,136,154,143,147,160,153,155,165,161,137,160,160,153,157,160,135,143,157,153,164,156,147,155,156,144,164,145,157,142,147,147,146,154,163,157,143,157,150,141,167,146,155,150,141,153,139,164,133,151,153,153,158,158,151,134,165,144,151,156,155,143,157,143,147,158,148,127,168,151,153,155,159,149,165,149,164,166,149,147,142,144,156,146,137,137,129,149,143,128,149,145,144,143,160,158,153,163,147,161,145,132,167,166,142,166,151,132,137,152,144,129,158,150,151,156,148,137,144,138,158,158,152,175,149,164,139,164,150,135,137,172,146,165,148,154,170,140,147,153,157,144,167,138,141,151,152,171,153,144,163,143,135,148,177,157,159,152,150,162,172,134,162,134,162,140,137,162,149,160,148,147,137,157,150,134,157,177,138,135,167,145,155,147,154,142,159,147,152,147,151,153,157,146,152,164,139,125,144,144,161,157,142,160,144,158,164,137,163,158,150,135,153,150,136,147,149,167,146,146,157,163,150,130,150,148,153,146,162,163,146,141,169,154,161,156,139,162,151,150,145,138,152,122,142,159,157,133,162,153,158,150,136,147,144,145,148,152,157,124,150,142,139,147,138,148,158,158,154,127,164,147,131,138,166,127,137,171,158,146,156,169,153,159,148,152,141,140,152,156,142,129,146,148,142,156,162,147,134,149,151,158,145,148,149,153,160,140,138,168,167,155,154,150,166,138,143,141,166,161,145,144,162,148,135,166,144,151,132,141,139,154,142,138,133,141,144,148,138,151,140,148,133,145,159,157,158,125,150,160,132,158,161,157,154,156,138,148,152,138,146,159,156,166,144,137,150,145,147,145,161,157,150,154,146,143,148,137,146,123,132,164,148,136,150,139,148,147,130,159,141,146,157,144,157,111,153,157,143,148,157,153,143,151,146,167,126,144,152,141,136,164,144,142,155,137,175,157,165,136,161,158,142,161,159,160,140,142,152,151,157,158,144,138,160,151,144,144,159,161,156,141,155,152,166,145,142,147,135,158,136,151,156,142,155,160,128,144,152,140,168,164,156,146,146,153,174,160,152,167,156,161,152,153,137,158,155,129,148,128,141,144,158,147,150,147,148,159,139,142,141,163,138,144,135,156,155,149,130,162,151,148,146,141,145,169,156,138,151,151,152,163,139,142,143,142,150,148,144,144,154,157,145,153,137,152,139,158,151,148,143,146,134,146,170,140,157,155,126,125,150,139,140,169,144,158,162,146,142,160,142,152,155,140,139,148,147,146,170,152,154,152,160,157,144,142,157,169,164,142,148,157,147,138,169,146,158,167,131,148,131,162,157,138,154,151,162,146,139,150,118,166,164,155,158,144,133,139,140,151,152,151,130,151,160,154,148,161,147,157,150,169,138,152,149,159,155,181,146,146,139,142,168,134,164,153,162,143,159,151,153,152,139,153,153,145,154,165,164,145,141,150,147,144,151,155,150,139,149,154,164,148,132,148,139,139,135,132,140,129,143,151,148,128,134,161,147,144,142,149,149,137,135,133,146,156,131,145,154,163,133,145,156,158,152,156,154,153,162,149,145,152,161,153,149,161,151,143,142,156,157,152,155,146,154,180,153,131,140,158,159,147,138,148,154,154,159,151,139,154,138,154,143,139,141,135,115,131,154,157,164,137,153,136,146,148,151,135,138,151,174,161,152,155,147,154,154,159,139,153,146,161,136,150,151,150,173,139,165,136,147,144,158,153,143,148,134,138,145,169,140,145,134,145,134,149,149,171,140,154,143,148,159,158,140,142,149,157,147,138,147,150,150,154,148,157,149,146,120,146,146,146,170,132,138,142,140,147,152,157,151,158,154,136,144,152,141,141,142,140,166,139,163,158,140,134,147,158,146,149,157,143,159,147,153,137,160,132,150,169,161,166,155,139,130,142,146,146,164,139,168,140,156,150,119,160,155,145,155,159,133,133,155,152,140,158,131,148,139,166,154,141,137,151,147,144,136,171,161,157,129,140,154,162,152,152,141,166,143,143,142,150,163,130,168,133,154,169,145,153,149,153,161,149,150,146,153,155,147,148,132,154,139,160,158,147,148,125,152,151,153,134,148,150,131,129,147,158,137,145,148,154,161,154,142,141,155,155,149,147,144,155,147,147,149,150,167,144,141,168,134,160,138,165,152,138,129,162,154,151,138,156,150,152,163,155,157,151,143,154,135,158,153,137,128,158,167,144,139,159,151,140,143,162,138,141,153,149,164,144,141,151,153,138,161,147,146,164,150,153,139,152,138,154,150,155,167,148,140,177,138,163,173,153,148,137,152,151,137,142,142,151,131,147,136,135,131,158,150,169,149,169,143,134,145,135,147,152,135,149,156,137,165,155,134,154,141,145,156,163,131,165,134,140,150,160,146,139,122,145,135,142,153,168,142,156,148,140,155,141,158,151,146,143,140,142,179,134,149,141,140,163,144,141,158,157,159,151,154,149,161,151,139,152,152,137,168,147,146,150,153,147,159,131,143,173,154,168,157,141,153,149,150,167,138,156,144,151,164,144,143,143,152,155,147,158,136,158,147,149,149,175,149,165,148,163,158,155,134,152,151,145,142,167,141,145,154,159,151,149,145,152,149,142,159,160,154,160,140,140,145,159,139,150,161,153,155,157,160,157,143,159,137,153,140,148,149,141,156,159,144,148,147,149,143,142,142,154,144,150,146,126,151,149,143,162,157,142,120,145,165,134,139,130,150,127,178,139,163,150,147,163,153,139,144,133,148,157,139,142,170,139,145,155,140,152,134,147,149,152,149,154,151,147,142,138,140,154,142,144,134,145,147,143,146,148,144,152,137,156,154,132,154,157,147,156,151,153,136,137,134,153,158,150,130,157,145,144,149,153,151,128,149,163,151,160,166,132,151,151,151,151,150,152,139,141,171,147,140,166,143,162,151,153,169,154,148,142,146,163,152,134,161,137,139,153,171,158,151,143,163,148,144,166,156,148,151,145,156,168,145,135,143,157,153,145,133,144,136,145,147,171,148,160,151,142,153,130,149,135,146,141,141,169,160,142,161,143,143,169,141,145,144,154,156,144,140,151,144,138,134,154,133,136,161,164,154,148,161,148,146,148,140,143,147,146,159,170,162,128,158,142,143,129,158,171,147,140,162,155,142,155,152,158,159,153,162,155,135,152,168,139,139,165,157,141,152,150,138,155,142,148,151,157,157,162,154,154,146,150,147,148,150,160,154,149,163,143,150,138,154,148,144,157,140,146,160,160,144,156,137,148,142,150,150,146,141,184,156,153,156,140,156,128,158,163,143,147,155,139,147,139,140,166,152,140,157,153,148,140,155,137,161,135,152,143,158,157,134,154,140,132,147,143,146,164,155,162,132,170,151,172,128,135,133,160,173,155,153,160,144,127,137,134,153,162,160,138,153,156,172,165,166,155,155,148,151,141,146,144,151,150,144,142,167,146,143,142,142,142,152,149,162,124,160,159,158,127,146,164,154,167,156,141,137,139,135,136,171,156,154,156,160,157,142,158,159,161,164,147,146,145,158,154,159,159,132,155,150,140,159,158,170,144,153,143,160,152,141,148,143,138,150,146,149,151,141,158,141,154,154,145,147,164,170,163,146,150,139,148,174,137,148,156,156,146,152,156,141,162,145,148,146,156,128,141,162,162,138,141,149,172,159,164,146,141,141,135,160,160,144,140,162,149,160,137,150,154,163,143,135,168,152,156,145,163,142,142,141,168,172,127,155,170,130,165,156,152,147,153,165,152,163,142,169,138,143,148,154,148,146,145,159,156,160,134,128,159,146,151,143,137,138,149,147,161,158,153,144,147,129,128,159,150,148,129,145,154,149,156,155,155,156,144,152,135,139,167,147,156,164,141,142,144,157,148,150,154,135,142,167,145,156,142,141,153,143,142,151,132,166,150,142,141,155,163,144,159,131,140,154,136,167,123,155,153,140,157,134,137,135,140,144,142,139,146,148,138,153,165,143,157,150,148,157,133,137,139,132,140,133,151,141,177,152,149,171,171,160,121,154,149,165,140,149,164,156,154,148,165,165,157,149,149,151,141,151,139,153,125,135,167,163,164,161,159,145,142,149,160,153,161,154,143,157,148,164,151,146,153,156,149,152,151,141,148,169,139,133,147,159,156,172,148,143,159,154,152,148,148,138,157,130,158,162,153,157,148,138,130,157,167,137,150,154,143,156,142,149,157,149,161,155,155,143,149,155,130,139,146,151,160,156,155,174,132,158,157,147,151,155,151,138,152,150,154,163,160,170,135,157,150,151,137,146,143,145,140,140,145,150,145,152,160,146,163,137,159,154,145,130,147,154,149,146,151,152,138,165,165,149,152,148,149,158,146,161,147,141,165,166,137,161,155,164,159,147,157,161,155,164,154,152,151,136,140,137,158,148,153,153,145,146,155,160,134,150,149,158,148,149,150,149,160,136,146,153,144,159,143,143,142,146,153,158,155,169,152,160,166,141,173,150,168,140,154,158,144,148,162,161,153,162,136,147,160,148,163,161,147,160,166,147,130,154,153,139,153,148,151,153,148,141,154,150,142,161,136,137,152,152,141,157,159,181,155,150,119,158,159,168,150,172,157,141,149,154,161,171,141,177,140,141,141,148,149,145,140,151,147,151,164,159,137,142,140,147,170,142,157,161,153,170,140,166,131,159,162,147,147,169,152,135,147,143,143,154,145,153,148,166,130,151,151,160,150,152,151,138,152,151,145,167,168,142,154,149,160,152,142,158,147,152,147,158,145,162,152,139,160,145,163,162,141,131,152,132,158,144,142,149,152,152,161,132,139,158,143,161,150,151,148,146,153,159,147,168,155,150,159,140,147,149,158,136,141,141,146,135,144,162,140,148,146,146,136,159,155,160,159,157,171,146,149,151,139,143,153,145,152,146,134,173,167,167,137,170,136,153,136,142,165,155,131,158,157,135,149,134,142,147,146,150,140,146,156,173,164,148,146,151,143,145,151,148,157,156,161,147,153,139,142,151,136,153,161,151,150,151,150,147,141,156,158,152,145,165,146,153,149,144,135,143,144,144,151,154,144,155,133,143,151,147,146,148,136,141,149,135,153,163,154,145,150,157,150,160,140,146,146,142,147,145,144,149,130,124,158,162,154,157,149,155,148,124,134,150,131,168,156,151,154,151,159,157,151,122,144,147,143,141,128,149,142,148,158,159,156,156,122,145,148,145,154,137,155,155,176,164,138,166,157,133,146,157,156,147,145,151,155,137,168,151,148,157,143,144,145,160,156,148,149,158,155,182,159,161,153,152,166,160,146,139,144,138,133,144,136,146,140,124,145,144,143,159,157,158,170,146,151,150,144,154,136,136,164,139,138,154,153,155,171,149,141,149,149,146,141,172,166,137,154,142,151,148,151,157,156,163,144,163,129,135,144,147,156,142,139,149,136,144,150,141,163,142,150,164,143,159,158,142,144,141,151,167,147,135,137,128,141,152,142,160,143,155,155,141,152,156,139,147,129,144,154,159,130,145,143,152,148,151,152,147,153,162,157,150,145,157,148,145,155,157,151,146,152,180,137,162,153,142,137,162,152,124,167,160,158,155,128,143,160,150,164,133,164,174,156,160,147,167,152,147,148,157,152,153,155,154,157,155,138,153,155,148,154,146,141,136,176,147,152,141,168,152,162,132,162,151,168,150,149,154,151,155,146,150,160,161,146,158,154,147,125,141,137,138,146,141,142,158,150,151,164,150,148,154,134,139,150,150,147,147,150,142,148,135,152,176,136,161,150,157,162,136,158,157,151,153,136,155,140,158,182,145,151,142,169,134,158,143,143,147,144,166,149,147,160,144,142,151,159,153,150,139,137,157,142,137,156,149,149,156,145,147,142,151,144,160,147,157,150,158,146,138,154,165,153,153,157,167,152,148,157,125,155,159,156,143,169,145,152,149,148,162,139,147,151,143,156,162,147,157,162,146,159,142,159,129,152,162,131,146,161,160,162,153,156,146,153,146,161,146,139,155,150,136,145,154,149,144,148,149,155,171,134,137,149,141,152,168,143,167,149,151,148,160,137,162,161,157,156,141,156,143,137,141,142,142,136,145,156,152,153,147,137,148,157,152,162,163,156,143,147,163,130,139,169,137,128,148,143,142,149,158,139,149,136,140,151,159,151,127,145,173,148,146,147,158,163,153,155,156,159,164,147,135,141,145,145,143,139,148,147,156,142,146,151,135,155,149,155,148,144,150,143,147,142,142,130,138,170,167,135,160,147,152,150,158,152,138,140,140,150,163,132,148,150,126,141,145,156,172,144,133,154,141,135,151,157,133,146,152,171,154,144,152,157,140,155,149,142,136,149,124,150,147,160,141,142,151,145,161,157,163,156,150,161,146,153,147,139,152,157,150,132,153,147,166,145,164,141,158,137,141,143,161,147,145,143,154,146,132,145,149,153,149,162,149,167,148,143,150,146,159,141,156,150,156,134,150,151,142,150,178,138,161,149,161,134,167,134,162,130,186,138,143,147,150,161,132,152,139,138,162,151,140,157,152,165,148,144,149,152,158,141,157,157,128,129,163,146,151,144,151,148,158,158,128,152,146,161,152,158,151,158,156,163,162,136,158,147,150,156,158,160,158,153,135,140,144,146,157,162,155,141,155,167,153,141,166,151,169,131,153,147,153,156,156,133,163,163,147,147,154,145,153,142,136,155,153,144,152,135,147,159,152,142,144,155,144,164,174,155,160,149,141,162,134,135,161,146,153,145,149,145,157,139,161,155,147,153,148,158,148,142,139,141,147,138,149,146,158,140,150,156,146,144,153,149,159,150,171,138,143,152,153,142,154,157,139,169,134,164,142,170,140,156,143,166,144,168,136,152,134,151,147,159,142,148,149,166,143,158,160,148,140,152,148,158,130,155,158,150,132,144,135,145,143,154,140,150,152,144,151,139,149,159,145,134,150,162,136,147,139,161,158,150,153,160,149,157,131,153,142,153,152,162,151,136,143,167,133,149,131,158,147,144,167,169,151,147,150,158,151,151,153,145,142,146,146,167,139,160,160,132,142,140,133,157,136,157,147,153,141,146,163,138,147,141,142,150,145,163,157,143,147,155,155,151,145,139,140,164,136,145,160,139,151,156,155,172,142,150,145,168,164,161,154,140,162,149,143,160,144,150,157,141,157,150,140,167,152,151,144,144,150,146,145,167,139,147,144,139,152,144,142,161,162,174,138,159,160,140,140,166,128,156,147,164,174,148,142,148,138,142,162,144,140,142,154,169,147,149,159,164,170,172,131,149,148,168,149,161,131,144,165,153,140,149,163,140,149,149,145,151,149,146,130,162,182,144,143,178,148,160,143,143,147,136,149,155,148,149,158,152,144,158,156,140,150,131,140,151,158,167,161,139,165,161,138,143,162,144,147,165,157,177,132,137,131,151,146,158,153,155,148,147,151,154,157,145,160,149,144,145,144,161,148,159,148,149,154,141,139,159,149,143,160,148,158,164,147,157,138,166,165,146,160,145,156,156,150,147,139,146,133,147,152,134,146,139,167,146,152,145,140,155,152,139,155,136,144,159,147,157,160,146,130,160,144,172,143,148,162,163,150,150,139,140,174,165,134,147,125,152,144,158,151,148,119,144,163,150,137,155,157,153,151,140,144,158,138,138,164,160,159,161,151,137,144,166,150,164,140,151,160,156,151,167,160,153,164,143,150,147,152,126,157,154,157,153,142,135,140,140,143,162,141,153,141,142,144,158,142,154,152,132,147,159,156,155,138,142,135,139,142,155,159,144,147,147,160,148,155,143,170,146,158,158,156,133,139,140,138,146,166,150,161,169,155,148,149,163,156,151,155,162,141,150,165,137,150,157,151,173,140,136,134,145,142,147,164,139,152,144,139,151,153,157,115,143,159,176,145,153,157,152,155,168,138,125,140,155,137,145,141,143,142,135,154,137,137,152,153,153,151,158,145,152,145,153,127,155,136,136,157,132,161,152,142,153,148,138,152,154,169,143,155,149,139,145,145,146,139,145,138,155,141,154,137,143,149,172,139,140,150,152,146,157,152,146,164,117,153,159,140,144,143,143,134,143,161,147,155,141,130,140,144,147,163,150,134,141,149,152,151,135,139,156,146,162,143,135,140,146,165,130,160,167,139,160,167,180,142,157,156,157,152,154,162,148,142,155,159,155,152,140,146,159,148,145,149,156,144,167,161,159,142,152,167,150,159,138,155,144,153,170,132,133,146,154,122,163,159,151,152,154,143,142,140,148,151,151,147,161,144,164,151,151,147,159,131,158,150,136,150,144,158,155,153,132,154,144,159,155,140,139,153,134,148,144,127,147,155,158,171,149,143,153,165,160,149,147,138,165,139,137,161,135,148,150,141,137,135,140,142,132,155,158,155,128,145,175,159,160,135,163,153,148,146,146,148,145,152,164,155,140,156,148,162,152,164,171,129,155,141,153,158,135,147,165,140,149,131,151,153,153,145,161,147,164,160,145,148,146,156,139,137,151,139,139,156,145,145,147,137,135,166,157,151,163,144,153,172,146,156,137,148,146,153,156,145,159,159,162,174,137,136,166,136,147,153,141,143,155,150,137,136,135,138,139,154,153,153,149,170,133,154,153,158,173,133,165,166,145,169,136,138,167,134,173,142,148,156,143,147,155,156,137,144,143,141,159,149,160,145,141,140,152,146,173,152,143,151,153,146,154,157,140,156,141,155,146,155,135,143,148,145,159,159,149,137,145,169,145,145,146,138,149,139,145,176,150,151,146,150,134,147,129,151,139,136,136,136,154,141,150,148,140,133,143,141,161,146,169,140,156,134,122,152,150,149,135,149,140,150,162,128,161,147,157,159,150,147,148,164,148,166,150,148,149,144,153,159,148,142,150,157,159,169,146,151,165,152,135,148,136,153,164,156,145,147,163,137,137,139,158,153,128,156,168,144,133,138,137,154,131,158,160,164,162,151,137,152,159,130,146,169,137,140,139,145,136,140,143,163,149,159,159,146,163,170,156,138,137,134,153,162,154,158,163,164,170,152,144,149,164,142,174,143,144,142,141,168,141,120,158,176,162,173,141,159,142,139,153,152,153,142,157,134,144,125,155,149,148,139,146,154,147,142,140,136,143,146,142,163,156,155,149,146,156,140,157,141,179,152,155,139,142,134,156,148,148,132,144,152,163,162,139,162,166,155,164,138,143,145,158,144,150,130,149,143,156,133,143,155,141,148,145,139,157,157,172,138,156,167,156,155,137,141,155,153,137,161,141,155,132,129,158,151,129,153,179,159,151,133,168,158,158,144,146,151,173,138,146,144,144,151,154,150,128,152,153,144,154,155,149,136,149,150,138,141,158,136,152,147,139,159,147,146,148,155,137,143,157,151,162,157,163,147,161,158,152,141,159,139,153,163,150,142,156,148,158,141,149,144,125,137,153,147,134,154,154,145,154,135,156,165,170,166,130,137,153,144,148,144,132,162,144,141,147,159,170,151,154,162,147,159,163,146,151,133,142,142,174,172,142,139,148,138,147,137,168,150,142,166,159,154,146,148,146,156,156,141,145,141,158,148,171,144,159,137,161,151,151,146,152,163,145,132,143,158,129,149,136,148,158,143,122,146,145,132,174,140,149,153,154,141,136,168,158,152,154,150,145,154,163,136,152,144,145,151,156,142,170,149,135,147,147,190,151,133,146,151,146,140,171,147,162,139,162,153,142,155,159,161,150,155,149,162,136,141,175,150,161,139,144,143,154,173,138,146,160,130,171,142,131,164,160,132,150,175,135,149,154,152,141,157,155,164,151,148,143,145,163,150,140,153,155,130,128,136,128,145,151,146,142,154,151,159,137,141,152,138,161,135,131,153,157,146,152,153,148,137,147,145,161,149,161,135,159,124,150,137,127,160,153,154,163,141,128,156,149,152,139,149,167,156,160,155,153,148,152,144,142,143,159,131,149,149,130,132,152,163,133,146,154,159,162,144,159,150,164,152,141,145,146,168,136,161,141,153,161,153,162,135,163,158,126,148,135,148,152,166,148,158,145,157,164,139,146,154,135,152,155,157,143,131,159,160,167,139,144,148,125,155,159,148,148,137,136,154,136,160,150,162,136,146,153,135,155,163,149,139,138,149,148,145,140,168,159,154,159,149,155,151,156,147,137,142,153,152,157,147,171,148,154,174,147,147,144,144,167,153,168,158,154,144,166,149,146,141,165,146,130,144,130,166,149,151,169,163,159,130,154,146,164,168,146,160,151,145,147,149,136,144,139,141,153,140,179,139,153,153,137,152,156,150,167,158,158,161,137,157,183,155,141,163,161,152,157,133,152,162,137,147,150,136,142,139,154,152,160,143,163,154,146,148,159,147,143,140,153,143,144,155,139,159,159,155,148,161,149,150,160,151,140,128,151,169,150,132,154,157,138,161,156,146,162,137,149,141,164,150,137,164,142,130,122,161,146,156,159,162,139,153,159,142,159,160,159,154,152,152,117,153,181,142,143,147,149,140,149,146,149,151,154,156,139,169,151,153,152,157,152,140,170,153,144,148,165,148,157,146,143,143,148,143,160,153,171,154,159,137,151,151,128,153,149,158,151,138,139,158,140,148,150,161,136,139,149,142,147,160,149,151,139,132,148,156,140,148,141,151,152,162,155,155,134,140,156,158,157,142,142,159,148,152,152,144,143,164,156,156,148,148,158,148,142,153,152,130,158,137,153,144,146,143,147,158,154,140,142,152,141,159,135,150,150,141,147,135,159,139,170,156,145,180,141,154,146,156,143,142,157,146,166,147,152,125,162,153,144,144,148,154,145,139,135,149,160,154,153,131,148,165,149,151,148,148,123,160,138,150,144,161,143,148,135,155,159,142,148,151,143,153,149,145,155,159,145,162,160,152,178,144,136,145,141,153,154,145,144,162,164,151,161,164,133,140,135,161,135,144,167,145,146,138,154,151,160,143,150,158,139,161,144,152,141,156,153,153,141,145,143,162,122,151,148,141,139,156,151,125,141,153,144,144,136,150,153,150,133,166,149,139,143,152,156,138,145,157,148,156,174,152,151,147,143,132,166,144,144,153,142,152,142,137,143,142,147,138,163,155,156,149,144,152,130,147,163,167,149,158,156,156,167,148,148,146,153,164,164,151,164,161,163,156,164,138,170,146,142,164,164,162,143,163,161,137,144,142,175,155,151,144,151,159,161,155,142,149,133,153,149,136,166,145,141,168,143,142,165,152,158,160,153,148,146,150,156,141,137,164,147,156,155,139,153,132,142,170,144,147,138,151,149,145,139,154,135,159,158,152,150,138,151,150,141,159,156,137,170,150,152,154,160,149,123,146,161,157,137,164,142,150,162,155,148,147,144,137,158,144,156,162,145,141,147,149,144,145,150,166,143,145,169,142,151,135,159,144,147,151,141,146,165,154,146,128,148,142,157,150,161,147,139,152,135,142,150,134,157,159,155,154,151,146,144,141,143,141,149,157,152,159,159,158,145,146,155,150,134,138,172,145,184,125,139,142,131,143,169,143,150,154,160,143,145,162,158,157,151,151,136,144,145,166,167,150,161,168,148,149,147,143,152,163,134,147,147,163,161,164,156,149,137,137,150,133,140,157,141,144,141,172,156,145,160,151,166,166,162,130,152,153,155,151,155,163,154,153,145,171,176,149,150,140,152,155,134,134,155,153,154,173,153,148,163,169,137,151,142,160,153,132,141,137,146,131,176,136,154,144,154,166,133,137,146,150,154,145,136,164,152,169,153,155,151,155,157,145,145,158,165,149,154,152,161,155,144,142,151,149,142,160,151,140,152,138,155,152,145,140,146,153,141,148,143,157,158,152,158,157,145,155,154,160,143,155,153,155,164,150,141,163,132,158,140,156,149,138,142,150,137,146,152,149,144,161,146,146,160,152,157,134,172,156,150,164,138,140,153,143,152,155,146,157,153,137,139,160,155,157,150,155,142,153,135,156,174,145,140,137,147,144,147,137,157,147,125,164,165,145,149,170,148,161,148,175,152,151,151,143,174,130,143,159,152,155,148,135,130,143,155,132,155,143,147,166,148,164,145,158,155,148,159,154,147,145,153,131,158,150,146,120,160,144,137,152,148,157,137,141,159,145,140,135,146,135,145,154,152,161,167,171,138,154,135,170,133,152,167,143,139,148,140,157,147,145,149,150,159,146,147,141,158,146,155,139,170,157,146,143,154,138,167,146,140,131,157,153,160,159,153,153,133,150,156,158,158,140,145,157,159,160,165,155,153,164,151,143,145,159,146,148,155,140,159,161,157,148,151,147,154,166,160,173,153,142,157,134,152,153,155,157,153,151,155,131,148,144,145,151,163,143,144,154,154,139,167,160,150,142,142,141,132,165,145,154,135,151,158,139,147,142,140,157,142,150,153,147,149,154,148,162,161,152,145,142,160,144,155,155,160,166,158,146,139,130,156,152,168,172,153,147,144,133,155,130,170,152,161,136,160,153,140,146,134,150,165,144,151,158,126,147,141,165,148,143,151,144,147,136,129,131,150,137,146,144,144,145,147,159,165,144,139,149,147,151,142,130,141,146,146,141,147,163,164,134,166,166,156,168,172,162,160,147,162,161,146,157,139,144,168,135,155,154,156,156,143,151,144,152,152,130,159,147,165,149,136,132,152,145,130,160,170,173,150,145,160,151,154,139,154,154,161,158,153,152,164,163,154,144,131,166,150,142,160,143,154,143,180,143,146,153,146,155,140,151,146,164,165,152,154,162,133,131,142,148,146,151,139,157,133,156,176,151,147,144,157,156,145,151,156,161,169,142,153,164,145,135,142,141,161,154,141,146,142,152,142,150,168,162,147,151,155,143,163,153,155,142,165,139,144,145,161,158,156,161,142,155,133,171,151,141,145,151,165,155,154,155,138,166,168,166,134,137,160,137,134,143,163,133,135,143,148,142,132,133,178,145,157,171,138,141,152,135,157,151,142,166,143,142,151,151,156,140,141,153,145,156,161,155,160,147,163,170,149,170,151,140,160,133,151,146,148,153,163,159,154,133,145,152,147,164,156,140,140,148,147,150,143,137,152,168,144,151,147,140,147,152,125,138,137,144,138,147,147,162,163,142,153,154,144,151,156,163,158,137,148,139,118,148,172,131,135,149,159,175,139,138,147,139,158,134,157,144,156,136,172,170,134,165,136,153,134,135,129,136,141,158,161,145,169,153,163,146,146,129,156,146,135,147,164,164,147,161,138,161,144,143,145,153,133,157,160,150,150,160,165,157,146,129,165,157,169,163,145,148,157,142,151,152,151,157,140,118,163,154,142,157,141,159,144,168,153,144,165,137,154,130,156,151,163,156,162,154,154,167,158,149,145,143,153,127,154,182,155,139,161,142,164,175,146,154,148,142,151,156,158,163,159,145,149,164,136,144,162,157,137,139,151,128,149,131,151,149,150,135,146,162,150,153,154,147,140,146,134,153,134,130,155,152,147,160,147,160,145,147,165,155,150,138,139,141,138,150,166,152,152,146,155,131,149,127,133,149,147,156,158,163,158,136,142,151,147,167,156,147,144,159,144,156,134,144,119,163,163,150,156,163,146,151,140,142,150,156,149,153,149,148,163,154,166,134,146,174,149,165,148,140,142,153,155,170,156,147,138,138,142,131,136,159,138,149,150,132,161,139,121,141,154,136,146,147,155,139,155,144,147,154,155,152,152,142,137,160,138,160,154,145,159,143,147,160,133,148,147,161,154,143,159,147,135,158,157,147,146,145,135,143,148,155,180,152,159,144,143,130,156,149,155,143,149,152,160,153,157,171,152,138,161,150,133,154,141,137,155,166,160,156,144,147,162,151,154,143,143,160,137,149,167,138,153,148,134,140,162,153,161,143,149,159,159,165,134,157,157,151,156,151,146,143,135,139,158,139,144,135,132,147,145,151,156,145,147,141,137,137,155,141,144,172,152,151,148,145,139,153,147,151,159,151,143,144,136,150,153,142,132,140,150,154,136,150,148,155,172,145,144,161,140,157,153,156,160,134,149,144,148,149,136,151,165,141,146,151,159,160,153,147,151,130,143,135,166,154,161,144,153,157,151,173,138,159,168,152,153,157,131,144,144,137,163,148,157,165,147,139,136,143,165,142,161,146,169,142,160,156,142,157,154,152,151,148,150,152,155,159,147,156,152,168,160,149,152,161,144,157,147,141,144,147,146,157,144,148,139,139,153,143,135,140,155,129,144,136,157,164,154,158,140,161,170,150,151,146,152,164,152,149,146,150,139,142,133,154,144,153,166,167,165,148,151,140,166,133,157,146,164,140,147,169,164,155,171,134,135,150,143,141,170,133,148,148,162,161,163,147,141,152,158,140,117,155,164,147,146,159,144,156,143,145,138,137,158,155,145,126,146,145,151,166,160,156,175,140,153,143,150,145,141,145,140,149,183,151,132,162,146,140,133,161,161,158,157,135,141,153,158,154,159,169,157,146,160,149,158,130,147,148,149,140,153,158,145,156,146,138,147,144,154,151,149,149,134,141,132,126,134,170,152,162,137,151,128,155,149,136,142,132,140,159,160,152,139,138,142,160,132,147,142,144,147,157,162,159,153,143,150,149,146,140,151,133,122,148,156,161,163,163,138,157,153,147,157,155,171,149,143,143,151,146,147,136,157,159,169,154,143,150,162,163,136,155,146,153,149,131,163,146,146,149,155,141,142,151,140,148,156,166,148,169,165,144,147,157,124,143,138,152,165,154,146,138,163,145,125,146,146,140,156,129,146,150,158,155,144,152,174,150,143,144,157,148,148,165,141,147,170,154,130,140,164,139,149,146,155,159,146,147,166,170,136,138,145,148,137,157,137,158,139,138,158,144,139,129,169,143,152,154,142,146,147,129,146,152,166,144,152,147,160,155,171,152,156,153,161,141,127,155,153,146,156,163,150,164,141,142,175,164,148,144,143,162,139,158,154,145,147,159,156,152,161,138,147,160,138,154,147,144,151,158,154,151,158,147,155,140,137,160,136,158,151,142,153,141,157,157,142,141,142,155,141,132,143,159,155,162,149,154,166,166,152,164,149,179,129,151,136,154,147,152,158,160,173,138,172,150,139,156,153,166,147,167,147,149,139,131,168,143,154,140,155,140,140,157,164,147,154,152,137,158,154,163,148,145,149,152,139,144,159,157,146,157,153,135,161,147,141,148,155,133,138,166,138,145,154,142,161,143,154,152,172,142,145,144,161,142,142,142,123,151,151,161,136,148,163,153,151,158,153,141,154,140,158,145,141,152,148,163,162,139,154,140,161,141,147,146,151,159,164,153,151,159,160,143,158,145,135,155,144,150,161,157,159,177,136,164,164,145,150,139,153,161,166,156,159,151,156,143,146,157,162,137,148,149,159,148,156,135,172,147,151,156,167,146,145,152,159,145,138,151,148,143,150,151,155,163,145,142,166,145,133,136,160,152,163,142,166,137,165,151,141,147,144,147,159,154,148,143,149,142,152,173,154,161,165,133,143,154,162,145,141,155,164,147,160,154,155,139,146,144,163,160,142,152,145,147,158,151,147,165,164,149,164,154,145,152,161,160,133,158,149,153,154,150,153,140,171,150,141,118,140,146,150,144,152,160,143,172,131,152,133,151,151,156,140,155,152,136,159,156,143,134,146,126,149,132,148,144,144,165,135,151,152,143,171,143,144,166,146,157,140,170,143,132,134,151,147,146,140,157,160,154,150,145,168,156,144,156,144,157,155,131,153,170,175,148,138,156,141,158,149,127,159,157,163,153,129,172,129,143,149,137,153,163,149,149,142,163,140,151,149,149,147,151,144,151,168,141,149,139,129,134,148,148,132,172,144,149,162,135,146,143,148,145,166,142,140,169,155,147,154,142,159,145,162,151,158,147,174,135,162,153,148,135,150,142,150,145,155,136,167,160,153,141,177,154,142,143,132,160,150,158,139,165,168,155,155,150,137,149,152,163,157,154,154,148,162,165,142,163,156,142,148,145,153,159,164,149,150,152,174,146,152,152,130,124,153,155,163,155,165,136,171,164,151,145,151,147,148,140,146,152,157,153,150,135,150,154,154,139,159,131,134,147,154,161,147,148,157,167,136,148,155,150,171,134,142,178,147,147,150,160,155,157,152,145,148,167,144,147,167,165,153,137,143,165,174,154,150,145,144,178,168,152,163,168,154,168,178,161,149,142,155,135,150,149,150,154,152,152,148
154,156,143,152,133,146,157,156,157,147,152,175,141,152,169,136,167,149,155,150,157,152,163,165,137,146,145,132,161,165,158,152,139,163,147,154,151,147,136,157,140,148,155,152,166,159,127,124,141,148,153,154,142,160,119,161,156,153,139,144,169,160,150,137,140,159,158,142,157,157,135,168,159,157,158,135,157,155,153,142,154,150,163,145,143,157,142,145,147,165,155,159,159,167,139,164,141,163,142,148,150,145,144,157,167,155,133,149,167,145,145,145,151,153,173,145,168,162,143,149,159,163,141,137,161,152,152,152,156,160,139,163,130,166,147,149,156,151,144,153,147,152,145,154,147,170,138,140,151,157,135,153,151,160,161,142,136,160,125,152,151,157,155,146,157,145,140,153,147,132,160,149,139,168,152,141,169,146,169,137,149,164,153,152,155,167,165,139,138,145,150,155,143,144,153,156,154,167,157,162,134,155,139,136,155,166,153,150,139,158,147,161,135,146,146,156,151,161,155,149,151,141,153,155,145,141,145,146,147,135,135,135,154,151,149,141,165,146,171,148,142,157,151,169,161,157,130,140,163,162,145,138,159,137,132,156,139,147,155,157,125,159,139,146,149,145,156,147,151,150,157,148,152,147,136,152,126,152,159,146,164,149,159,149,156,156,156,150,158,141,157,155,159,174,143,146,144,139,142,136,155,143,148,143,156,142,144,152,140,150,152,132,140,151,161,161,159,157,150,145,155,156,160,137,159,136,143,145,138,166,150,147,133,141,164,141,159,130,135,129,147,137,154,148,141,147,147,160,145,176,151,157,150,143,174,136,162,154,156,148,132,147,142,169,149,141,137,145,145,150,156,141,136,151,140,142,151,148,134,166,149,147,144,150,154,148,164,143,154,155,144,148,150,139,142,154,134,135,148,162,138,154,169,161,154,150,150,150,162,149,154,157,144,156,138,153,143,140,139,138,147,172,148,145,175,150,163,153,135,149,157,150,129,155,159,160,158,145,165,160,143,151,158,132,133,154,141,135,158,138,154,128,151,144,164,143,153,164,166,154,150,139,157,135,150,148,144,142,145,159,147,137,133,139,139,127,142,151,161,146,159,132,142,156,165,138,150,144,149,128,157,120,143,149,157,156,135,156,153,141,151,138,128,168,166,145,143,147,144,150,151,147,149,144,138,168,147,159,130,139,149,142,152,146,141,146,142,152,148,141,147,152,156,156,153,158,161,154,145,148,135,135,152,143,138,144,160,156,153,167,148,139,141,154,132,164,150,143,169,167,142,151,134,145,155,154,149,164,148,136,152,152,142,144,142,149,141,133,149,143,150,157,137,132,141,133,152,144,158,168,150,147,152,140,151,158,150,166,163,148,144,164,146,163,164,143,157,146,152,133,152,153,123,134,164,128,135,148,145,136,147,145,148,145,152,144,167,162,159,144,121,164,148,160,146,152,143,161,151,156,153,163,149,141,145,146,149,157,145,156,163,153,161,155,147,134,129,152,140,150,137,127,137,159,140,147,140,150,148,153,147,146,138,135,143,159,155,160,147,151,158,134,138,140,143,162,147,152,148,137,150,156,128,146,143,144,154,128,161,142,151,139,144,141,163,148,157,172,161,138,152,153,153,142,153,149,143,155,142,151,160,151,143,149,159,137,156,139,142,156,146,134,146,170,143,157,159,152,147,150,157,146,152,136,141,147,162,150,129,172,152,163,155,159,165,159,163,153,146,152,153,167,144,147,141,129,159,140,156,149,158,153,149,143,142,137,145,150,151,151,154,131,144,143,147,150,145,134,181,152,137,146,166,151,146,166,162,148,158,132,142,164,143,160,164,142,142,139,177,148,156,159,152,150,146,153,147,147,159,151,139,140,141,140,155,148,150,145,130,134,146,155,141,149,171,149,137,147,157,137,155,141,138,134,166,155,157,148,156,145,149,139,147,156,154,154,161,134,147,146,155,136,163,144,149,173,147,129,147,150,137,149,157,156,159,138,153,153,140,144,145,151,125,151,137,163,151,145,142,128,143,147,150,148,164,130,164,156,137,156,142,157,149,149,151,137,151,149,146,137,167,144,159,150,161,144,146,151,132,137,153,132,159,149,163,144,163,156,163,155,163,148,153,139,146,160,170,165,158,150,154,140,142,150,158,141,148,147,143,132,137,155,142,150,162,157,133,138,159,159,147,132,131,144,169,141,150,137,160,143,168,139,148,155,145,151,147,140,151,155,141,137,142,134,161,154,155,142,159,141,146,158,168,152,156,161,147,167,149,140,156,155,145,131,138,140,158,153,151,139,153,173,156,161,152,159,159,131,152,157,151,152,141,152,151,157,157,174,133,154,170,154,172,157,149,136,150,167,139,158,150,165,122,167,141,160,162,150,129,158,146,151,157,142,164,149,144,135,163,157,161,144,143,150,150,141,146,167,143,161,148,157,149,163,158,152,147,141,144,173,144,171,134,164,148,157,151,151,154,146,143,151,150,166,160,125,147,149,175,162,163,153,151,166,154,134,161,149,158,139,163,140,152,155,151,148,165,146,164,167,139,165,157,163,141,141,144,143,147,157,153,148,149,138,151,154,136,138,157,147,138,167,152,171,138,142,156,160,151,153,167,129,157,139,153,146,163,136,143,149,169,162,158,140,155,158,148,147,165,134,155,157,134,141,151,156,158,151,167,166,162,142,171,138,150,148,142,137,168,136,161,159,157,163,140,147,153,142,151,155,147,150,167,150,142,149,132,154,159,152,151,147,142,172,129,153,151,143,134,155,160,161,148,145,141,155,145,141,157,139,148,159,149,139,162,144,151,170,147,157,144,167,160,156,156,143,148,154,160,145,125,132,152,155,173,150,163,159,141,151,161,168,135,142,150,138,159,151,163,124,155,142,140,144,147,158,153,150,150,154,143,145,155,152,151,145,148,147,152,150,165,149,132,143,145,153,149,172,144,156,160,138,158,149,143,138,140,152,153,145,164,142,156,137,137,163,149,163,147,170,150,154,148,149,156,145,150,142,161,134,167,150,140,141,129,169,146,153,155,148,145,143,155,148,179,164,144,160,142,159,155,156,157,154,157,146,152,155,160,143,164,152,154,159,154,159,161,148,144,146,145,132,140,136,138,143,142,144,155,150,160,165,166,152,165,146,154,176,164,153,131,122,147,159,152,153,164,167,129,160,159,161,148,145,151,140,147,148,164,134,159,148,130,151,156,153,153,171,141,167,148,152,163,122,135,152,155,139,161,135,147,150,149,163,146,154,152,154,145,159,135,143,142,160,144,142,147,162,140,161,163,170,136,150,164,146,153,138,152,151,138,147,156,137,145,167,166,150,161,144,138,155,146,135,177,148,139,172,134,177,141,151,146,141,150,149,167,159,156,138,140,151,161,149,157,140,175,157,142,138,143,161,142,142,144,152,157,155,157,135,136,140,155,145,152,145,152,146,133,142,148,145,144,162,137,162,150,132,152,161,149,150,138,150,153,143,143,156,157,139,145,149,151,145,159,135,124,144,159,168,157,157,164,162,169,153,146,146,138,156,159,151,163,164,146,155,122,161,154,154,142,159,152,146,144,142,150,136,156,131,139,145,148,158,148,135,162,149,133,153,150,155,132,157,137,147,157,157,161,160,131,132,154,156,147,143,159,170,156,144,149,136,158,152,146,160,151,135,153,136,148,170,144,179,148,163,155,161,139,154,154,132,149,152,150,160,154,135,152,141,152,163,144,147,154,150,148,156,143,155,152,141,158,153,151,133,143,141,145,153,167,133,160,155,154,151,142,136,151,144,147,142,141,147,151,153,146,157,164,163,168,147,147,144,137,141,155,149,149,140,130,138,149,134,154,143,166,154,139,142,157,143,126,157,148,134,136,149,175,144,152,153,156,153,152,154,153,151,152,160,142,138,153,126,143,128,142,151,152,153,129,165,155,153,153,147,143,140,153,153,142,151,151,156,145,152,144,149,143,135,160,152,164,161,131,141,138,135,157,152,172,140,163,147,142,139,151,161,171,160,145,142,138,143,149,155,148,151,155,163,151,140,153,159,146,156,163,139,161,112,156,157,161,137,153,151,141,131,161,150,153,145,149,141,157,136,145,149,148,166,147,151,157,145,125,154,154,151,153,152,149,159,152,153,143,159,139,140,143,155,153,148,143,147,153,161,147,144,142,124,147,156,139,131,153,135,158,152,161,157,162,151,142,155,133,139,138,152,169,160,148,136,163,152,136,163,142,153,150,139,136,165,147,140,136,144,147,166,146,140,140,152,153,153,142,142,148,137,158,175,147,145,146,153,164,153,158,120,147,148,148,142,153,141,159,148,157,173,172,155,147,147,145,159,155,153,149,147,145,149,162,144,155,157,124,147,163,153,157,153,167,162,163,136,152,134,158,139,158,142,149,139,142,151,171,142,133,141,167,175,156,154,142,158,139,150,156,126,142,143,143,164,144,140,148,136,150,146,147,159,138,148,177,150,153,142,152,157,145,143,151,156,148,150,155,143,147,135,144,151,152,122,161,156,163,161,120,153,134,129,140,148,145,160,148,144,155,147,163,150,141,154,146,145,150,159,142,133,146,140,169,147,143,143,137,145,139,147,158,137,154,159,159,147,146,147,147,170,149,168,120,151,150,138,148,148,154,136,166,137,156,142,151,139,151,153,142,165,160,155,156,148,159,142,146,143,135,144,144,144,137,143,163,150,150,149,140,143,152,151,153,159,158,142,152,157,137,138,131,150,147,162,158,142,134,153,165,162,142,152,161,143,163,157,148,151,171,139,128,139,163,150,149,159,145,157,136,166,147,144,149,144,146,145,144,143,159,156,156,155,138,157,169,148,157,140,160,153,145,148,136,159,157,152,154,154,146,132,163,162,163,153,144,144,148,146,149,141,145,157,121,150,164,139,140,154,160,158,157,135,158,140,149,154,164,140,139,148,155,153,154,150,154,159,153,140,145,152,143,151,168,165,143,165,157,154,156,147,160,136,149,140,157,163,173,144,136,124,147,145,152,150,141,138,145,160,145,151,152,161,175,148,132,134,153,143,152,139,150,156,151,144,164,138,163,149,162,150,152,155,149,155,157,137,140,130,148,153,158,140,135,159,162,149,153,142,148,159,158,139,148,131,154,143,161,146,152,144,144,147,146,143,160,165,161,160,156,161,145,146,157,153,129,159,156,138,157,177,159,156,145,160,167,138,149,155,149,145,146,155,154,147,122,154,150,135,149,129,152,153,156,135,137,156,163,146,163,144,158,165,147,152,167,145,135,160,132,146,142,157,143,169,149,143,146,145,168,145,142,160,146,157,148,148,150,143,153,171,145,159,158,150,154,162,164,154,148,132,140,147,151,165,156,136,134,170,152,157,159,147,167,158,141,154,141,155,151,163,140,153,143,156,162,136,161,154,161,127,155,140,128,173,153,152,164,155,153,150,150,165,151,169,160,138,140,160,163,139,153,141,159,141,165,145,133,161,161,157,144,149,140,156,147,144,156,148,134,157,154,157,147,148,146,151,160,139,164,144,148,171,161,148,157,158,145,158,131,154,156,144,149,145,145,147,144,157,135,146,162,153,140,159,140,131,155,145,156,149,155,128,170,164,134,151,159,154,150,177,158,136,152,155,155,148,150,149,163,150,161,156,153,138,147,157,157,154,141,127,162,130,158,155,150,160,148,151,165,153,162,135,136,129,147,158,161,145,138,162,142,157,162,150,153,143,156,145,155,144,137,142,135,135,146,145,145,132,138,156,151,160,170,150,157,144,150,153,145,154,153,141,135,154,159,140,151,133,162,162,143,148,156,142,157,135,159,151,166,157,141,144,149,143,139,141,163,151,167,143,148,133,131,138,151,143,146,140,147,148,157,146,153,150,162,155,141,147,168,132,157,155,142,175,155,142,134,151,155,161,161,151,151,140,146,147,151,135,141,150,136,145,132,176,138,147,155,135,133,151,153,141,148,151,161,152,158,148,167,149,146,148,137,154,154,146,149,133,148,151,147,158,135,136,134,142,173,154,148,167,150,159,124,153,141,147,151,145,153,151,149,163,138,154,164,147,147,153,153,136,140,164,151,155,160,150,148,154,156,141,139,173,143,158,157,139,151,158,144,141,159,144,162,155,138,144,142,143,151,144,145,142,155,162,145,142,142,151,152,155,148,134,155,144,155,157,167,149,159,119,143,169,152,140,154,144,154,158,149,163,145,160,157,132,145,151,148,149,154,157,151,148,163,153,166,143,149,147,148,167,162,165,146,131,162,145,147,139,162,151,142,129,161,166,160,150,129,142,141,146,144,150,166,169,146,173,158,145,137,156,172,160,138,142,168,134,159,137,135,144,154,138,149,168,138,180,158,164,153,148,140,160,143,146,146,160,114,128,164,149,135,145,148,136,165,146,156,142,153,136,138,126,159,163,158,144,165,145,155,161,145,150,161,150,150,154,140,127,157,138,150,149,151,136,150,165,141,153,156,162,147,145,148,145,136,146,159,143,132,147,156,166,142,163,152,139,139,155,152,154,161,149,149,159,127,147,154,147,161,170,148,133,150,145,140,160,144,149,154,144,138,178,151,152,155,143,146,152,153,160,140,161,143,132,150,131,159,149,149,154,142,146,179,143,152,155,164,154,156,149,173,152,154,152,147,147,171,141,139,138,154,149,148,155,144,137,149,152,132,142,146,146,138,176,131,145,141,158,146,144,151,151,141,153,141,171,143,166,154,160,140,168,147,148,149,145,140,143,132,135,152,155,147,147,163,142,159,145,154,151,145,150,148,175,162,145,155,153,143,140,134,154,139,150,147,161,167,145,152,148,148,154,148,137,163,140,156,149,151,154,145,151,158,152,145,132,164,147,164,139,142,142,137,148,160,162,164,139,146,139,144,149,151,131,155,145,165,155,163,146,147,136,158,143,139,147,154,148,151,151,145,135,161,139,132,154,162,144,149,145,147,159,146,148,136,157,149,158,166,154,148,149,144,127,150,158,144,146,139,148,143,158,147,153,167,164,153,141,146,143,148,140,159,157,156,142,154,157,159,161,151,147,128,141,137,146,154,154,131,144,152,159,153,159,133,159,146,175,151,173,156,152,166,140,149,146,160,143,130,152,167,149,146,154,160,162,135,157,147,139,140,150,148,144,152,137,144,151,136,163,164,129,161,132,144,152,145,151,153,137,146,148,152,144,144,141,148,144,155,150,165,155,159,152,149,160,157,147,161,152,163,146,164,156,155,155,148,160,143,155,143,146,157,142,141,145,142,165,163,158,150,151,152,139,156,142,153,149,133,161,155,156,151,154,169,161,147,168,141,140,150,163,156,154,165,166,142,160,139,169,147,152,144,154,158,146,158,171,153,136,148,166,163,158,135,164,145,158,131,147,175,140,160,144,137,151,150,145,155,152,155,146,162,147,159,148,148,172,149,142,144,146,170,153,149,132,147,143,151,143,145,167,129,147,148,163,164,152,163,153,153,149,155,161,160,149,163,146,145,151,159,147,162,163,140,182,152,147,146,142,147,149,155,148,149,163,151,153,151,152,157,159,162,139,157,143,166,123,147,143,150,163,156,152,169,153,145,143,156,148,143,145,150,151,147,153,154,147,142,150,154,155,157,155,145,144,141,157,148,137,137,158,151,163,147,143,137,141,146,152,143,166,149,163,153,153,151,168,155,130,139,158,155,142,146,169,141,155,135,147,142,155,141,168,155,155,157,138,139,154,158,143,135,162,167,137,146,161,161,150,145,144,146,155,136,140,145,139,172,180,142,157,158,135,138,166,148,153,159,150,148,149,159,149,163,156,145,161,148,144,138,162,162,139,153,141,148,162,141,156,145,166,162,155,138,149,146,164,149,154,144,133,159,144,140,152,146,142,155,153,164,163,136,162,134,133,137,156,145,146,149,158,178,147,136,137,145,142,159,147,165,160,143,131,152,160,168,148,143,154,164,176,147,155,159,143,160,138,135,134,138,161,157,155,137,156,159,144,148,129,145,150,155,144,146,141,158,145,140,152,147,165,146,160,142,139,135,151,139,169,155,141,146,139,140,148,159,130,134,156,142,163,166,149,148,134,157,154,147,159,151,157,139,150,131,134,150,138,154,167,144,133,152,151,148,148,164,153,151,163,158,159,143,149,162,144,152,149,153,148,140,147,146,169,149,154,150,139,147,149,157,160,136,138,149,155,148,155,166,152,141,135,133,128,153,140,157,149,145,148,148,145,150,175,157,166,146,140,154,139,155,136,150,143,141,149,160,144,158,150,132,149,166,153,157,144,142,147,170,151,153,139,141,133,149,154,161,139,149,154,147,139,145,156,141,151,150,166,146,145,160,145,141,156,158,163,144,146,147,140,164,161,145,152,158,172,148,166,150,162,149,150,153,146,161,154,150,166,171,147,147,156,131,161,171,163,153,158,152,162,134,158,181,138,147,138,156,142,130,145,159,137,152,148,146,155,148,157,155,156,155,171,137,157,147,150,138,131,142,140,147,145,157,134,137,156,135,147,151,152,121,146,149,152,138,142,160,123,138,152,156,146,138,142,139,161,153,151,152,154,148,128,148,158,140,148,145,148,146,172,153,165,140,137,134,159,141,163,142,161,152,153,155,143,157,132,140,125,148,155,134,154,149,141,166,131,138,159,157,144,139,138,150,160,147,135,145,146,147,143,169,137,147,150,147,155,155,143,143,149,122,159,150,164,158,158,154,163,131,169,153,152,150,136,151,128,161,154,146,135,148,151,143,133,152,147,147,133,149,157,146,155,147,159,149,161,136,139,150,142,140,132,157,155,165,143,154,143,181,138,132,154,149,141,154,146,153,146,135,162,143,141,133,170,162,155,148,144,151,159,159,141,146,126,143,135,163,140,147,160,132,159,144,137,149,140,153,161,148,153,168,146,162,128,152,150,142,155,147,165,126,158,151,166,137,159,162,149,141,147,148,149,171,139,165,151,159,157,142,169,165,172,162,150,158,130,154,145,154,161,149,160,149,152,148,154,139,136,141,156,152,129,143,157,154,154,141,156,146,137,150,147,152,151,141,153,165,145,152,146,144,138,159,149,160,161,149,148,155,152,155,150,131,147,159,141,153,148,142,145,155,147,167,155,146,161,134,149,155,155,141,157,151,141,155,133,144,154,152,137,140,147,141,125,142,162,162,147,139,151,132,141,166,140,147,152,153,145,151,144,155,147,138,142,146,136,149,147,121,141,149,146,140,158,134,159,155,140,136,146,160,140,140,151,154,137,149,156,150,140,141,157,146,162,143,135,138,129,137,160,133,142,146,165,151,150,159,149,150,155,131,141,133,136,153,160,150,147,146,165,155,171,128,131,152,142,156,140,164,137,140,151,165,163,153,143,144,167,160,164,160,142,168,138,151,131,146,134,176,146,141,142,152,141,153,136,172,131,135,163,140,144,152,140,144,149,139,139,146,154,147,173,174,139,160,139,160,165,153,138,154,155,154,144,155,142,148,129,148,155,127,152,175,153,159,163,153,135,157,143,139,135,151,128,107,155,147,139,146,158,150,148,151,142,163,153,143,125,150,152,154,143,139,171,135,166,149,143,141,160,146,156,158,139,160,141,148,136,142,163,161,149,147,158,141,148,142,147,158,148,148,149,124,154,162,155,141,123,150,152,143,119,155,145,147,160,142,158,148,131,141,157,152,158,140,145,138,154,148,146,143,157,150,153,157,161,159,155,167,158,150,163,147,143,147,166,148,160,135,168,164,148,167,141,158,145,156,142,149,157,166,155,169,152,139,147,142,155,160,161,160,137,143,159,146,149,161,143,123,137,151,156,163,142,127,145,152,149,142,138,136,119,143,154,147,165,155,156,163,146,160,148,153,161,163,155,152,161,155,150,143,128,146,143,176,163,141,156,140,141,156,145,144,154,134,137,139,142,133,142,150,146,130,145,167,158,157,150,154,158,155,161,153,120,170,159,155,148,161,166,140,155,142,129,152,151,173,141,152,159,150,148,148,155,151,158,153,140,143,138,147,143,162,163,144,144,157,153,143,141,175,156,157,154,150,161,157,148,130,151,142,129,135,137,142,145,155,162,144,163,155,167,163,144,156,137,135,161,135,142,146,145,166,151,137,144,139,145,134,161,139,162,166,146,161,144,142,145,145,133,140,170,157,152,154,139,162,156,167,146,160,167,149,158,154,163,127,128,159,153,140,137,164,134,132,147,165,160,176,147,147,157,133,163,137,127,162,148,145,153,129,146,158,157,166,134,151,158,141,146,142,150,131,173,155,156,160,161,166,151,150,143,140,143,150,164,154,148,166,140,151,138,150,171,142,139,156,144,141,154,121,171,129,156,152,159,144,156,148,148,159,149,162,151,141,135,153,155,157,140,151,143,155,160,136,173,159,154,158,160,162,153,166,138,150,149,162,141,153,154,150,160,162,150,147,156,141,183,141,136,143,134,140,173,145,164,136,149,129,148,149,140,152,147,144,152,162,139,156,155,147,164,145,154,153,159,148,137,149,149,152,137,145,150,131,143,158,145,149,145,156,142,139,158,158,173,136,169,126,140,171,149,146,165,161,158,142,165,158,148,124,153,151,143,151,168,151,179,153,155,152,138,154,149,162,140,143,147,155,145,151,158,142,141,131,156,134,151,153,131,159,166,146,168,140,156,167,151,164,140,167,156,158,145,138,159,141,130,152,169,166,149,151,146,143,154,149,152,166,159,159,151,160,140,159,141,156,151,153,137,182,164,155,137,158,139,147,146,136,135,167,139,151,154,158,156,146,151,140,141,150,164,150,137,157,143,165,146,147,152,144,148,168,119,173,136,145,154,152,165,155,155,147,156,136,164,159,140,150,151,146,144,162,147,145,140,163,133,152,166,151,155,147,151,132,149,145,157,150,150,160,129,123,135,136,153,162,144,155,145,130,151,162,157,127,147,148,164,147,147,150,169,147,137,136,149,151,145,134,147,153,166,143,143,155,154,161,136,146,143,152,158,152,162,139,144,150,170,150,136,149,145,167,135,147,133,151,142,139,158,141,143,160,156,149,145,161,138,156,150,158,141,139,149,142,137,127,141,149,168,153,154,162,140,162,142,150,151,151,136,143,166,147,155,147,158,152,145,145,141,142,137,145,147,143,149,155,151,151,140,154,144,153,153,135,158,166,150,134,137,147,160,143,143,156,167,150,164,146,146,132,144,164,136,151,152,155,172,153,128,119,165,159,136,158,145,154,124,146,150,163,146,169,164,154,139,138,144,136,154,151,156,164,152,146,155,154,147,150,146,148,143,135,144,148,141,151,147,144,142,158,140,143,136,148,159,162,152,172,150,145,140,130,146,154,151,158,137,149,149,146,153,144,176,162,159,154,158,144,130,159,149,146,152,154,145,151,153,147,151,154,155,160,166,143,161,153,140,152,146,143,144,152,153,144,148,156,143,159,144,146,128,149,163,146,139,152,146,141,151,168,150,159,167,151,135,145,144,168,155,158,140,147,145,141,144,143,151,157,143,164,166,157,142,156,130,145,163,127,138,160,156,135,148,151,172,152,148,147,133,150,149,145,155,157,145,156,155,136,147,146,161,145,147,161,141,150,125,154,147,146,160,159,150,153,153,163,145,146,150,146,158,150,155,153,161,161,160,160,132,147,164,158,143,160,133,139,159,152,136,129,151,147,150,157,145,152,150,151,154,157,140,149,160,154,133,159,131,158,154,160,147,169,154,156,154,150,153,151,135,133,158,147,153,146,156,151,157,140,123,150,156,137,150,156,147,148,158,133,150,153,147,152,157,142,150,154,143,139,135,150,148,143,142,158,150,139,163,157,176,150,150,162,152,153,168,150,157,156,150,140,154,157,153,151,159,136,139,145,122,145,136,148,160,147,145,142,149,147,174,144,148,142,134,147,153,135,156,127,145,149,133,157,160,154,150,136,164,143,150,131,143,141,151,153,146,149,142,155,149,135,158,156,137,136,155,148,150,134,151,165,146,133,144,137,136,155,157,152,148,160,159,156,141,151,159,146,162,148,151,163,152,153,150,163,161,144,150,136,153,149,154,154,157,127,148,136,155,144,160,136,158,151,153,151,141,146,158,135,145,142,152,152,140,161,140,140,130,149,145,147,151,135,153,148,138,139,134,152,149,165,160,155,161,150,155,148,138,167,154,145,145,152,139,155,147,167,143,134,147,147,149,125,143,146,136,150,134,146,155,148,132,157,163,166,157,145,147,142,127,140,140,156,143,159,158,150,133,151,161,140,134,130,167,159,132,147,152,132,139,141,159,151,156,132,158,142,140,168,136,151,141,141,163,137,148,144,166,149,150,150,159,150,153,139,136,168,142,146,125,152,156,117,142,150,145,162,141,158,133,154,135,166,152,160,158,132,163,143,139,144,168,135,156,161,152,148,149,171,152,135,157,146,153,149,165,143,154,146,155,157,152,126,143,136,156,147,136,152,161,159,141,171,158,152,154,151,153,161,149,160,164,137,149,161,146,150,131,153,143,154,149,134,137,139,157,147,144,150,165,144,150,163,151,146,145,150,134,134,150,153,149,133,145,150,136,157,157,146,160,157,157,155,157,159,149,159,140,148,124,170,130,145,138,143,155,158,149,144,165,145,153,141,157,149,150,153,141,134,149,152,150,155,159,162,148,161,157,153,152,137,136,156,133,162,132,170,152,168,153,143,170,166,142,153,151,149,155,155,150,137,150,140,154,150,151,173,148,156,139,145,140,152,157,140,136,141,163,160,146,141,140,163,133,151,148,127,142,157,149,146,142,153,143,148,151,145,150,153,146,159,158,130,136,160,139,133,155,139,157,154,141,140,174,151,144,163,154,150,140,142,146,157,146,160,152,151,148,152,147,142,161,140,143,128,144,159,147,140,159,157,144,156,158,158,131,146,149,159,136,150,148,148,154,133,146,145,142,156,162,166,167,151,151,163,170,174,134,154,164,157,136,154,135,134,149,146,149,177,161,155,132,164,140,146,143,150,144,150,153,153,152,156,135,148,146,168,144,169,163,138,150,168,146,131,143,155,143,161,147,151,162,158,147,151,172,150,164,123,133,147,137,145,144,133,153,145,139,141,147,155,156,148,155,139,135,160,175,167,141,144,154,148,140,155,166,163,151,143,159,153,132,149,142,145,158,158,141,152,148,140,157,147,148,146,135,140,169,153,137,161,144,149,130,136,157,144,141,127,138,160,149,160,139,156,134,164,149,155,130,142,151,164,158,160,146,152,148,149,171,152,143,140,148,166,163,147,141,153,150,152,134,160,142,148,147,148,151,146,144,160,146,163,147,158,176,159,141,161,153,151,165,141,152,160,143,140,165,146,138,145,145,146,132,155,159,134,139,141,148,143,152,157,143,152,146,145,140,146,148,154,149,150,133,154,181,144,136,151,165,149,150,157,149,144,149,156,156,156,157,173,149,170,154,152,144,150,134,138,150,143,153,158,152,160,156,144,157,135,146,158,158,137,157,150,142,167,154,149,156,152,165,148,133,153,136,152,134,165,145,141,148,134,149,138,158,147,146,144,138,152,152,132,149,150,159,150,144,145,149,134,143,157,148,162,157,145,146,155,160,138,142,160,149,170,180,152,134,141,154,179,168,142,150,144,171,141,148,142,157,133,161,154,137,139,145,137,140,138,140,154,152,146,160,134,136,150,149,137,151,139,140,158,140,137,145,159,144,139,155,157,160,143,159,144,151,158,139,150,143,156,159,139,159,141,149,161,164,148,163,153,144,135,125,168,160,152,159,150,162,154,134,152,158,176,154,147,152,152,173,150,142,142,151,154,159,158,131,146,160,148,150,167,122,142,151,133,171,144,144,155,162,139,152,144,158,155,144,150,153,165,128,173,152,145,146,160,155,151,161,158,133,136,159,157,136,144,127,145,140,149,154,151,152,160,149,166,146,167,152,166,159,139,151,147,139,152,153,152,147,164,137,157,165,161,147,157,153,141,155,128,150,152,156,133,141,157,165,140,132,145,152,153,163,164,166,168,132,133,159,141,149,159,152,153,150,155,147,143,137,174,133,160,160,151,134,145,158,152,148,159,133,148,167,132,182,158,152,153,145,147,173,150,146,161,158,166,141,156,149,151,151,151,159,152,151,154,148,147,143,141,151,149,136,144,143,177,140,147,158,142,133,143,163,162,148,144,160,138,152,152,150,153,147,141,179,152,164,158,152,157,138,137,143,164,169,149,159,156,152,158,152,162,175,154,160,139,158,160,155,151,155,162,146,187,156,156,139,133,146,131,138,159,147,144,149,150,151,159,143,156,136,165,122,161,149,165,154,149,139,144,149,146,129,136,146,173,148,150,147,146,148,156,141,153,151,143,166,150,158,162,158,149,143,159,144,142,137,153,139,151,142,134,146,134,160,150,150,144,140,149,170,130,127,137,145,142,139,160,144,142,154,141,165,155,167,146,133,135,150,166,149,166,159,161,150,137,132,154,143,162,141,155,160,146,165,150,145,147,145,151,152,162,147,152,157,148,149,147,157,148,146,153,145,143,152,146,147,148,149,148,147,157,164,157,161,174,145,131,165,146,156,145,155,145,149,157,155,138,157,148,148,148,147,128,142,143,165,155,155,155,131,134,132,179,151,156,138,133,149,155,148,139,147,171,163,145,150,142,131,177,156,140,152,127,147,144,156,150,149,142,150,154,149,142,158,162,152,152,141,148,147,170,161,147,153,153,153,162,144,148,157,140,151,143,132,140,153,157,156,146,161,151,156,160,164,151,156,150,165,141,130,155,148,163,143,133,145,152,168,163,130,142,163,152,147,160,151,151,157,151,140,150,138,151,138,124,150,155,155,158,157,136,146,148,157,154,137,150,141,166,149,149,140,150,138,161,147,168,142,151,163,157,151,146,128,148,152,153,142,139,137,147,135,140,137,136,159,151,145,148,156,141,151,156,154,145,131,153,147,143,167,128,145,148,143,137,149,157,148,160,155,147,152,154,167,144,153,163,168,171,136,145,154,141,158,141,153,166,138,156,151,142,150,156,139,163,137,140,164,145,163,149,143,142,164,155,141,136,164,148,151,144,147,158,130,157,144,144,157,151,156,149,144,148,153,141,161,142,131,163,148,151,150,160,146,161,173,166,157,143,158,138,144,146,143,172,148,159,131,159,137,149,128,147,151,141,174,152,140,138,161,154,121,156,155,170,157,140,168,164,147,146,158,158,138,153,141,160,142,163,143,139,152,149,153,145,145,138,144,148,142,141,141,157,136,167,156,146,154,139,153,135,146,137,146,172,127,142,147,158,161,139,146,148,151,153,152,143,144,168,155,157,153,137,148,139,152,155,147,170,167,153,150,138,140,145,160,140,152,140,126,175,144,147,153,168,147,140,144,153,137,139,148,168,140,156,147,141,149,165,164,149,165,158,138,160,125,149,131,148,158,134,140,133,157,153,157,151,152,141,149,159,149,156,161,152,146,140,144,154,159,152,145,144,147,152,146,171,158,127,137,145,150,143,152,159,151,164,139,144,164,152,118,149,143,159,155,162,151,148,141,162,126,155,167,152,135,157,141,150,146,143,188,131,134,156,144,163,163,146,139,151,145,155,151,154,145,151,136,124,155,148,149,137,147,153,147,169,155,145,151,143,147,138,156,136,139,144,146,156,163,159,137,150,135,168,158,155,149,144,143,165,144,176,159,169,148,142,150,153,161,145,144,142,146,151,145,153,162,151,152,171,149,166,136,147,161,147,138,155,138,133,118,130,148,146,145,154,157,147,147,134,153,169,147,139,153,152,149,145,146,142,143,126,145,142,160,153,131,150,150,144,159,145,148,153,158,146,141,173,158,125,140,151,139,183,158,152,170,143,145,153,151,163,154,138,175,149,169,143,159,149,140,157,135,138,153,127,157,156,154,144,128,136,148,137,146,156,132,141,155,156,157,143,143,154,153,141,147,142,144,138,144,150,157,172,151,152,166,153,155,149,162,146,166,144,163,152,139,153,131,136,139,137,156,155,156,165,142,145,145,150,148,141,163,170,146,137,144,138,146,160,144,143,143,155,169,151,164,149,167,141,144,141,154,159,131,147,152,159,156,145,143,130,147,157,146,146,174,142,162,148,150,132,137,145,135,158,144,139,150,155,159,154,153,137,162,138,153,165,149,155,156,143,149,161,170,136,148,158,150,133,169,152,142,133,116,140,142,137,152,142,155,138,151,152,150,138,132,151,149,156,180,162,124,144,153,146,140,137,154,148,139,153,149,141,168,152,145,156,148,147,140,146,163,146,142,151,151,152,159,161,134,150,147,160,126,150,162,141,150,160,138,165,143,167,157,146,170,159,155,158,138,164,156,147,176,145,145,154,161,155,132,152,137,144,146,168,158,154,158,155,146,156,147,138,133,151,144,127,161,151,150,137,146,149,160,143,161,142,148,166,184,150,158,157,135,146,129,145,155,151,151,146,137,154,151,167,148,148,145,159,149,169,146,143,162,142,145,150,145,147,156,148,136,143,151,141,159,161,151,154,171,159,152,139,163,146,146,143,162,146,138,145,151,164,155,140,148,144,143,150,148,168,164,149,154,144,141,135,160,153,148,153,162,135,153,144,147,145,143,149,139,149,146,147,161,153,150,153,147,148,175,139,145,159,155,140,148,140,140,157,134,153,143,144,177,160,146,164,150,154,162,130,156,158,139,157,149,142,150,129,139,160,141,154,148,144,155,158,145,134,125,154,138,146,158,144,152,152,148,162,164,146,175,149,147,165,155,138,132,154,146,139,145,156,150,144,133,147,156,149,159,165,158,161,145,152,149,142,147,159,152,139,155,129,162,147,156,162,148,152,136,134,140,153,145,141,153,145,157,151,139,141,128,155,139,144,183,135,144,136,156,156,130,159,154,166,145,147,140,152,148,137,146,151,145,169,135,154,163,146,157,162,126,164,150,152,173,139,153,145,160,153,145,141,168,155,152,162,155,146,141,144,144,146,136,144,150,155,142,131,153,151,160,143,159,152,130,140,163,152,147,160,139,160,152,148,133,141,147,146,157,161,152,157,159,146,158,144,127,161,164,156,149,168,151,159,145,153,136,153,135,144,147,133,146,145,159,153,155,158,157,155,120,136,154,151,154,141,165,148,150,153,148,154,157,163,155,152,153,147,144,126,151,152,148,144,142,138,140,136,145,157,148,163,152,152,143,174,161,147,144,138,145,152,143,153,145,156,161,139,136,160,151,154,130,149,170,160,149,145,150,151,141,145,150,157,124,143,145,168,161,146,158,165,166,151,147,138,135,125,155,143,155,151,153,168,155,147,154,145,153,140,146,155,152,148,150,157,143,155,135,161,147,141,139,142,146,138,140,160,155,163,141,149,152,153,157,142,157,146,146,162,172,137,153,149,149,156,159,157,151,153,156,157,153,146,137,146,139,149,135,155,162,177,136,150,155,141,145,151,148,161,144,147,158,147,136,162,142,151,145,148,148,137,138,159,144,155,154,154,140,145,139,156,144,154,158,147,145,142,152,154,150,131,133,148,145,156,155,152,160,141,150,155,153,143,140,167,152,149,144,128,137,151,166,129,155,147,145,176,170,149,137,158,155,136,149,158,168,161,154,131,164,145,159,166,137,135,148,152,163,139,155,141,158,149,155,154,171,143,149,137,151,142,149,169,121,143,137,147,151,155,175,143,168,141,155,155,151,154,152,144,137,162,156,150,169,149,147,149,172,144,154,142,147,163,152,153,148,143,142,149,151,144,142,161,169,157,136,145,182,149,153,161,147,158,169,155,150,157,138,149,144,161,132,133,145,153,143,163,151,169,146,159,154,161,162,143,159,154,152,149,147,151,155,157,151,141,159,149,152,153,165,155,146,157,140,146,142,160,143,160,141,157,135,159,156,140,161,152,152,150,150,149,149,133,152,150,182,131,155,149,148,151,148,145,158,140,131,151,142,160,146,144,140,126,127,161,154,154,152,169,151,139,151,154,157,155,137,142,154,146,154,160,151,146,144,150,172,148,154,147,160,153,158,135,155,166,158,148,153,153,148,146,185,161,163,142,148,157,140,130,150,166,149,143,164,146,142,158,148,161,151,155,151,144,151,157,162,146,150,151,153,143,152,137,156,163,159,136,159,151,130,164,159,156,156,148,152,140,149,142,148,162,141,152,146,143,148,153,143,150,155,142,153,166,151,179,158,148,148,128,165,135,155,145,153,158,152,153,146,140,148,133,143,135,150,169,140,149,144,148,132,125,135,141,147,155,158,127,144,160,146,149,148,138,164,131,138,153,146,150,147,150,159,161,153,143,133,136,160,155,154,149,138,143,149,164,145,128,137,134,160,167,148,137,144,165,166,160,153,144,129,152,167,149,162,132,163,141,138,161,172,154,145,156,144,162,159,143,140,147,153,147,135,153,161,147,152,158,152,154,139,153,142,147,142,151,158,128,150,147,140,147,166,165,169,146,151,149,154,162,135,145,163,154,145,161,151,149,164,154,152,150,147,145,158,156,150,152,158,159,159,150,159,148,162,155,146,155,149,156,156,136,149,164,148,147,142,164,141,153,150,154,144,140,143,144,140,162,162,144,144,173,146,153,151,142,125,154,154,145,138,129,152,143,160,138,147,135,143,157,141,150,137,149,156,132,155,129,138,169,144,150,152,152,146,159,140,141,159,160,145,151,146,149,150,136,140,153,152,139,152,153,150,135,149,133,151,122,164,161,136,157,155,151,138,149,156,133,151,141,170,161,154,148,132,139,151,141,152,161,137,158,152,151,159,155,135,159,150,166,145,144,140,175,151,152,161,146,164,176,142,151,138,162,155,156,160,142,155,132,156,142,159,137,140,137,156,145,149,161,152,153,145,135,162,147,142,151,143,143,150,155,157,148,169,151,151,164,167,159,130,148,148,160,134,158,147,119,132,146,162,161,142,156,144,146,155,146,155,162,138,155,161,156,156,158,126,152,137,148,148,160,142,154,141,148,143,155,157,169,134,136,157,135,151,152,164,153,133,138,148,159,146,152,154,144,157,141,147,153,151,163,147,132,151,145,152,169,152,150,144,159,155,146,159,149,158,150,151,148,169,153,137,142,160,169,161,162,150,140,150,137,160,146,152,133,157,152,141,152,144,136,157,145,154,146,148,164,157,141,156,152,147,155,153,154,145,165,140,161,141,151,146,146,151,152,149,151,156,152,154,147,146,171,156,144,147,141,150,145,155,169,125,155,163,153,156,146,137,153,153,154,163,158,158,167,172,155,145,149,155,182,150,144,154,162,135,167,144,153,149,152,164,142,145,142,142,165,152,156,165,148,154,153,152,139,143,157,158,145,177,148,154,159,137,139,149,149,150,150,162,141,164,142,157,147,145,133,159,173,141,158,161,146,154,176,161,162,153,140,163,168,152,148,163,160,142,148,151,146,156,153,142,157,168,131,138,149,161,144,160,163,148,153,170,146,151,161,137,154,162,149,144,149,146,151,155,153,147,160,159,155,145,167,159,160,148,161,141,141,151,155,168,139,145,156,145,147,139,140,149,151,142,139,152,154,162,148,155,147,132,155,142,149,153,159,158,136,143,146,151,134,161,164,156,166,126,155,157,151,146,141,145,155,154,171,153,152,165,143,146,156,150,143,150,157,152,171,150,139,158,146,146,131,152,157,121,150,134,150,159,139,159,137,145,150,160,140,145,146,165,145,126,168,145,157,143,158,154,139,152,154,153,143,164,139,165,144,143,160,146,135,174,145,151,140,149,159,143,148,146,147,146,143,145,148,152,182,159,158,157,141,155,157,159,143,143,163,138,156,166,147,149,151,156,140,167,137,144,158,155,146,150,142,134,144,135,144,141,143,169,132,139,160,138,154,138,134,144,149,157,145,155,149,149,150,147,142,143,155,140,139,146,148,139,169,138,142,150,144,125,149,145,157,152,161,132,154,159,160,147,142,147,140,155,158,160,135,135,156,166,152,151,138,148,141,156,170,146,143,133,151,160,149,155,149,148,153,156,160,155,141,125,151,153,151,143,140,160,152,123,152,159,140,165,146,156,139,154,150,143,144,147,156,150,138,145,125,169,133,140,146,145,169,141,138,139,146,135,153,126,146,156,161,145,158,151,143,141,133,155,144,137,147,139,152,134,140,151,131,164,145,145,140,142,163,144,154,155,162,140,137,159,152,171,149,157,169,127,150,135,156,150,145,144,142,148,158,145,138,163,144,165,148,151,152,136,146,139,135,165,151,147,135,137,147,158,161,131,159,146,145,160,157,137,149,145,143,167,157,141,163,155,159,158,157,151,153,155,142,144,148,136,139,159,168,152,146,170,142,156,143,151,146,155,153,144,154,147,170,151,140,146,146,149,144,148,150,159,153,156,158,155,162,139,144,137,141,149,150,154,133,157,154,147,145,143,145,143,160,139,146,145,162,155,154,147,154,166,156,134,138,151,146,153,160,152,150,167,134,153,137,155,141,145,150,153,147,140,148,155,162,149,151,145,124,154,148,162,154,150,154,158,164,162,147,151,152,173,146,141,141,133,139,148,145,163,157,145,159,150,144,147,147,138,155,162,144,146,168,158,141,151,156,141,144,139,163,136,158,164,145,154,149,140,150,120,164,147,148,147,133,148,166,148,144,147,161,154,156,150,140,147,154,143,156,155,143,142,146,141,142,148,160,160,141,139,176,146,156,150,149,163,145,142,156,161,156,158,167,149,154,164,158,156,143,137,136,135,158,152,144,156,146,160,154,149,171,141,137,139,147,165,150,141,153,125,121,150,149,150,147,146,148,156,160,153,149,158,154,155,144,161,147,140,149,152,147,154,156,144,148,154,149,131,150,152,144,134,144,138,161,169,139,138,147,117,156,149,149,140,149,150,162,151,154,158,151,134,163,146,152,162,142,143,159,155,156,136,139,152,155,152,142,152,151,168,141,124,157,146,144,156,147,153,168,144,151,147,145,140,152,177,141,150,155,159,151,157,165,138,163,146,157,154,138,142,141,142,135,136,171,156,143,139,138,147,161,151,163,149,158,128,156,147,158,139,146,140,163,141,159,156,134,155,147,136,164,166,142,138,162,135,143,164,151,161,158,150,136,148,141,151,157,138,157,142,138,153,137,146,153,140,161,136,151,136,162,142,144,167,143,134,144,151,150,159,157,161,158,148,153,158,168,151,162,147,123,164,150,138,155,155,143,138,124,162,157,145,163,156,161,143,153,131,158,158,149,144,148,132,152,163,155,145,143,161,169,138,142,163,143,148,144,143,156,143,134,138,144,142,166,150,133,145,159,169,146,156,165,149,147,147,155,158,139,151,145,171,147,144,139,148,155,138,130,144,156,160,155,131,154,157,149,167,171,152,163,136,159,161,146,151,132,144,162,144,156,168,176,142,135,146,129,143,149,144,130,148,140,156,127,142,142,149,156,151,151,167,166,150,149,154,149,149,161,158,143,153,146,144,155,154,158,165,134,165,138,142,160,143,157,169,151,151,142,152,158,143,165,153,144,151,166,150,146,160,164,131,155,160,142,151,147,132,150,155,143,147,161,127,128,150,160,163,155,150,145,140,168,148,150,142,152,179,141,158,155,150,154,135,142,157,159,169,142,152,164,149,155,160,167,144,162,156,149,153,174,162,154,169,127,136,167,165,159,139,144,153,151,145,139,147,159,148,144,163,149,144,136,150,139,151,167,137,146,150,161,159,128,148,126,159,159,155,144,167,163,149,149,148,149,159,158,143,160,144,141,142,155,138,162,143,156,174,146,148,130,167,159,140,135,165,160,139,128,134,149,137,139,143,128,158,139,147,145,147,150,141,149,143,137,150,140,144,154,148,156,148,134,147,132,146,140,156,157,166,141,144,145,149,141,147,166,156,147,155,164,135,148,144,142,146,147,132,140,159,127,155,143,168,158,155,137,162,149,153,155,149,159,163,144,176,134,149,147,143,152,148,143,164,155,157,158,159,157,136,162,152,139,178,142,134,158,154,147,148,160,165,159,136,162,133,152,168,158,158,161,161,145,160,144,154,148,145,156,158,160,150,155,130,143,158,151,151,148,151,135,158,162,143,153,162,159,145,151,143,157,154,145,146,161,140,168,151,154,152,144,151,154,152,163,152,150,151,141,163,144,140,171,158,143,143,149,146,153,154,134,126,152,137,149,140,124,137,129,149,161,136,163,165,163,154,165,149,152,151,162,158,153,164,148,135,162,132,153,153,161,163,161,148,142,131,146,148,146,148,157,158,162,161,138,138,140,151,166,154,170,149,139,146,157,134,158,176,147,133,166,145,157,163,142,156,165,149,150,160,156,145,145,146,171,156,150,158,155,148,149,167,153,150,135,152,133,133,142,158,146,151,156,145,155,165,135,152,139,163,134,152,139,157,154,144,174,147,166,155,153,174,148,160,163,150,139,155,162,151,154,159,159,159,151,168,167,149,146,149,132,151,150,146,167,158,145,135,159,153,171,162,170,147,156,140,154,168,143,163,134,167,162,151,139,144,164,175,171,150,159,133,160,131,137,155,156,153,147,136,154,137,139,150,156,142,160,150,146,158,144,160,148,148,153,158,151,135,146,157,140,149,122,138,158,167,152,148,141,154,152,146,150,159,135,152,153,158,138,137,150,164,152,159,134,149,167,168,160,164
167,144,147,146,132,164,143,156,148,148,156,161,147,158,147,137,148,152,169,148,160,148,138,142,175,157,177,164,149,164,154,153,143,151,127,154,153,138,156,154,133,145,146,139,144,150,172,154,136,157,161,139,147,148,150,153,174,155,136,141,150,148,124,149,146,142,141,150,149,138,135,131,146,141,145,163,151,154,137,152,159,151,149,151,164,158,139,164,167,150,166,135,146,137,150,145,162,143,153,148,130,144,160,163,171,142,148,165,152,154,162,140,151,156,155,155,132,151,135,147,149,154,144,153,162,126,170,137,141,149,146,160,150,163,133,147,154,153,146,142,147,154,134,133,142,138,144,146,145,151,143,151,159,152,160,154,163,157,153,163,147,143,145,163,157,143,156,143,173,150,168,147,152,131,156,152,134,143,171,150,152,148,164,160,166,150,140,144,168,158,153,137,154,167,137,163,140,154,149,139,138,147,138,160,160,149,153,161,152,148,146,142,156,139,150,155,149,142,144,139,167,140,158,146,159,163,139,143,146,149,151,151,153,136,140,158,129,167,147,143,167,147,136,142,170,162,149,130,148,164,150,152,163,140,156,149,166,139,151,155,142,150,142,155,158,147,153,153,168,169,143,152,156,150,150,147,144,159,144,154,150,167,150,152,143,151,153,144,156,146,158,145,140,160,129,133,151,154,157,151,137,141,164,153,150,142,152,156,157,174,146,156,151,166,161,139,143,160,147,142,157,155,134,165,157,136,134,162,135,146,151,136,129,148,160,144,144,146,148,157,140,164,150,165,150,165,141,144,157,155,151,147,125,156,161,143,136,143,172,156,165,150,153,163,143,148,145,150,164,142,142,160,139,150,140,145,152,138,140,137,149,150,162,139,156,151,153,142,147,136,157,155,154,148,136,139,148,155,146,167,134,159,150,167,142,143,130,148,148,155,154,144,149,149,148,153,148,135,167,154,136,137,139,151,150,136,165,150,154,145,147,158,156,122,139,145,149,162,135,150,159,155,161,149,152,142,130,145,149,150,155,159,154,136,164,168,144,154,151,154,137,151,160,154,140,152,161,149,173,151,170,159,119,147,143,152,156,141,149,166,163,128,140,184,141,146,155,155,148,146,140,129,157,157,133,138,171,137,169,170,157,138,122,177,147,165,142,143,161,161,154,142,158,147,151,134,138,147,169,144,142,146,150,146,149,150,154,153,147,123,147,151,131,139,158,150,162,145,146,151,136,163,156,150,146,157,148,151,147,163,156,152,137,138,153,151,138,150,155,138,143,153,165,159,140,136,155,162,145,146,163,163,161,152,162,169,167,143,155,151,155,137,140,140,157,152,150,163,143,165,127,164,142,153,147,132,142,150,161,151,142,158,147,144,168,138,149,149,156,148,151,151,149,148,149,139,143,151,143,148,135,160,142,131,167,165,149,152,150,148,152,150,169,136,154,169,139,152,144,143,155,141,159,163,149,142,154,133,141,158,164,145,143,147,161,160,156,179,136,152,155,158,152,169,149,131,155,151,150,144,169,130,153,140,157,156,136,152,138,144,148,164,149,136,139,145,138,159,154,159,159,146,160,159,154,142,147,139,144,149,114,157,155,160,168,157,144,156,155,152,164,159,156,139,151,171,134,154,160,130,160,151,160,133,148,158,157,137,158,161,148,145,156,145,151,155,147,151,146,156,168,148,153,144,166,147,159,137,134,153,166,141,170,142,142,176,147,151,149,161,164,140,146,151,154,134,145,117,144,156,157,150,142,129,166,148,152,156,148,147,154,157,141,144,144,149,151,159,149,145,148,142,147,158,156,160,147,131,177,160,149,138,151,144,148,144,154,143,158,156,154,156,139,150,157,146,150,181,140,160,129,151,127,151,157,142,143,146,147,144,146,164,160,161,168,138,143,148,143,149,132,143,158,142,134,154,143,140,152,147,151,152,137,151,150,153,144,152,151,143,160,145,144,141,139,164,151,149,136,155,129,137,146,143,169,153,158,148,143,169,163,138,164,141,155,145,148,147,129,139,145,151,145,175,143,142,149,165,154,147,157,158,149,138,152,151,163,144,154,165,140,156,168,142,148,137,155,148,144,143,166,144,133,141,166,145,159,164,143,155,154,149,142,153,157,141,163,155,155,152,151,138,145,142,138,146,149,143,152,133,156,146,142,155,152,153,146,130,127,152,148,143,136,136,149,149,156,140,134,148,140,165,157,128,145,151,169,138,159,124,136,148,162,159,156,156,153,154,138,144,149,149,165,147,181,132,141,160,140,151,164,143,142,147,151,140,142,144,150,156,140,134,150,156,148,153,139,131,156,162,134,153,145,149,154,150,153,157,167,148,135,157,149,124,143,153,146,137,145,133,140,164,142,161,156,153,146,165,154,153,142,159,130,158,149,145,148,140,160,150,139,153,150,144,156,137,157,144,149,144,151,134,132,158,124,151,176,144,138,152,149,147,165,139,155,159,149,143,153,141,151,150,139,145,147,154,130,149,152,148,137,143,148,166,136,150,141,168,153,155,131,166,153,126,145,160,151,164,143,143,158,159,163,143,157,148,159,155,155,158,137,132,146,159,152,152,155,155,149,137,159,157,146,142,157,149,149,158,141,125,154,162,156,133,160,151,155,158,138,131,132,171,155,170,145,152,138,148,151,158,128,159,151,144,167,157,156,156,157,157,149,149,161,140,130,149,125,156,154,144,144,155,141,143,135,145,152,146,137,163,159,140,146,144,146,147,172,164,155,141,154,145,151,157,161,144,146,145,140,140,153,160,142,142,153,143,145,150,140,147,146,151,152,141,142,136,142,140,133,136,151,150,154,156,143,136,157,138,155,146,140,140,147,139,139,149,146,149,154,142,130,165,151,155,147,152,130,161,152,165,143,141,152,169,153,152,135,147,153,157,136,144,157,160,149,152,158,147,138,143,153,148,159,142,151,159,152,154,155,143,161,147,156,135,153,135,150,153,137,151,157,155,138,146,143,139,146,144,157,163,164,134,173,160,150,151,141,144,151,144,156,161,152,157,159,143,134,155,149,124,161,165,137,139,148,150,150,136,157,147,154,165,143,151,153,149,158,152,158,150,150,142,119,158,169,150,114,150,176,134,134,164,145,152,157,161,146,153,133,145,157,162,143,168,164,134,142,140,159,151,155,153,147,151,137,156,158,139,132,164,146,156,160,148,137,159,158,155,143,151,151,144,158,159,159,150,156,152,144,152,172,136,154,153,161,140,145,161,146,155,147,141,134,155,140,164,169,147,164,139,137,134,143,150,147,130,145,129,150,169,176,149,155,131,144,133,135,158,138,143,136,158,153,142,149,160,158,149,136,150,155,150,141,136,145,143,142,173,158,151,150,144,151,162,151,156,149,153,146,155,143,181,154,154,144,142,133,144,157,137,161,142,164,143,135,159,163,134,156,158,162,148,134,141,147,169,140,148,147,152,160,151,157,142,150,155,149,136,160,145,150,169,131,164,143,143,165,147,135,153,159,131,142,144,153,141,143,158,145,145,148,151,139,161,151,130,149,155,143,144,160,132,150,137,158,136,150,154,168,151,144,169,166,148,154,153,127,142,155,134,149,151,158,166,146,173,166,154,176,145,134,157,160,171,158,151,157,159,155,149,136,141,135,176,163,144,152,152,136,130,148,144,141,152,147,145,145,129,155,134,135,157,139,156,149,143,148,152,150,153,128,164,158,138,149,148,153,151,133,150,162,155,154,145,142,167,154,156,141,132,149,154,164,154,153,139,137,154,126,151,150,167,159,156,127,146,153,144,152,166,154,139,147,153,151,142,136,158,151,155,138,158,171,155,142,159,141,161,150,147,158,145,139,148,162,152,146,160,135,145,149,161,142,155,136,123,150,170,169,130,149,158,147,165,142,146,136,125,135,146,155,141,128,139,153,162,143,156,135,154,149,169,155,150,137,140,156,173,145,160,146,159,125,135,148,156,155,159,150,157,154,154,168,160,147,147,162,149,140,148,155,147,148,157,158,162,154,125,164,145,145,152,159,160,160,165,154,170,151,145,157,145,150,177,146,169,154,154,157,154,143,159,154,164,149,168,149,147,134,162,138,152,125,137,146,152,146,155,157,163,150,167,154,161,138,149,151,157,142,157,182,136,138,146,155,146,143,146,127,137,138,161,156,171,170,150,159,145,161,143,145,168,158,159,142,159,164,143,141,158,155,144,167,167,151,158,149,158,142,144,156,130,137,159,142,165,173,151,132,158,144,151,147,162,150,148,145,144,155,147,156,164,150,143,172,157,131,138,142,165,147,150,142,137,163,148,154,144,157,152,152,169,145,160,140,157,147,147,137,159,147,155,141,135,154,150,153,152,145,166,160,175,132,154,144,143,121,159,124,138,147,152,127,146,135,150,154,166,132,146,153,138,154,147,161,146,148,134,145,163,157,155,145,163,141,147,150,156,156,148,152,152,152,167,145,153,153,146,154,150,142,143,160,165,142,148,158,151,133,148,159,149,149,143,156,153,160,162,159,154,141,131,150,152,163,149,143,143,144,157,166,133,143,165,130,151,155,145,133,128,131,164,136,164,145,164,149,135,143,157,146,150,138,153,133,146,152,146,154,161,156,180,153,164,137,155,131,149,143,166,153,150,156,156,155,156,165,153,157,133,159,163,150,142,153,137,142,159,159,158,153,149,145,151,153,144,160,163,143,149,144,153,142,135,137,148,153,146,148,154,143,170,147,151,142,159,150,150,158,146,153,161,143,164,145,170,156,169,149,153,149,155,144,148,159,160,152,140,145,144,145,154,146,165,144,156,144,129,147,149,147,148,148,158,151,141,160,164,157,143,156,150,173,149,142,163,151,152,142,165,148,135,153,147,158,152,155,147,155,153,143,161,150,140,152,145,171,133,143,156,165,160,144,148,134,143,161,147,165,148,167,137,150,150,151,149,155,161,142,159,149,156,158,161,148,160,132,138,181,135,131,152,145,142,143,149,143,142,155,154,168,151,141,133,145,142,156,135,166,148,141,150,133,126,174,134,132,159,155,149,160,152,161,150,125,171,142,143,163,147,149,147,157,146,164,129,153,155,124,146,145,138,164,151,149,153,147,143,140,154,165,152,137,158,144,137,150,137,145,148,152,145,165,154,149,147,160,143,164,148,138,147,155,152,152,132,158,138,138,157,134,143,172,144,139,147,150,138,159,153,159,144,153,158,143,150,160,152,149,158,165,139,164,127,147,150,154,147,159,158,156,148,161,156,161,141,159,155,160,138,172,144,144,135,151,135,144,155,145,138,155,172,155,159,141,155,142,134,136,153,143,149,164,162,156,147,153,161,154,149,145,155,148,145,128,165,156,172,156,153,139,140,136,162,139,150,159,140,148,168,143,158,150,140,145,147,165,147,149,145,151,143,137,141,147,165,143,153,164,162,154,181,136,162,145,133,166,162,144,146,166,153,149,159,151,153,144,160,144,145,147,165,152,147,139,144,131,146,159,160,156,162,144,157,146,155,153,138,150,133,158,154,150,133,159,167,138,157,138,128,155,156,156,155,160,166,149,140,140,149,134,157,155,152,143,163,152,134,152,143,153,139,164,142,154,148,169,148,158,132,144,163,150,151,159,153,149,160,158,145,148,159,150,128,145,150,146,154,151,157,147,147,147,134,146,146,150,149,137,156,151,152,145,155,167,134,141,123,142,151,140,152,154,134,150,130,138,123,147,138,134,152,145,152,170,143,149,160,150,149,133,155,142,152,158,154,144,159,136,154,149,141,140,139,136,163,143,153,131,142,165,164,161,158,134,155,147,154,150,147,168,136,137,142,135,161,159,154,147,174,147,149,143,153,152,155,149,139,150,147,143,129,141,137,144,151,159,143,152,148,149,157,158,145,141,169,135,149,149,166,141,170,140,149,154,171,149,159,159,149,159,143,154,146,153,143,163,162,157,141,162,145,157,148,164,165,138,174,166,150,152,154,138,158,149,159,146,148,134,160,148,148,155,169,154,158,149,164,168,153,148,154,152,155,151,144,167,132,168,162,145,152,136,139,138,160,156,179,158,153,143,145,145,142,146,143,163,133,151,152,159,142,149,140,159,147,153,130,159,166,145,141,144,136,171,175,157,146,155,144,176,144,150,141,150,148,136,163,154,149,140,151,144,159,149,165,147,132,137,164,163,144,151,132,155,128,164,140,149,151,157,136,154,167,150,150,130,146,148,177,155,156,148,145,162,151,128,153,146,146,138,158,155,159,160,157,157,140,147,142,130,164,142,144,133,153,160,146,148,132,145,160,148,162,157,150,151,135,147,150,146,146,142,141,154,161,167,142,147,146,155,137,153,145,158,137,148,162,155,132,151,133,137,153,140,154,141,153,161,141,158,152,154,145,161,155,152,136,154,131,159,143,132,165,145,156,156,151,149,143,148,151,167,162,150,161,139,149,160,153,136,159,137,145,146,161,153,141,160,137,162,166,151,161,162,139,134,151,163,161,155,158,165,150,137,159,131,135,154,153,143,145,140,154,152,159,164,155,154,163,134,131,151,153,156,133,163,149,154,136,161,143,148,155,146,142,149,173,149,140,150,130,130,155,159,128,142,155,142,156,149,153,133,145,161,156,139,144,155,128,168,138,150,156,158,140,140,161,149,147,165,135,156,154,173,159,146,159,139,162,155,161,159,152,158,154,158,142,140,145,146,140,161,144,169,155,167,126,160,154,136,156,150,158,155,153,151,140,152,142,142,125,154,147,157,155,146,154,171,153,140,145,143,156,160,162,134,162,160,151,171,146,147,153,157,153,158,153,123,153,139,157,149,136,163,133,131,160,157,144,152,154,150,140,148,135,149,149,150,141,160,142,155,142,142,163,153,127,136,135,159,158,150,149,162,144,166,154,148,149,144,166,153,135,158,168,158,150,157,135,143,150,137,152,143,145,159,137,165,165,151,157,159,137,140,149,153,136,162,133,149,146,159,155,136,145,161,156,136,153,161,157,164,139,159,144,118,137,139,163,152,153,149,149,149,152,153,158,154,148,130,155,152,142,153,131,142,145,151,144,132,164,127,139,166,148,142,143,160,135,157,132,161,178,167,141,150,143,133,146,163,158,147,150,158,158,138,149,143,134,150,159,149,150,161,126,149,139,134,149,154,165,156,138,130,174,133,160,150,168,160,165,146,137,167,153,158,166,161,150,168,163,148,152,140,162,129,147,162,145,149,138,155,152,134,161,131,151,158,145,162,143,143,140,153,149,150,172,147,151,146,150,153,135,145,154,161,149,169,153,152,154,152,141,138,154,136,138,157,146,144,152,162,148,136,168,164,158,148,154,155,155,156,149,164,146,156,139,150,154,158,141,154,148,161,136,165,155,155,151,155,141,151,147,137,124,145,150,159,151,155,168,156,144,154,164,145,143,145,154,114,164,137,147,160,138,143,158,146,147,149,151,141,137,165,152,147,135,155,148,140,144,153,163,178,158,142,148,138,150,155,156,155,157,162,146,145,151,165,139,148,151,144,161,157,131,156,151,128,157,145,153,136,149,155,155,150,150,145,139,149,137,159,137,139,154,168,162,147,148,166,136,172,138,144,154,144,135,157,153,130,138,140,153,177,158,156,156,154,139,135,149,147,149,154,155,160,143,145,164,162,140,152,143,160,140,153,129,145,147,132,146,148,158,159,151,146,159,156,146,159,140,149,157,173,158,144,144,157,158,154,144,143,163,162,145,146,154,165,158,164,150,157,141,137,157,135,148,150,154,150,182,145,141,150,159,157,140,159,140,146,170,134,158,154,145,155,156,152,141,151,164,157,155,149,154,161,147,149,149,162,163,151,151,153,154,158,150,151,144,164,145,145,135,158,136,155,150,143,162,161,164,148,139,158,163,156,139,150,169,143,143,147,157,142,172,144,140,154,144,139,160,152,158,133,148,161,145,150,158,152,136,167,157,154,156,166,146,153,161,117,161,155,136,168,159,154,141,144,138,151,150,139,143,142,140,152,149,136,148,158,151,126,151,156,144,144,158,137,133,143,148,139,151,157,173,149,142,136,160,166,158,130,166,139,163,152,158,149,147,169,140,146,149,127,144,163,135,129,160,136,154,155,157,153,164,163,188,145,172,124,156,136,150,160,151,157,159,166,127,159,150,155,141,152,159,135,141,159,144,146,168,145,177,137,147,152,142,150,141,151,148,139,155,155,161,151,162,141,154,167,154,151,152,159,154,160,148,150,158,159,123,139,159,158,152,150,155,146,140,144,163,166,147,160,142,144,161,131,153,167,149,134,150,141,159,137,151,143,136,159,166,159,148,144,129,138,164,158,151,156,130,161,134,137,153,147,153,138,142,171,165,152,142,152,160,157,138,158,152,145,167,151,140,143,146,169,169,148,127,144,150,165,157,151,157,149,149,170,130,146,145,152,133,156,148,164,143,152,169,137,146,150,175,145,151,150,178,158,146,137,143,160,157,150,142,138,164,151,161,149,180,145,161,136,164,155,153,162,162,131,149,154,139,158,145,148,169,150,163,144,139,153,155,153,144,153,170,150,145,157,162,165,159,161,160,142,152,167,149,142,153,152,159,135,136,145,160,142,151,166,137,159,149,126,159,136,167,131,155,138,143,144,157,148,157,152,131,164,169,148,132,154,146,157,139,128,171,125,138,145,147,142,138,138,141,154,181,155,161,158,150,183,166,152,152,140,174,148,149,149,164,163,167,146,133,152,142,167,155,153,150,156,162,147,159,166,170,160,163,129,154,145,141,169,141,126,152,146,156,170,144,148,164,165,136,150,158,135,142,163,156,145,166,147,139,139,148,157,153,141,165,149,165,154,152,136,150,159,166,134,161,152,160,153,143,144,156,157,123,150,164,145,133,141,137,140,151,136,161,144,172,144,142,184,123,161,142,152,159,161,147,141,151,137,130,156,127,156,154,135,150,161,154,142,153,146,142,147,143,139,157,146,149,148,148,156,155,144,151,154,148,143,146,141,158,154,158,138,151,165,147,147,145,148,155,154,147,126,160,149,163,153,152,146,152,144,152,145,154,131,152,146,134,146,138,146,143,143,150,144,134,154,163,153,166,156,165,142,150,141,155,143,143,151,156,164,139,136,141,157,164,142,143,133,144,158,133,165,146,149,148,149,150,149,154,155,153,162,143,152,131,154,133,132,140,150,155,149,151,146,164,145,146,163,146,144,138,132,163,156,139,144,155,149,136,147,152,149,146,147,127,139,143,153,140,147,133,161,135,147,163,143,156,146,159,163,151,148,151,157,166,158,159,161,161,144,143,140,166,129,155,158,132,165,147,140,157,140,153,137,131,142,152,173,163,180,146,134,160,147,149,144,150,155,135,137,140,137,162,167,144,146,157,159,144,149,144,146,161,146,148,151,167,160,150,136,145,141,137,147,161,152,158,143,155,156,175,155,153,140,149,142,142,165,156,132,140,143,140,145,140,125,146,160,131,154,137,150,161,147,148,150,139,127,153,153,164,167,170,152,161,154,155,153,135,159,154,153,169,151,137,158,152,168,164,164,162,158,155,151,151,144,173,139,147,148,147,140,140,149,141,142,154,129,138,159,158,135,153,149,146,154,131,152,142,154,154,135,145,149,147,139,171,156,153,160,162,156,160,138,152,138,127,137,140,140,138,148,140,171,149,141,158,161,163,156,149,150,153,142,157,166,153,154,146,147,144,145,145,159,178,144,149,158,147,136,144,153,148,154,148,141,164,166,181,138,171,156,158,152,142,139,158,144,156,134,150,154,168,154,143,141,151,146,155,145,141,138,130,152,160,132,150,148,142,146,136,130,145,155,145,161,150,150,159,139,158,149,152,158,152,145,165,164,138,149,160,143,147,149,145,135,151,150,162,153,153,156,160,157,152,155,173,141,143,164,158,150,148,156,125,135,161,148,151,153,149,157,141,154,152,147,135,165,143,139,142,162,142,138,140,153,165,135,129,152,143,152,142,149,154,137,143,136,149,141,153,152,156,163,149,142,147,147,143,141,125,159,152,165,156,153,161,169,140,137,150,155,175,134,144,147,150,171,149,154,144,158,154,149,133,172,150,161,148,159,159,158,148,148,148,152,147,140,140,162,149,165,145,141,141,145,158,131,151,143,137,129,152,141,150,146,174,158,149,160,146,152,164,143,147,144,164,139,150,142,155,143,165,155,148,142,157,134,135,131,143,153,148,143,147,165,151,139,147,178,152,143,130,136,149,136,139,163,133,149,156,155,143,157,166,149,143,163,162,131,156,130,157,144,177,164,140,165,134,137,132,127,153,147,150,142,145,151,155,172,143,160,138,157,148,167,135,148,166,155,153,159,155,157,155,155,133,133,153,135,149,139,153,143,140,152,159,135,154,146,142,154,146,151,139,147,156,154,152,156,158,159,136,129,165,152,156,152,154,143,160,151,142,125,161,145,150,136,147,144,141,149,154,144,145,145,147,135,153,160,159,156,151,151,173,134,169,147,148,165,135,157,127,138,177,171,139,161,156,158,156,143,142,143,161,151,143,146,138,148,157,153,131,158,133,139,146,155,152,152,152,151,173,154,145,152,155,143,160,152,151,146,139,170,172,145,138,144,144,144,134,136,158,138,146,135,138,143,148,121,150,160,149,142,152,155,147,151,149,154,148,154,144,139,145,167,157,140,154,162,140,140,150,138,152,150,151,153,147,147,141,161,175,142,146,136,139,148,162,163,140,136,157,155,142,150,142,158,135,127,143,147,161,155,147,163,151,159,141,154,158,161,157,150,160,139,163,149,145,150,159,144,143,151,160,146,163,151,162,147,146,162,158,151,165,158,165,154,143,164,132,150,159,163,140,136,148,144,170,150,160,136,144,139,161,164,162,142,145,167,145,129,153,144,158,156,144,146,154,168,143,162,173,121,147,157,163,160,146,132,141,144,160,159,146,126,147,144,152,159,154,148,156,165,145,159,154,156,137,167,143,147,153,137,143,155,151,137,138,157,150,161,148,132,155,155,138,156,153,149,158,165,147,158,146,163,144,149,135,130,141,150,168,127,175,162,152,149,159,139,139,162,173,141,158,161,165,158,173,149,152,156,133,133,153,155,174,162,168,132,143,151,158,139,176,146,151,145,163,143,152,158,160,156,139,152,152,137,148,160,142,140,143,173,156,159,156,165,155,146,145,159,162,144,145,145,163,151,136,148,138,153,157,148,158,147,152,150,140,149,153,140,147,145,136,149,165,153,150,134,161,148,145,156,159,151,144,161,150,143,151,162,130,138,148,149,150,140,140,163,138,140,148,150,158,159,156,144,149,149,138,152,153,161,146,158,164,143,139,130,154,175,145,115,148,146,166,151,157,139,148,159,155,143,146,148,141,153,156,152,158,146,155,161,158,146,154,152,169,150,159,141,156,133,145,151,140,156,150,138,120,138,147,164,150,151,133,159,132,128,146,155,137,147,147,165,161,139,153,145,148,127,165,145,134,141,138,142,132,159,146,159,156,161,158,147,162,165,161,136,154,145,152,143,156,143,159,159,146,138,155,164,141,143,157,138,149,154,152,149,160,148,151,147,159,164,168,158,140,134,132,139,152,150,133,156,166,151,170,163,154,158,152,145,164,141,156,159,146,148,159,150,153,145,169,152,158,145,147,161,141,134,149,145,152,153,147,152,148,150,167,141,150,150,143,160,163,151,139,152,151,148,154,136,153,157,149,149,158,133,146,154,161,140,144,153,144,143,148,162,166,147,142,149,141,157,124,158,155,147,163,174,147,126,157,147,131,156,167,136,141,171,152,146,159,144,152,161,136,149,142,149,161,158,143,155,157,153,146,135,168,146,157,148,136,145,156,151,155,161,155,163,155,149,145,174,140,127,150,161,149,156,152,151,165,145,165,136,161,168,160,145,162,162,149,145,149,136,161,148,153,142,132,151,150,143,145,155,140,131,150,161,148,152,138,145,147,148,134,162,158,158,149,138,153,148,161,154,146,153,148,158,144,147,144,160,152,152,144,158,133,156,157,141,175,150,149,158,143,134,155,150,161,137,162,136,148,141,166,164,147,149,154,156,141,157,160,142,143,159,148,141,142,147,138,149,145,152,148,158,160,158,141,145,152,147,154,168,147,149,153,121,166,158,141,159,144,148,153,153,142,146,150,152,162,138,158,157,156,154,147,151,152,142,166,142,160,135,157,160,137,146,167,162,142,144,146,144,142,140,160,153,148,164,166,137,135,147,143,143,159,155,159,150,138,154,148,146,137,125,135,153,146,150,144,157,148,148,155,172,146,144,153,146,147,143,145,148,156,150,152,163,151,150,156,149,133,142,151,158,151,148,149,145,141,164,143,167,136,160,154,150,140,140,137,151,152,152,145,144,157,147,137,150,139,159,163,131,157,164,162,145,158,152,161,149,153,177,138,165,154,153,164,143,146,141,148,165,143,139,136,161,148,140,151,151,136,150,158,157,150,157,143,146,168,148,172,171,142,149,163,150,168,139,163,172,135,143,142,149,146,142,157,142,133,147,160,144,143,134,138,132,162,128,155,180,163,150,142,153,162,154,159,162,160,157,166,174,164,141,158,148,153,146,150,134,150,145,165,137,161,143,147,141,148,152,155,170,161,173,153,162,147,153,140,156,155,144,131,157,162,147,133,152,159,158,144,170,158,165,152,137,142,157,148,148,156,134,160,153,149,147,161,170,143,163,164,151,154,157,135,139,152,141,166,146,181,161,139,130,135,176,154,175,156,150,139,135,135,143,149,144,143,149,165,132,153,136,160,161,144,142,156,150,154,146,155,160,141,167,142,155,137,164,157,155,150,161,159,164,146,129,155,145,149,149,154,147,134,151,166,147,155,140,148,146,157,132,162,140,146,162,154,139,152,142,157,155,156,157,146,162,148,148,137,157,154,142,158,146,119,159,142,140,137,155,151,158,148,157,162,142,161,160,161,160,149,164,163,146,176,152,156,157,160,135,140,156,153,146,151,137,162,154,154,152,142,142,141,160,166,139,148,151,142,138,144,148,134,152,148,166,154,154,157,135,139,148,155,147,149,151,153,147,157,145,155,151,141,157,124,174,150,165,155,162,135,137,167,152,142,149,144,170,147,133,134,150,169,157,152,155,163,146,143,149,155,145,166,157,141,162,137,146,151,152,149,159,155,141,143,153,131,150,160,144,153,125,146,152,149,144,152,141,159,166,167,158,165,158,142,149,146,131,155,140,131,150,135,156,151,141,144,151,135,134,153,150,159,152,127,144,143,146,142,148,148,162,132,166,144,156,151,149,150,147,130,146,134,147,168,134,151,162,170,145,160,143,160,157,160,149,161,165,150,150,161,175,154,145,141,136,147,142,160,146,167,160,139,151,151,145,161,155,176,139,131,141,148,137,159,160,168,155,153,162,137,136,148,134,137,137,137,127,155,146,146,141,152,126,149,145,154,155,137,150,159,137,155,159,137,144,141,135,150,159,154,156,151,147,124,133,156,163,139,157,131,149,164,157,148,153,135,149,151,154,159,149,138,138,137,152,143,158,141,141,146,145,145,150,176,154,148,132,147,152,158,156,151,146,156,166,139,139,160,158,158,156,157,171,159,154,152,169,160,163,151,162,164,154,145,147,152,158,157,161,143,168,144,155,160,147,143,149,141,150,119,148,151,134,173,143,147,140,169,148,162,152,140,147,163,150,153,163,133,131,155,155,144,154,149,156,133,156,161,168,141,146,161,170,152,155,155,138,150,156,140,150,157,155,154,175,135,152,142,143,152,159,158,138,165,145,151,149,150,149,147,141,164,128,164,161,155,147,170,146,149,142,140,156,132,163,142,136,136,148,156,150,156,133,140,140,140,143,143,147,130,135,176,156,153,148,153,138,157,131,151,156,145,140,139,128,141,143,164,160,144,144,140,145,152,139,150,156,150,141,139,141,144,138,152,152,143,162,162,140,145,149,134,155,141,143,158,153,160,145,156,154,160,160,140,138,142,150,169,137,158,161,138,151,154,146,145,147,143,156,152,156,148,146,148,167,143,140,139,156,141,158,145,148,146,140,166,164,161,155,141,159,156,140,159,147,156,152,140,165,161,155,147,146,157,156,135,157,151,145,153,168,150,159,142,142,152,154,152,158,129,161,162,170,163,158,157,139,137,147,153,172,155,122,150,142,140,165,148,162,159,148,143,152,150,163,159,145,148,173,159,145,148,158,149,153,149,153,159,157,136,161,146,140,157,159,141,157,156,154,154,157,147,147,147,145,139,150,153,153,147,150,153,147,149,148,146,148,141,153,171,137,155,164,167,149,156,148,143,137,151,154,146,150,123,164,166,145,156,139,150,163,150,148,128,142,128,142,152,153,154,156,147,151,143,149,139,139,153,170,158,151,146,144,153,170,154,157,142,166,127,155,163,149,144,143,149,164,155,149,131,145,161,142,133,151,138,155,149,138,154,138,150,157,148,135,159,135,143,143,179,141,140,127,152,154,150,152,137,156,140,149,158,154,145,163,131,157,131,165,140,162,157,147,150,156,135,160,139,147,139,147,143,155,148,134,145,151,154,144,149,144,155,143,169,154,162,145,158,150,154,146,149,160,144,146,142,142,143,145,139,150,137,166,156,152,158,131,139,149,135,154,145,142,154,159,162,147,147,132,152,131,139,150,150,165,149,133,131,149,135,152,136,155,137,169,157,147,160,151,148,155,142,163,145,134,156,150,149,143,138,144,151,160,145,139,148,156,161,151,160,131,142,150,143,144,152,132,157,169,151,166,150,156,146,148,161,131,153,145,152,153,154,158,151,138,151,150,142,140,166,121,133,130,151,150,156,149,148,144,163,168,142,159,164,168,137,151,162,159,165,155,166,160,147,137,155,142,146,169,153,140,151,151,167,158,140,154,145,139,165,156,145,162,157,148,150,139,153,157,151,139,157,153,151,150,146,164,166,160,145,150,136,125,147,136,147,150,158,136,134,130,154,153,167,149,153,151,144,142,143,114,149,154,167,161,157,144,159,171,168,130,154,139,161,156,147,153,150,150,144,154,142,168,149,151,151,147,169,145,163,154,119,153,144,137,133,145,143,141,141,154,154,144,149,142,170,146,166,152,145,169,154,148,143,146,157,166,154,142,142,150,148,143,134,158,135,131,158,149,144,164,144,147,161,145,161,141,155,151,144,139,144,137,142,133,154,133,157,162,167,152,156,138,162,159,135,150,160,168,137,141,130,156,139,155,149,162,149,166,157,144,159,149,149,168,145,143,149,137,145,166,147,146,149,146,142,147,136,158,145,141,147,137,141,133,155,149,124,146,147,150,136,165,153,164,137,152,143,149,160,133,137,153,154,144,154,136,141,149,140,137,156,160,155,133,141,158,149,154,141,160,165,153,161,151,147,142,135,151,159,149,157,115,163,150,147,135,141,141,134,151,140,147,156,168,151,154,171,145,155,135,157,151,156,163,128,150,134,140,153,153,138,145,155,141,163,157,156,150,130,164,148,147,160,160,163,160,154,160,147,161,141,146,148,130,154,164,138,148,152,136,145,155,153,136,145,146,148,154,147,166,144,158,155,142,163,159,155,144,142,135,150,145,146,150,166,152,152,152,128,161,151,142,158,143,135,154,148,154,152,160,156,132,131,134,135,154,148,133,144,155,148,148,143,149,152,156,188,158,157,146,156,134,145,142,157,135,164,134,140,140,163,161,153,151,155,145,154,145,148,143,148,142,161,147,158,139,140,164,150,148,136,152,151,158,146,142,152,156,153,143,142,171,151,155,144,151,149,162,142,143,163,162,146,166,144,152,143,162,157,121,152,146,157,154,157,139,155,134,174,149,143,149,161,136,142,148,163,143,152,164,135,141,153,148,155,134,129,148,163,159,169,155,152,134,129,151,148,164,161,160,139,144,142,134,150,165,160,151,143,162,146,153,141,150,152,130,147,151,150,168,150,166,150,134,166,161,159,159,136,152,143,150,151,141,133,143,151,143,169,155,143,166,139,136,146,143,132,145,145,141,134,142,152,161,152,171,154,152,145,160,142,157,152,146,141,159,157,148,144,147,150,150,155,161,148,172,137,156,124,136,152,153,168,143,144,139,151,137,148,154,161,165,146,146,155,147,172,169,157,141,155,133,159,132,150,164,148,156,147,148,132,165,128,158,152,148,153,145,144,165,146,150,144,144,142,159,142,156,157,155,162,152,133,168,157,152,155,150,161,156,149,159,139,121,163,157,169,172,166,149,169,153,129,154,142,155,136,151,152,160,142,141,148,145,131,132,127,160,160,150,149,148,169,152,149,147,153,144,148,172,156,166,143,151,158,147,122,141,167,131,142,162,182,147,153,150,138,138,130,143,147,149,168,150,162,148,119,156,156,138,160,137,150,136,152,149,131,164,136,114,136,152,150,153,123,168,142,138,161,167,163,156,151,142,142,161,130,153,155,172,142,151,158,142,135,141,158,119,138,150,149,159,182,139,157,154,153,134,160,141,159,134,143,166,139,158,160,154,125,151,141,125,147,152,154,148,135,156,138,164,149,169,158,147,146,162,154,136,155,158,134,149,152,145,138,154,155,151,136,145,159,168,157,136,150,154,162,145,133,153,136,143,170,158,128,143,149,122,138,172,138,165,154,164,136,151,168,134,138,163,163,161,158,147,143,151,149,144,156,145,143,171,149,150,148,153,155,129,135,157,141,159,159,171,157,159,146,149,149,143,138,137,143,141,169,141,161,133,157,153,150,156,161,139,146,158,163,159,160,163,150,151,147,157,141,162,151,136,164,141,164,124,145,141,144,128,146,141,149,149,161,142,154,150,151,156,148,161,146,144,142,152,139,139,147,146,147,167,135,160,152,154,145,167,142,153,145,145,157,141,146,167,143,149,136,158,141,163,154,146,146,156,149,148,135,150,153,158,147,157,151,146,152,143,139,155,152,164,144,141,130,154,154,148,167,156,137,134,146,147,153,137,157,160,149,139,163,147,135,147,142,138,131,145,132,150,155,143,144,159,141,138,148,152,132,169,137,147,138,146,138,150,125,172,131,136,144,158,152,173,142,170,163,171,130,149,171,147,141,175,139,157,142,143,133,152,146,153,144,143,152,149,135,159,143,140,143,140,155,133,146,151,139,143,140,141,160,133,166,158,139,155,158,147,149,170,149,143,165,143,154,162,150,159,145,143,160,145,141,169,130,157,115,153,156,136,152,158,145,165,147,139,141,151,142,175,156,149,131,147,156,150,148,141,160,151,151,167,151,154,154,157,160,147,139,153,168,146,158,145,145,153,149,148,141,153,155,148,136,151,168,154,160,159,150,156,148,140,154,147,152,145,151,138,148,146,155,152,148,139,142,155,163,132,134,161,152,135,147,154,155,146,152,145,155,156,153,142,144,157,144,169,148,139,160,125,153,154,143,138,131,153,146,148,133,143,159,140,150,140,138,147,162,143,163,141,151,146,194,154,148,140,142,139,152,166,145,160,150,148,154,151,161,130,141,153,138,143,143,155,152,165,144,150,151,141,134,147,151,162,142,151,142,153,150,156,149,148,152,153,148,143,164,151,148,146,143,145,151,135,128,155,158,142,160,150,151,131,156,147,154,132,148,155,158,142,160,175,184,150,160,159,146,147,138,153,145,147,149,168,155,166,154,141,149,136,139,159,154,136,156,156,139,138,164,126,153,161,158,150,142,158,149,152,154,144,163,159,156,155,174,170,145,166,131,158,154,142,143,146,148,163,130,140,154,159,153,132,134,158,167,149,166,123,152,137,148,153,157,161,147,142,149,136,151,162,154,144,141,145,149,143,139,147,174,145,165,140,149,143,155,146,142,143,152,158,134,133,133,157,150,127,138,149,146,142,157,150,141,149,149,158,158,127,149,153,150,157,152,129,143,156,163,149,146,148,140,195,176,146,162,144,144,148,155,132,149,176,132,147,152,162,155,152,152,160,151,138,151,148,146,138,141,140,133,139,156,155,160,158,161,150,147,163,142,152,146,143,150,153,138,164,151,172,167,164,145,132,154,159,156,137,134,141,139,156,155,159,146,156,149,145,143,145,163,153,144,156,154,125,141,138,146,152,158,152,152,124,146,149,147,150,139,151,147,159,150,171,158,147,124,167,151,154,169,173,131,151,166,152,153,130,146,159,141,175,150,148,143,140,154,137,163,138,147,154,126,126,153,135,148,135,137,148,154,175,167,151,157,152,149,160,158,151,148,160,148,157,162,152,147,140,161,145,161,144,159,157,145,143,139,143,135,128,170,151,151,143,150,153,145,154,155,160,148,154,152,151,134,153,164,136,140,140,150,148,140,142,157,155,152,166,143,148,140,159,155,141,145,144,126,141,155,163,154,146,142,148,159,141,141,140,143,136,154,149,139,148,141,150,166,149,140,160,175,146,148,152,167,143,156,156,130,131,144,147,154,156,158,158,155,166,143,149,156,142,137,157,154,160,155,159,144,157,133,141,155,141,147,144,140,140,149,152,139,154,134,155,154,131,153,156,165,149,138,160,168,171,160,127,146,152,156,159,140,185,144,146,146,143,149,138,156,153,145,156,147,163,140,147,142,148,165,141,165,145,159,155,136,151,135,181,147,139,147,156,139,150,164,140,148,147,161,157,143,147,135,132,169,140,137,151,140,133,148,141,155,140,155,166,161,157,149,144,141,152,134,145,161,148,152,137,159,148,157,151,132,157,150,148,147,150,141,175,147,143,148,136,153,166,149,131,152,152,139,151,140,156,167,131,161,151,158,139,184,146,149,153,149,166,165,157,150,156,159,151,153,163,149,138,146,153,155,146,155,135,136,135,161,127,144,149,126,150,152,142,155,138,155,163,158,160,148,139,153,140,146,166,155,140,166,151,149,155,148,143,129,145,154,167,165,158,137,149,143,135,143,123,155,160,149,159,160,142,166,145,143,144,160,150,150,118,135,163,150,150,141,136,148,143,163,166,130,151,138,167,147,148,171,146,147,126,147,157,150,154,144,155,151,137,149,160,150,143,151,129,145,147,149,171,158,161,141,150,156,152,153,160,145,142,143,153,163,135,150,153,169,173,157,130,159,138,145,158,148,146,144,151,158,161,136,144,152,141,146,147,146,151,142,149,150,151,148,139,127,155,145,158,144,153,154,144,162,162,137,135,144,146,138,141,150,150,160,151,159,140,148,165,148,167,142,142,160,137,143,138,143,148,155,139,147,164,154,143,153,149,152,154,152,143,153,158,151,140,124,135,168,150,122,141,148,152,153,151,164,160,161,150,157,146,152,148,140,141,158,157,160,167,149,140,154,148,156,151,158,141,144,169,139,139,152,143,140,151,147,149,164,149,147,132,150,164,156,168,132,177,143,157,161,161,144,152,141,147,143,155,156,150,138,160,149,147,175,130,157,162,151,142,143,152,155,154,157,145,136,155,157,160,130,141,133,137,148,150,145,148,155,152,138,163,152,133,154,141,137,152,194,145,153,139,177,144,137,143,143,128,162,161,131,148,158,144,147,152,157,161,165,135,149,157,166,149,145,144,149,135,169,149,160,139,159,158,141,167,147,154,161,154,163,131,161,160,153,128,160,164,134,146,152,159,143,148,137,133,151,139,148,159,146,149,152,126,143,147,144,150,137,142,157,155,155,139,159,139,143,154,133,139,144,141,142,152,153,160,156,142,143,160,146,154,159,155,161,135,147,130,148,141,140,123,146,146,155,162,157,137,150,138,145,161,145,160,148,145,146,162,157,140,144,154,135,142,156,148,139,139,159,124,146,149,158,160,151,145,143,142,153,146,135,136,146,155,145,129,143,145,138,166,153,146,152,164,142,148,158,153,162,153,154,132,158,146,151,155,158,161,147,162,155,142,128,142,134,154,169,150,138,155,150,136,153,151,155,130,158,154,150,152,153,148,148,167,138,148,159,155,131,142,148,160,129,151,143,167,159,152,161,144,164,168,141,160,163,135,153,128,143,144,132,147,154,149,152,170,143,142,147,167,138,130,164,155,157,167,152,136,154,152,149,143,146,142,153,148,143,150,155,156,137,147,138,152,161,140,159,144,136,148,157,157,144,155,138,170,125,150,141,152,148,160,151,153,150,143,142,134,146,148,137,125,153,153,163,146,137,131,172,136,126,135,162,151,156,146,148,138,147,149,143,144,173,143,149,148,142,176,149,152,161,138,145,155,150,155,150,138,168,162,135,156,154,137,141,155,152,155,159,147,143,154,129,152,166,172,177,136,148,144,150,148,147,141,166,164,158,153,158,153,155,164,136,138,142,150,143,142,151,147,147,150,148,155,157,154,146,174,159,161,146,164,153,153,147,161,158,158,155,163,164,170,164,153,145,151,129,152,163,157,131,149,153,156,143,155,143,164,139,137,141,151,167,155,165,128,148,152,160,167,127,156,136,163,148,151,161,145,139,147,150,147,148,161,138,165,144,159,159,154,149,149,128,137,162,149,162,139,158,171,137,141,155,138,150,132,147,126,158,164,147,148,151,144,143,137,134,136,149,160,140,160,148,151,173,157,138,144,151,142,141,150,150,144,133,136,168,131,165,137,153,164,147,160,156,146,136,170,155,167,158,144,149,143,153,143,152,164,141,156,150,148,169,155,141,176,146,162,149,137,158,153,135,161,177,152,140,132,136,156,152,156,150,159,138,162,157,152,153,152,147,160,158,144,156,146,137,131,139,139,155,147,152,142,136,162,145,149,146,139,141,141,147,147,150,149,148,149,138,146,160,156,153,146,139,154,152,145,148,154,170,146,133,133,148,153,152,144,144,135,142,151,143,158,148,155,137,153,137,134,161,154,133,143,152,154,138,125,147,153,147,145,150,153,127,160,133,141,130,146,145,141,150,149,150,132,153,154,140,150,160,153,146,162,128,154,149,151,144,146,162,131,152,157,132,172,143,138,150,161,166,145,143,144,155,131,139,146,136,166,143,155,164,143,167,158,145,140,158,138,142,153,156,165,157,151,146,142,141,152,133,134,124,144,140,152,146,160,165,153,134,150,157,151,137,147,147,143,147,145,142,140,153,150,184,141,149,129,146,148,148,139,165,155,134,157,164,171,156,143,153,154,119,146,162,135,156,154,151,157,129,143,169,152,157,164,141,144,134,143,138,140,153,149,140,163,147,145,157,146,166,162,129,146,139,145,151,140,156,140,158,148,146,142,131,156,154,139,147,163,147,149,146,165,158,143,142,130,158,143,146,139,154,145,148,142,134,140,167,148,172,135,158,151,145,151,136,157,149,147,145,166,144,157,163,140,164,167,138,153,154,144,145,143,158,166,158,167,164,142,157,144,135,155,140,153,147,153,150,145,137,149,148,152,154,140,155,136,143,149,135,130,157,156,171,157,141,158,135,143,146,148,157,162,146,164,145,151,149,145,143,132,145,160,144,146,164,138,157,152,140,148,153,168,158,147,137,152,143,157,157,135,143,138,137,164,147,142,124,165,155,145,158,148,137,164,150,158,135,152,141,138,149,148,154,150,130,151,137,134,153,154,156,161,122,141,141,167,144,153,150,155,145,153,157,151,147,153,168,148,158,156,139,142,138,144,168,154,143,142,138,139,137,136,151,159,136,124,139,146,127,146,146,150,148,149,158,154,180,151,150,167,156,156,136,141,145,153,164,142,143,144,149,153,153,131,150,137,139,161,157,162,166,139,140,154,135,145,154,146,135,147,140,154,138,142,138,149,134,159,130,134,146,157,147,169,149,158,148,155,160,151,145,167,140,159,147,159,163,150,163,154,155,164,147,160,149,139,139,146,150,127,161,171,152,164,151,141,147,146,144,160,148,158,125,153,158,156,152,147,145,180,153,154,155,168,151,147,144,155,153,153,128,152,147,175,148,141,137,154,160,156,170,143,158,158,152,152,138,146,153,148,131,141,167,157,170,142,166,149,153,142,153,140,159,154,161,137,142,169,158,143,154,175,140,137,157,150,150,149,163,149,136,143,158,157,164,161,150,149,164,148,166,137,145,153,145,141,136,147,165,139,130,164,146,147,168,144,171,141,137,134,160,141,162,167,149,175,139,145,153,153,140,138,152,156,159,156,142,144,169,134,138,152,155,146,148,149,139,156,157,143,156,163,158,154,144,144,153,175,152,166,150,162,154,160,155,175,167,144,136,152,155,157,165,131,158,154,164,155,147,154,152,146,144,162,140,159,153,152,159,139,144,171,139,135,136,165,142,162,132,153,158,147,139,143,153,164,144,160,159,157,157,151,144,143,127,156,170,159,158,152,138,134,144,142,161,148,119,137,123,150,143,167,142,146,150,169,155,161,163,131,155,129,158,157,152,159,129,143,140,152,156,137,149,157,143,167,142,163,138,150,143,144,153,148,161,155,146,151,162,143,167,155,172,157,152,129,157,149,152,139,162,135,135,135,146,133,141,138,166,146,153,142,162,143,141,143,153,155,154,140,155,158,157,147,142,157,165,152,147,162,155,165,154,147,146,170,164,153,153,161,158,158,157,157,155,148,147,166,151,147,167,148,132,146,144,157,153,167,152,147,153,155,165,154,135,160,172,153,152,161,157,154,148,149,178,144,150,155,164,153,142,146,150,140,141,159,146,170,146,142,146,163,146,159,144,151,138,149,147,141,148,166,144,158,152,165,152,160,174,166,164,147,162,130,147
145,128,146,139,144,148,156,158,147,153,155,162,145,127,142,137,142,151,148,164,145,133,156,136,158,157,147,162,132,151,167,132,150,149,132,142,141,134,158,157,146,152,146,148,142,161,164,139,146,149,146,146,163,146,152,149,156,165,141,137,161,156,152,141,149,139,147,160,163,160,143,159,171,148,135,142,147,152,161,139,148,147,143,153,153,130,145,147,136,131,154,147,138,140,142,145,140,146,159,131,150,131,150,156,145,162,172,158,159,148,145,145,151,140,148,150,157,146,159,142,163,157,148,162,143,146,146,141,154,156,150,143,172,150,158,157,152,154,144,161,162,156,148,165,141,151,146,136,148,149,134,146,152,174,135,179,139,176,141,131,172,165,145,135,130,141,153,135,148,162,144,137,139,142,151,154,153,140,140,152,137,167,143,141,140,149,138,143,137,152,151,152,137,150,131,132,151,140,168,142,165,140,147,150,152,154,156,157,158,139,140,148,146,153,148,137,145,151,154,156,158,150,157,149,142,148,153,140,144,155,140,137,149,138,144,164,145,147,157,161,158,159,148,153,161,139,152,158,175,133,139,153,155,144,155,147,166,140,140,144,153,130,167,156,169,137,144,156,157,177,156,147,146,122,145,153,134,135,157,157,143,165,139,146,148,151,178,153,137,159,150,140,144,147,164,148,153,145,137,137,149,145,153,147,150,136,147,158,144,148,140,161,163,141,154,152,144,152,157,151,152,136,153,149,123,151,134,158,144,142,160,143,158,148,156,144,147,180,135,152,143,142,131,144,148,153,153,156,147,145,147,163,166,147,158,151,149,153,149,181,151,141,146,144,143,136,147,155,138,139,159,164,138,151,156,156,148,146,122,159,155,154,149,126,148,144,161,176,140,136,152,141,140,161,161,127,152,124,138,158,147,145,138,142,147,158,158,153,147,165,133,171,133,160,147,144,155,164,128,151,156,146,141,141,163,149,151,153,150,146,142,139,157,150,143,150,137,157,149,149,139,151,157,142,156,157,138,157,135,153,145,158,144,153,135,147,137,158,131,157,157,156,149,140,169,163,159,136,128,152,140,174,163,152,152,151,158,161,141,156,153,130,158,145,161,163,146,165,147,148,139,156,138,143,177,129,162,142,156,142,149,147,167,150,144,139,144,157,141,135,159,133,156,166,159,142,138,153,149,141,145,147,139,161,153,149,149,137,156,142,161,132,142,149,158,150,147,157,143,140,162,166,146,156,158,145,139,145,140,163,159,152,158,151,151,146,159,142,150,154,140,148,145,132,149,161,140,158,140,182,153,136,145,151,182,155,152,153,148,156,152,145,149,149,140,138,158,148,139,153,144,161,133,164,168,142,131,162,146,143,135,140,121,154,146,132,162,145,153,149,154,144,151,150,143,133,154,158,145,157,140,141,144,161,145,137,142,154,140,151,139,154,154,154,152,160,156,151,157,155,172,155,154,162,141,139,137,146,148,150,135,133,147,150,148,148,162,154,160,139,147,156,131,139,153,147,145,151,143,143,168,153,137,138,140,163,159,141,157,140,151,159,155,168,168,159,158,145,143,154,147,175,157,161,145,155,136,173,146,124,152,152,139,148,148,154,140,143,143,142,148,139,154,154,156,138,156,147,138,164,148,169,152,145,150,162,142,149,155,144,133,142,149,151,155,156,138,167,146,153,155,164,133,155,142,146,164,148,161,148,154,146,150,164,157,146,146,142,162,149,152,149,159,135,125,154,124,135,149,155,147,150,140,178,166,155,158,159,156,149,147,148,148,162,155,139,156,155,139,149,161,152,169,149,167,152,128,154,137,156,162,142,146,135,168,161,152,136,153,142,147,138,151,155,155,168,146,155,162,134,135,130,145,159,156,147,154,144,149,158,123,160,147,155,150,165,155,134,150,164,134,146,148,150,141,150,164,154,141,145,137,147,151,135,150,133,137,146,159,144,114,154,156,141,167,144,145,142,149,135,148,159,148,165,140,157,149,150,147,168,139,151,157,144,153,167,156,149,163,134,148,154,158,140,155,147,152,140,141,159,131,147,153,155,146,150,147,164,154,148,165,162,139,124,143,144,150,137,129,156,147,148,167,135,152,153,133,145,151,143,130,144,154,148,159,146,144,152,161,141,143,135,163,138,140,159,161,153,141,148,139,146,150,142,137,146,136,150,137,161,141,158,140,156,150,160,159,175,135,145,145,147,151,140,148,164,149,146,156,134,141,135,150,137,159,145,140,164,159,165,141,142,167,136,134,167,127,165,175,144,164,133,140,144,157,165,142,160,152,144,149,164,164,141,147,152,138,117,138,155,160,158,153,149,152,145,151,142,141,132,145,148,149,139,150,161,142,130,152,143,163,148,154,146,143,165,135,150,129,137,124,135,167,145,149,145,143,152,148,150,136,163,140,167,158,148,137,145,137,145,146,148,170,145,147,162,138,150,138,160,137,130,158,173,155,139,144,150,158,138,148,164,152,135,131,150,134,132,145,174,157,146,165,143,155,161,136,142,153,143,142,135,164,150,173,149,146,147,153,156,151,148,147,135,157,150,141,148,153,162,129,153,148,143,169,143,163,147,154,155,149,168,160,150,134,161,151,151,144,138,142,139,156,155,135,167,152,160,158,154,157,148,165,157,157,138,144,158,142,158,142,139,141,158,158,160,161,154,145,152,136,145,151,161,165,157,153,170,163,161,155,149,143,149,155,155,148,161,149,150,141,146,153,174,136,156,137,161,158,142,147,138,149,156,151,155,162,160,150,150,152,149,138,139,160,141,134,157,148,164,137,145,145,148,133,152,143,158,150,150,156,139,148,159,141,147,130,153,142,141,149,157,142,164,163,156,169,140,156,150,148,164,162,135,149,173,158,164,153,166,135,146,165,154,144,165,149,156,147,153,151,157,144,141,139,137,137,163,140,149,150,127,125,146,142,141,142,145,131,148,181,162,146,156,155,151,145,143,170,139,157,160,154,154,157,161,154,155,154,156,140,134,143,145,140,147,153,168,153,149,159,155,137,152,159,134,152,123,133,138,131,145,154,139,143,159,155,141,156,134,153,153,159,175,161,151,164,149,160,141,161,152,166,140,145,147,140,159,147,167,151,149,158,158,143,146,147,153,159,129,142,153,146,156,147,139,144,141,145,167,172,153,169,140,130,153,157,167,146,140,152,160,144,139,170,150,174,154,149,162,164,154,147,143,147,157,166,163,144,123,160,143,148,141,163,154,175,147,139,163,153,142,157,163,154,142,148,131,151,143,141,147,134,143,134,137,141,153,159,132,139,157,148,147,135,168,160,145,144,132,138,139,156,169,154,155,144,148,144,148,158,154,161,143,156,138,137,163,147,150,142,133,139,147,130,140,161,148,143,139,141,163,150,141,138,156,148,162,154,154,139,168,166,138,149,166,134,145,159,146,135,149,169,156,141,138,151,140,161,145,139,151,173,159,159,154,157,167,135,149,147,157,135,138,141,142,146,150,146,141,154,152,142,140,146,128,151,145,152,171,153,143,175,146,154,152,150,140,154,131,165,133,145,145,145,150,152,146,134,146,154,150,151,147,158,151,153,143,146,160,140,146,154,146,138,134,134,132,147,160,164,151,133,143,167,145,145,138,165,159,125,149,154,152,142,158,147,144,140,156,148,155,146,133,163,142,153,161,130,157,152,142,149,150,155,145,167,143,154,129,146,151,132,129,164,154,149,164,137,152,139,159,155,161,153,153,142,157,162,150,170,139,142,145,171,150,156,138,148,152,160,144,145,159,162,145,141,150,147,152,147,139,153,150,130,153,158,156,134,154,145,137,160,147,145,143,149,144,157,149,159,151,152,140,135,157,133,155,162,147,126,169,123,139,152,116,158,136,140,155,153,148,158,141,152,154,157,153,171,144,173,143,143,149,153,146,157,156,151,150,152,151,155,163,153,158,166,137,156,148,146,152,145,143,149,142,158,151,134,135,151,168,149,153,144,155,150,167,142,151,150,133,140,136,152,163,141,140,147,145,163,138,134,154,144,152,155,145,152,143,148,133,138,149,131,134,148,163,135,141,153,162,136,156,139,148,161,141,166,171,153,142,152,162,166,143,141,160,147,148,150,143,150,147,142,134,150,137,155,182,147,143,152,153,141,153,141,126,137,155,147,159,163,167,138,156,165,151,154,154,136,161,151,144,152,136,145,153,157,126,167,155,161,132,145,134,157,143,157,151,153,142,140,130,165,145,154,157,137,152,143,159,176,154,168,159,173,145,148,139,152,145,149,163,144,175,145,145,166,151,160,152,146,138,150,138,131,172,158,159,152,150,163,151,144,170,141,143,151,151,161,154,144,152,166,151,123,156,140,168,136,163,132,152,145,138,137,152,153,148,141,155,144,144,149,163,153,153,147,133,161,147,136,146,153,140,138,147,137,146,133,155,140,167,147,143,149,137,136,154,146,155,143,138,141,149,164,151,141,137,159,137,169,140,160,159,155,142,148,157,149,161,158,139,148,133,144,152,133,142,138,175,138,142,148,162,147,174,180,145,158,159,134,145,140,168,141,130,161,149,141,138,156,137,143,148,157,164,150,142,148,152,147,156,132,143,162,140,157,153,154,133,153,149,141,138,161,154,133,145,159,148,142,128,150,143,149,149,160,167,144,130,150,157,152,137,130,138,160,149,133,145,153,143,143,147,157,146,137,145,148,159,148,131,150,152,166,160,143,167,143,173,148,137,145,147,139,176,163,140,151,157,146,166,157,140,150,152,137,149,145,168,129,164,161,151,134,150,147,138,138,139,149,152,149,150,148,155,172,141,146,147,173,137,158,134,144,147,140,139,159,146,149,140,156,175,146,144,141,155,152,148,145,148,147,146,141,151,154,137,158,159,136,148,151,147,140,127,169,161,153,161,139,131,144,157,153,148,149,157,151,154,172,144,168,139,149,163,135,134,164,144,163,138,142,157,150,147,137,161,140,164,135,139,164,141,144,150,148,156,149,167,143,159,152,147,157,143,150,153,150,146,131,156,146,161,150,135,140,160,161,148,157,142,159,150,145,158,149,133,147,170,162,157,156,131,135,143,154,170,151,148,164,163,178,154,154,130,157,157,156,157,166,154,149,149,136,131,149,149,158,137,139,151,150,159,161,162,162,155,138,167,150,162,144,141,154,151,151,139,138,146,143,172,158,157,165,147,153,170,142,141,166,145,154,139,148,170,150,151,159,158,155,158,136,168,138,130,161,153,159,155,146,148,152,158,152,142,161,169,141,144,143,136,162,139,153,156,152,148,163,145,137,139,145,136,153,154,151,159,150,155,167,156,161,150,139,144,143,155,141,154,150,159,136,148,168,146,156,150,152,159,142,140,168,141,152,145,147,155,167,154,158,138,151,154,126,141,149,150,162,165,150,147,159,150,131,149,151,136,158,144,144,157,157,148,164,146,153,162,130,145,150,147,153,131,135,136,149,154,158,134,147,155,157,148,154,148,140,144,127,153,150,155,150,137,146,160,149,132,158,154,163,157,157,147,148,136,168,139,157,137,151,153,128,145,147,142,143,140,148,148,139,140,147,152,157,153,151,143,155,138,154,162,151,135,131,153,156,169,154,150,143,164,147,147,152,170,143,160,154,155,146,158,145,144,137,159,152,154,158,136,153,151,141,145,147,157,155,151,158,149,135,164,140,156,140,152,164,156,148,146,144,150,145,140,137,138,161,170,149,162,163,146,158,137,146,149,149,155,139,150,150,129,150,159,151,151,134,122,151,146,150,146,142,153,158,151,152,162,149,149,155,152,161,150,150,152,160,151,129,160,149,160,155,159,138,164,158,136,151,145,156,152,164,157,153,159,160,173,151,150,165,118,145,155,149,137,152,161,143,163,154,150,149,151,147,158,149,157,134,155,155,154,161,160,144,168,166,151,140,140,171,151,144,148,156,163,151,144,151,144,153,146,147,142,157,158,164,155,152,137,150,161,161,161,168,165,143,138,157,150,165,161,146,159,157,159,145,157,139,158,150,143,147,161,172,143,160,142,164,156,144,136,146,154,139,169,152,161,150,146,139,152,149,135,148,138,148,148,143,145,163,141,154,157,152,149,156,138,150,165,170,145,158,146,149,150,138,159,144,130,146,155,152,142,133,148,143,160,138,160,155,141,153,134,138,147,149,145,160,148,138,153,147,146,152,152,146,159,142,145,160,135,165,136,135,140,145,168,171,160,150,152,157,145,151,157,144,157,144,151,147,152,142,154,169,152,140,139,143,164,145,144,162,179,159,136,164,144,147,147,143,155,142,147,147,144,152,152,141,147,141,162,144,143,147,150,163,136,177,155,154,142,149,141,140,149,160,153,141,153,145,150,159,125,140,157,133,153,140,152,157,168,160,149,160,125,135,139,148,151,126,134,134,174,157,157,157,140,145,127,144,155,155,147,127,148,150,159,154,150,149,150,133,160,146,167,151,158,152,142,161,145,146,154,145,161,145,162,160,145,149,146,171,150,151,126,150,148,158,158,147,155,142,135,141,150,136,155,139,144,129,136,151,128,157,154,159,151,177,138,160,144,156,158,141,154,153,143,158,157,139,148,154,149,150,166,147,143,136,165,162,152,151,141,150,148,147,140,147,148,140,142,144,167,152,141,142,150,148,151,160,152,147,155,143,132,147,161,144,155,141,148,148,153,140,138,155,133,145,167,160,144,148,159,143,137,151,137,151,161,143,137,150,158,155,166,142,142,154,159,126,156,148,137,133,143,143,159,162,142,146,158,150,150,138,157,135,141,156,126,142,149,142,166,147,140,154,174,158,159,158,160,151,145,162,170,151,145,145,147,141,148,134,151,154,152,133,146,160,150,169,154,151,145,156,136,146,151,152,153,166,146,150,154,161,166,142,139,163,153,153,151,162,141,161,150,161,130,144,146,163,168,157,145,136,142,143,159,141,161,149,139,145,125,143,148,153,151,150,133,142,149,140,144,142,153,168,151,145,142,144,147,146,142,162,141,151,151,147,155,145,148,155,149,132,146,151,147,157,159,133,144,136,171,154,155,151,158,160,137,157,144,142,158,154,154,148,141,144,139,150,146,150,153,139,139,167,145,163,149,141,166,140,161,130,152,139,169,154,154,148,143,169,165,152,150,155,153,148,146,152,158,172,158,144,136,144,138,130,158,159,157,167,146,150,159,149,163,158,141,176,154,152,178,151,155,136,146,134,157,154,148,145,157,150,139,159,140,146,143,163,162,155,163,146,129,148,151,156,133,121,144,143,166,152,152,132,168,166,156,144,146,161,157,154,137,149,158,165,144,128,161,149,141,133,133,143,141,149,157,140,152,145,166,152,153,149,139,162,144,164,159,142,134,149,147,162,139,158,157,134,168,153,146,172,170,163,134,153,153,139,137,140,144,145,137,161,153,128,129,161,150,161,154,160,157,124,147,142,141,162,135,149,157,153,149,146,138,162,161,169,131,150,146,160,158,151,162,132,149,120,146,172,156,152,157,146,149,137,163,149,164,132,151,147,135,158,162,168,134,144,137,135,159,154,161,153,152,132,144,150,152,138,159,142,162,163,147,144,152,143,150,148,136,135,145,154,151,150,147,153,141,157,161,168,141,161,164,150,160,147,162,155,144,155,136,147,153,135,156,151,138,135,152,131,153,151,145,145,152,146,151,155,161,145,142,171,135,148,146,162,147,151,137,155,160,148,160,134,152,131,155,158,156,154,156,146,147,145,150,147,158,159,170,145,150,150,171,146,150,144,153,152,124,134,137,144,139,143,135,159,130,126,152,147,138,137,150,168,149,157,143,143,154,149,147,154,169,145,152,151,160,155,144,152,152,137,152,144,169,155,143,144,172,170,148,143,142,141,151,149,170,153,151,161,129,163,138,142,145,157,154,148,130,150,147,153,153,146,138,141,149,163,162,125,144,145,132,162,165,138,146,134,140,152,141,160,145,169,139,156,143,139,144,158,143,145,163,148,152,148,155,154,144,143,163,160,163,163,154,159,131,148,150,152,149,148,143,141,153,152,161,138,158,155,137,170,152,139,147,161,168,152,139,140,127,172,139,146,144,164,137,160,166,157,145,150,152,142,148,157,153,153,155,151,182,157,138,159,123,162,134,146,152,151,146,147,135,140,133,135,154,155,153,137,130,154,152,151,152,142,147,124,147,146,148,134,160,160,160,165,147,152,139,145,155,156,133,144,158,160,145,157,146,176,137,157,159,145,168,139,146,152,152,139,168,133,160,138,146,143,153,161,165,132,137,165,150,145,169,146,135,153,135,137,141,160,149,149,159,148,154,144,133,149,151,152,147,144,159,161,153,148,157,141,134,161,150,160,131,164,152,151,161,154,136,154,156,162,157,154,158,175,160,138,145,149,133,159,158,144,167,157,159,146,153,153,142,155,133,155,135,162,146,144,146,159,165,155,143,150,151,155,167,143,156,144,156,152,133,165,159,154,151,154,137,152,142,156,163,153,133,127,147,154,146,147,156,145,164,155,150,147,149,150,152,140,150,142,142,167,143,140,156,151,145,155,153,151,165,154,157,153,168,150,156,141,148,155,148,152,148,141,151,145,169,136,145,155,142,147,154,153,159,124,148,155,160,163,138,158,154,142,138,134,129,128,148,149,133,139,150,155,152,136,154,139,153,154,148,144,148,155,138,138,142,151,151,157,156,143,139,164,148,162,154,144,145,168,140,151,175,162,149,148,136,149,138,147,150,162,162,149,145,147,164,147,131,149,148,159,145,135,156,160,164,164,145,145,147,155,144,165,149,166,147,151,148,125,141,170,132,154,134,134,153,128,142,174,142,173,155,135,147,165,156,144,147,152,158,152,161,152,161,157,143,157,156,134,149,153,145,156,162,140,138,146,160,161,164,146,141,137,154,153,155,136,171,138,159,151,151,162,163,146,146,155,123,145,153,163,154,138,175,137,154,159,137,164,140,140,153,150,155,151,171,134,142,151,152,139,144,157,140,149,148,167,143,139,145,135,153,130,137,134,132,134,159,141,148,138,149,168,142,149,153,144,156,154,127,154,152,156,152,138,162,159,145,132,163,161,148,147,138,140,154,149,156,155,158,148,148,137,148,148,152,147,152,116,140,176,174,158,157,155,151,158,143,126,130,151,154,138,168,152,163,156,127,156,153,153,141,164,149,154,153,127,158,139,138,151,138,163,149,137,161,148,150,158,160,168,140,141,146,133,156,147,150,167,145,163,145,156,158,152,157,142,148,149,159,142,150,149,172,154,150,149,130,154,133,154,140,162,137,155,150,150,151,156,151,155,156,168,133,137,150,136,144,172,177,143,173,144,149,144,167,160,138,151,159,158,145,162,143,163,160,137,150,156,155,145,159,179,145,156,147,162,151,130,153,146,148,151,168,151,152,151,150,142,149,143,142,145,152,146,141,156,154,152,165,158,149,147,148,149,165,141,146,160,134,142,139,158,157,149,146,155,137,136,146,138,157,136,155,139,156,147,134,161,145,143,131,168,143,144,152,136,148,134,154,132,136,163,153,141,143,146,147,158,145,147,145,160,140,159,137,154,165,138,155,150,146,153,154,144,158,143,163,158,135,154,138,158,131,155,161,154,151,140,167,167,138,152,138,140,145,137,154,154,144,149,132,162,149,146,135,128,151,159,142,154,143,160,136,167,147,149,156,165,146,152,157,162,126,139,148,159,153,158,163,137,146,145,145,154,147,166,128,145,127,149,138,153,147,155,140,123,147,133,138,157,160,162,140,144,152,165,159,156,128,155,162,169,144,137,161,157,169,162,154,143,149,126,158,142,140,148,146,142,136,162,161,136,146,144,138,150,133,143,169,160,161,152,164,153,147,146,145,138,150,163,132,155,134,167,152,153,166,154,166,147,148,149,161,142,141,169,145,142,160,166,145,166,154,134,150,152,158,129,147,137,152,149,132,154,140,148,141,160,136,147,138,139,147,153,146,155,145,165,148,147,144,148,150,144,153,160,163,144,140,140,168,138,135,160,151,148,159,137,169,140,154,151,154,140,146,149,128,149,155,149,140,145,143,152,155,136,151,158,146,150,150,133,168,159,149,139,147,152,141,147,154,150,133,158,147,150,161,150,146,147,127,156,164,172,146,133,156,149,153,144,154,171,130,148,132,128,155,150,154,143,150,158,148,160,152,169,141,161,184,135,140,140,142,173,141,131,144,141,143,143,152,156,155,150,164,151,155,162,137,145,156,159,147,152,145,148,154,145,147,152,165,159,143,140,155,149,140,163,142,143,137,157,155,163,164,142,152,157,151,145,152,178,162,172,123,156,168,152,132,166,141,156,136,147,156,149,142,152,137,142,148,144,150,158,149,164,138,153,143,138,144,136,159,136,147,148,153,161,136,162,155,136,146,145,146,165,141,147,138,147,152,170,146,151,151,157,161,152,140,155,150,153,151,143,159,164,162,158,150,158,153,148,162,151,137,141,144,143,168,151,129,127,141,143,159,145,146,137,148,149,150,156,146,139,144,142,157,153,156,157,152,158,134,146,149,145,142,145,157,136,155,138,147,150,132,146,149,155,141,153,159,159,162,126,154,140,143,150,150,151,140,155,158,162,157,145,161,153,166,154,151,154,134,144,153,134,152,146,138,139,141,143,157,139,157,158,134,168,142,146,158,162,145,156,151,141,146,135,153,138,149,129,150,161,161,159,142,139,151,147,157,158,153,151,165,150,136,154,145,129,163,128,145,149,172,152,150,187,140,152,146,145,158,148,147,159,145,147,150,162,157,160,149,148,149,146,155,161,120,141,165,159,154,156,150,152,142,134,154,151,148,170,149,164,155,152,155,161,157,152,156,134,142,143,146,142,145,132,150,164,147,142,152,137,163,167,160,141,152,162,130,145,169,157,165,136,161,174,148,170,150,163,150,122,151,154,151,139,142,158,164,154,145,148,157,141,163,150,142,159,152,164,142,149,156,149,156,152,150,137,139,152,173,140,153,159,135,157,141,134,158,145,168,156,172,149,144,141,151,152,139,155,146,172,154,166,145,151,146,160,144,166,153,142,164,134,145,148,150,167,155,152,158,148,141,148,149,163,141,159,155,129,129,152,151,155,146,173,125,148,149,152,161,153,167,164,145,148,148,148,148,138,141,147,147,140,143,154,145,153,170,146,152,142,136,145,154,154,153,164,155,139,163,140,162,141,133,139,125,149,147,141,170,127,134,154,134,153,160,131,148,159,122,145,150,145,142,151,147,150,155,137,144,155,152,165,143,143,146,160,138,169,143,148,132,159,143,165,138,138,145,149,147,137,139,162,134,157,144,168,179,147,152,145,148,161,145,144,135,151,159,158,156,161,153,146,126,148,148,176,159,153,154,149,139,147,149,149,133,149,153,134,170,156,162,134,140,152,161,157,140,158,143,133,154,157,150,142,141,140,147,139,156,144,147,147,139,143,143,148,166,139,159,173,167,145,146,148,156,149,160,154,148,141,153,148,154,147,144,157,154,144,142,147,155,150,136,150,153,153,156,154,159,131,138,144,131,171,144,156,170,156,155,140,154,141,164,154,168,134,132,148,150,155,146,171,156,145,150,138,169,150,161,164,142,156,141,168,143,147,138,149,159,154,154,164,144,150,128,130,147,139,156,158,154,145,162,169,156,144,152,158,155,143,157,145,153,142,149,134,133,167,160,144,147,151,164,162,137,153,144,144,140,141,155,145,169,158,140,151,147,160,141,141,169,148,170,151,159,148,147,164,137,158,147,157,146,140,144,136,158,142,140,147,150,162,146,151,154,163,144,147,159,156,141,140,149,160,161,153,146,155,158,151,133,174,159,140,140,165,133,149,144,139,152,143,156,144,181,155,145,142,155,154,156,134,160,151,142,153,153,150,155,151,143,151,162,136,154,144,141,145,132,149,148,155,147,153,145,149,129,168,135,136,149,159,167,149,146,158,153,138,146,157,146,164,143,171,161,142,154,154,154,162,147,161,148,146,139,160,157,146,153,163,137,136,167,144,161,145,142,144,148,155,140,145,158,132,162,151,146,142,146,146,147,153,160,147,159,144,154,147,144,150,170,150,151,143,154,144,159,152,163,143,153,141,155,161,152,157,150,156,165,148,147,158,156,144,139,155,130,125,145,171,159,159,140,164,141,146,159,166,143,145,154,172,146,131,156,153,161,149,145,162,147,137,150,166,153,143,131,142,134,158,145,138,140,158,148,154,145,159,138,150,154,142,156,151,160,131,139,152,136,156,142,142,145,147,163,144,149,129,152,160,141,144,147,168,161,167,150,157,152,165,157,164,148,163,147,160,144,145,144,155,151,153,148,147,141,135,156,157,138,153,159,144,139,141,158,162,159,167,136,139,136,145,155,157,141,150,153,158,142,169,144,159,146,151,152,158,151,151,158,167,159,141,131,153,157,145,138,135,162,155,157,157,155,151,156,154,160,154,145,157,147,143,155,141,146,148,139,158,136,154,160,141,159,159,158,156,146,153,139,125,148,155,146,158,164,157,143,149,142,141,133,133,155,159,130,151,139,130,164,151,147,162,149,141,142,132,154,133,150,164,157,163,153,141,143,155,145,134,162,172,163,150,143,144,145,145,167,164,156,160,157,141,167,137,147,140,152,155,145,129,144,152,141,160,154,143,146,172,160,155,140,127,141,150,138,142,153,132,167,150,151,155,154,163,166,158,145,148,138,147,156,153,139,164,149,142,169,149,142,150,164,150,136,150,164,163,168,161,148,158,134,168,138,147,174,151,161,144,142,134,169,143,139,168,154,153,154,158,140,142,144,140,145,140,145,165,161,147,144,146,136,164,153,134,161,136,145,137,152,153,149,153,131,154,152,132,157,154,155,146,146,150,144,168,153,169,155,145,146,141,157,151,142,142,158,139,149,171,154,138,147,153,152,162,160,141,153,143,159,133,155,143,157,144,184,151,151,145,149,168,164,148,137,139,148,152,142,159,139,138,155,120,151,155,143,150,132,159,159,145,144,159,163,171,159,144,145,140,155,136,150,136,147,151,148,151,157,141,143,143,157,154,157,158,168,150,149,134,143,150,147,150,177,176,134,142,155,154,143,152,152,141,138,132,147,159,151,145,136,165,144,154,148,140,157,150,139,147,142,161,178,154,138,150,152,139,146,143,140,154,147,141,149,168,147,132,144,164,146,166,135,137,152,161,144,149,155,154,166,162,158,152,142,157,143,150,156,157,158,141,143,156,163,127,142,137,154,164,158,169,163,146,154,145,136,153,150,144,134,137,145,135,150,156,130,151,153,144,154,156,164,137,139,149,164,161,140,141,158,144,129,151,170,146,159,155,167,160,141,147,163,136,161,156,155,158,153,140,148,147,153,138,145,147,144,151,129,165,181,147,174,120,134,151,139,161,155,160,138,124,155,147,146,141,152,147,138,155,131,165,152,160,142,148,139,156,138,150,141,149,144,160,150,154,148,140,160,155,150,149,149,149,140,152,145,132,132,148,163,139,159,145,155,137,149,145,153,161,156,155,143,153,141,144,146,150,154,162,165,154,155,143,126,149,163,144,157,146,145,137,159,149,153,145,129,161,146,154,149,147,148,143,129,153,152,158,147,156,158,152,157,156,145,150,156,169,153,147,140,149,141,166,149,135,138,144,158,131,146,162,147,140,127,151,151,160,146,154,139,122,120,153,134,150,141,130,159,162,153,161,158,148,148,152,152,134,141,140,153,151,151,144,162,150,159,146,160,133,176,157,138,139,154,157,159,167,149,162,142,156,139,148,168,156,129,133,147,148,156,160,145,134,131,146,161,145,141,160,148,147,160,151,154,144,151,141,158,162,147,138,138,157,158,140,151,152,174,145,152,147,158,151,135,137,139,141,135,150,147,150,157,145,149,135,152,170,140,145,140,119,149,151,138,135,159,153,150,162,152,175,163,133,147,159,156,142,154,144,154,144,145,172,153,154,145,157,137,170,152,159,153,171,153,142,151,158,151,154,156,165,150,146,152,146,154,123,147,149,131,151,152,163,146,148,135,146,165,168,132,141,158,137,156,150,147,153,137,145,155,135,176,131,147,165,144,170,137,160,148,147,165,150,158,149,155,153,142,131,135,145,159,135,143,148,140,139,149,142,129,167,155,155,147,132,168,149,173,147,146,162,146,137,147,174,143,143,138,161,144,130,162,142,160,157,144,142,132,135,147,147,136,150,149,160,155,140,152,169,171,128,158,157,163,155,159,171,140,150,165,143,138,156,153,143,126,164,153,141,148,163,161,140,163,154,151,150,143,148,143,157,143,146,160,139,160,138,162,144,141,129,156,157,165,169,150,150,145,145,149,169,155,160,152,143,137,151,148,151,155,160,142,148,153,151,158,162,153,149,155,161,149,164,157,149,155,144,167,155,154,150,141,145,145,162,157,162,163,144,146,153,139,138,147,167,151,136,146,157,148,141,147,151,152,133,144,139,146,140,177,139,125,137,174,178,153,157,152,147,138,155,147,154,146,148,143,137,152,155,139,161,149,141,140,154,143,149,150,151,136,135,141,162,147,153,155,147,140,147,156,150,157,139,147,143,155,163,170,169,137,165,151,148,172,135,151,158,142,162,146,146,148,154,151,154,151,150,146,130,146,142,148,137,138,147,173,153,139,162,138,155,136,144,128,146,161,156,161,161,147,141,151,134,147,150,164,136,156,152,144,137,165,150,152,145,146,149,142,134,153,155,154,148,152,152,156,138,135,129,150,118,153,165,152,140,177,154,151,145,143,148,161,154,152,145,154,151,145,167,134,141,146,135,139,152,137,150,165,131,155,156,157,146,148,150,148,158,147,150,147,163,150,147,153,159,156,155,163,164,151,163,155,157,133,156,143,150,141,143,158,165,149,172,141,157,141,154,158,158,174,151,155,144,163,151,162,154,141,145,148,170,158,149,146,134,161,141,141,166,155,156,148,146,141,153,148,133,158,144,159,156,144,158,130,140,140,154,141,145,141,148,134,147,155,150,147,152,157,157,160,175,169,150,172,145,145,166,136,154,160,147,170,165,159,149,149,140,145,159,144,160,151,165,137,164,151,142,156,131,144,170,158,154,153,182,130,135,134,143,147,157,151,145,150,149,139,145,148,161,128,161,157,151,153,148,159,141,155,131,139,141,143,164,136,145,145,133,131,146,143,149,145,156,145,143,152,141,136,145,148,154,165,161,149,146,142,158,145,140,154,161,156,152,160,134,146,142,149,144,159,136,150,152,154,136,152,161,169,146,151,138,160,158,157,171,157,127,147,161,139,140,143,164,157,158,166,139,165,139,138,153,139,134,145,138,161,144,142,148,152,141,135,138,160,159,162,156,155,147,144,152,163,142,167,151,163,162,132,153,148,143,157,155,139,140,147,149,155,151,147,138,139,149,167,159,153,148,153,147,143,145,139,149,150,153,158,141,160,153,164,145,132,162,155,150,142,156,137,162,166,143,177,157,138,151,139,136,139,145,147,148,154,149,143,151,151,138,149,156,130,137,170,142,156,162,133,161,162,163,150,134,148,167,150,146,132,137,154,159,146,149,140,150,131,162,138,157,139,150,135,139,140,155,153,145,157,161,166,153,153,166,138,160,148,147,175,167,142,132,156,135,133,144,154,145,148,144,147,142,135,167,163,153,147,150,147,145,141,134,155,162,150,149,155,150,144,137,142,140,142,158,140,156,148,146,144,134,131,140,149,162,150,145,144,161,137,146,143,136,153,162,135,155,165,151,155,135,149,168,133,144,147,142,151,156,150,159,129,143,162,145,149,145,149,151,169,158,150,167,165,154,142,145,155,150,145,134,135,162,146,147,151,144,163,148,168,154,157,164,147,148,156,154,154,162,153,146,146,131,150,141,139,141,142,143,161,151,154,149,138,148,140,147,149,148,158,142,131,160,151,156,147,159,140,159,174,153,151,172,132,158,139,174,156,141,149,163,154,121,140,140,152,140,134,157,157,137,148,133,142,149,139,164,150,149,158,154,154,164,152,142,154,160,135,159,152,150,132,132,135,154,144,145,152,135,147,143,138,153,157,162,157,143,146,159,158,157,146,166,142,154,129,150,143,175,157,135,155,139,167,138,167,147,157,162,143,150,168,147,144,131,155,136,146,156,131,170,155,158,140,147,144,165,162,157,150,150,151,145,147,156,144,160,141,142,147,156,152,145,144,158,155,146,148,138,126,141,151,161,156,140,135,152,153,149,143,155,151,146,137,162,139,150,142,144,172,153,142,141,169,151,134,167,158,153,141,144,173,143,152,152,169,144,139,150,167,162,161,148,143,162,138,143,144,158,151,141,149,130,149,161,146,134,141,159,149,146,148,154,142,155,155,129,149,141,145,162,141,137,160,164,155,168,149,158,143,143,143,156,149,158,156,170,147,145,124,166,164,146,121,136,145,161,148,136,164,154,168,156,150,161,139,158,154,157,167,146,143,157,168,142,138,141,147,161,145,142,153,147,144,145,161,168,132,160,147,167,147,144,142,148,147,151,148,141,168,146,161,144,161,137,139,155,139,142,131,147,153,145,160,149,145,152,145,163,143,150,144,160,142,134,153,139,155,153,144,160,159,152,142,145,156,157,142,161,160,148,138,151,141,148,148,140,152,161,151,157,162,129,159,150,140,156,148,160,153,143,147,147,149,163,167,148,165,157,146,168,142,135,162,149,147,150,135,155,148,134,126,156,144,153,133,149,152,138,161,147,138,158,156,136,145,145,136,172,169,157,141,154,183,143,149,134,142,134,147,141,135,153,136,159,159,158,175,160,148,166,146,139,156,158,156,154,127,152,162,147,120,145,162,148,151,161,131,139,145,138,144,141,131,156,153,139,151,128,159,142,165,141,146,137,145,164,138,154,149,141,159,124,148,162,156,146,153,158,161,155,173,144,145,150,141,146,159,139,170,165,150,149,159,139,149,140,156,145,154,125,143,152,137,158,157,167,157,151,144,168,151,138,140,153,144,151,134,153,143,155,139,155,154,143,152,155,148,142,158,152,151,151,143,163,141,151,147,153,163,150,154,160,154,157,156,158,150,137,144,144,142,155,144,143,154,144,143,144,166,162,135,142,149,155,153,155,171,139,153,160,141,150,145,153,147,143,134,133,138,154,148,146,152,171,149,140,149,149,143,161,148,149,155,141,148,145,152,122,146,135,132,162,162,152,150,144,152,143,152,144,160,137,151,135,146,158,139,123,153,161,135,165,146,150,158,146,143,147,145,145,159,151,155,149,154,142,158,164,166,145,147,153,152,149,154,153,133,139,160,151,156,176,161,146,137,148,153,143,148,139,157,133,155,157,137,143,140,144,171,171,147,160,152,153,159,162,151,150,156,131,161,139,150,160,156,137,149,149,148,153,141,160,161,140,148,151,147,156,148,165,152,145,138,149,144,154,144,135,149,154,159,154,147,151,164,157,156,150,134,149,161,136,138,158,160,139,151,151,167,148,140,141,150,150,151,163,160,127,157,158,146,153,164,142,153,148,162,137,157,164,135,154,174,143,161,131,129,140,136,172,157,159,157,163,159,146,156,137,151,140,162,145,160,146,145,148,167,143,165,156,158,170,154,136,148,162,151,156,149,161,153,152,159,151,172,140,149,126,138,145,164,165,169,163,158,148,146,147,169,142,156,163,134,149,171,148,149,151,139,156,136,154,134,144,161,160,146,156,150,148,155,137,157,146,157,152,141,135,173,147,151,138,145,137,156,154,154,147,154,171,159,151,145,141,147,137,155,149,156,147,164,133,156,144,166,120,147,156,156,146,157,148,149,151,143,126,157,151,134,149,160,149,160,146,161,136,146,140,145,130,162,144,156,150,141,156,162,147,144,148,145,151,157,145,148,165,160,135,151,138,161,137,158,160,150,155,145,155,161,164,137,132,152,153,165,140,163,144,160,137,154,150,154,158,157,146,166,137,162,138,129,167,147,151,144,161,133,134,163,130,145,142,153,150,159,163,151,142,151,144,141,158,149,149,151,135,154,158,161,139,144,165,146,156,140,148,148,163,147,161,147,133,155,143,150,143,138,140,147,136,144,129,144,141,135,143,141,142,145,136,162,158,147,130,131,152,155,138,155,143,152,150,148,162,143,156,151,165,152,143,153,149,151,154,153,150,161,161,145,149,146,152,138,145,144,180,156,177,159,166,160,153,147,157,152,151,146,139,143,150,160,141,140,128,150,154,153,170,154,160,152,168,170,170,171,148,155,152,132,161,138,151,135,157,159,159,138,166,156,154,152,159,147,130,141,135,129,149,126,151,146,156,158,164,151,165,137,150,144,156,146,150,162,133,159,144,155,142,130,162,155,155,143,164,139,136,163,144,156,148,162,139,151,154,177,144,141,151,143,148,148,131,160,152,148,162,135,147,141,141,145,152,151,143,166,136,153,148,153,149,147,137,146,156,151,137,149,144,154,155,137,143,137,142,153,159,156,156,160,139,136,149,167,145,168,167,153,145,154,151,153,137,145,158,163,151,152,149,144,144,146,124,129,151,135,147,158,172,161,148,130,150,136,171,153,151,131,148,150,134,150,153,144,154,121,135,143,139,161,152,142,139,145,159,161,157,155,151,142,161,155,152,132,163,159,136,155,139,149,160,165,159,139,158,156,149,128,153,156,162,144,154,129,145,147,156,161,151,154,143,153,158,166,151,149,150,142,146,138,169,136,147,151,157,146,142,159,141,142,143,149,149,141,148,137,162,152,155,159,161,127,154,146,170,127,160,146,140,146,139,150,143,151,134,151,172,143,150,149,136,149,132,168,137,162,132,158,142,149,154,155,127,135,157,155,156,168,139,154,148,139,154,178,162,135,148,147,136,127,157,168,145,162,153,157,165,139,145,156,133,141,145,152,158,146,149,147,140,154,165,144,159,156,153,158,156,136,147,150,159,148,132,127,155,144,150,148,156,152,150,160,158,160,156,148,142,142,151,165,157,129,152,143,162,149,142,150,170,135,150,146,154,153,148,153,157,155,158,144,147,154,151,160,155,155,163,141,164,144,141,170,140,122,169,152,132,144,151,148,147,151,151,151,146,140,141,143,150,149,139,178,158,156,145,137,150,138,132,144,161,148,132,139,147,160,139,167,150,149,156,153,159,164,136,172,139,148,152,161,162,146,154,133,134,158,148,143,146,152,146,138,150,155,154,159,161,132,166,160,127,155,147,145,143,152,139,147,129,145,146,139,140,158,171,159,154,149,145,150,153,156,144,151,138,146,144,148,162,152,149,150,153,157,141,135,148,171,152,136,155,146,148,148,154,139,149,150,156,142,148,150,149,134,139,157,142,153,135,166,142,138,152,168,136,149,141,177,168,142,156,144,143,144,146,145,143,149,135,159,153,151,161,143,151,143,150,150,158,137,155,142,145,153,146,132,150,172,141,139,133,143,143,161,148,161,151,156,166,153,149,154,139,161,153,152,137,147,160,157,135,147,164,137,169,146,161,156,148,162,152,146,148,153,172,158,143,133,152,161,150,145,161,146,148,144,152,148,139,149,154,156,170,145,163,155,148,150,143,157,132,138,157,151,143,157,145,166,149,140,167,144,176,168,157,139,145,156,141,150,140,140,153,160,133,144,150,139,149,157,150,152,151,125,135,130,154,140,159,151,153,156,150,144,170,135,152,152,150,160,167,148,159,141,145,159,130,158,163,167,148,164,132,141,148,147,139,144,131,134,148,150,149,144,167,146,162,158,149,141,157,134,153,155,177,140,167,144,154,144,165,169,137,159,136,158,153,148,150,158,153,166,144,140,158,132,154,159,143,146,161,173,152,164,135,149,141,144,156,147,150,157,149,147,150,165,145,144,152,135,146,149,152,145,144,146,144,155,141,150,143,146,161,147,155,132,159,153,143,148,147,152,154,145,148,148,136,150,139,160,152,145,143,146,150,146,156,153,166,145,161,163,146,147,149,146,143,156,152,139,140,132,150,141,155,162,138,140,165,137,160,163,145,149,153,139,176,152,157,139,153,145,155,183,149,173,134,169,158,159,142,159,158,138,155,152,143,165,125,147,153,163,146,152,150,145,134,155,147,151,153,148,149,145,155,163,141,140,154,154,146,164,159,143,142,152,153,158,130,159,163,139,162,139,143,144,141,133,150,132,145,155,147,159,145,153,146,143,132,142,147,156,134,147,149,168,173,143,150,151,165,163,152,125,152,130,162,149,150,145,146,156,159,152,152,148,146,149,147,144,142,175,151,148,167,166,142,134,133,152,143,140,154,144,148,143,154,145,155,150,148,143,145,147,147,154,127,166,164,152,143,157,147,146,152,131,145,162,156,144,153,149,152,148,161,160,155,147,141,147,142,128,154,158,153,151,158,160,149,144,149,154,157,148,165,151,162,162,139,145,148,158,144,157,116,145,149,151,155,143,148,156,157,138,168,144,140,154,148,154,147,150,152,164,151,155,148,130,138,151,173,137,150,149,153,157,149,155,158,135,159,129,156,148,157,168,140,149,128,142,139,150,135,139,152,161,146,153,163,170,161,147,129,147,149,157,134,171,173,132,145,145,146,142,166,153,148,160,154,146,162,156,156,131,143,141,149,135,137,144,148,152,169,144,160,122,152,153,152,145,148,145,150,137,151,147,127,161,153,136,144,133,142,144,142,140,133,147,155,146,142,159,163,152,158,155,149,123,158,142,147,158,164,145,149,161,147,138,160,148,146,168,120,148,147,147,152,159,143,139,157,150,145,168,157,145,167,125,156,159,144,159,152,166,171,148,157,136,154,154,143,163,153,159,149,161,154,140,145,148,147,121,144,135,145,133,130,136,152,150,157,152,148,146,156,154,145,142,153,154,168,141,154,143,136,157,152,143,155,154,159,155,147,152,142,163,150,169,158,137,152,163,162,158,154,156,147,143,139,139,143,142,154,140,152,164,163,142,143,147,150,153,147,157,146,157,148,158,142,130,144,150,157,164,146,143,142,142,150,132,146,131,152,151,144,146,149,138,162,142,152,160,155,141,144,155,163,147,143,161,134,137,163,150,162,135,171,152,140,153,127,143,144,158,145,138,129,146,155,146,153,147,141,152,167,171,153,161,155,147,137,142,155,172,160,143,139,164,148,134,131,171,133,140,142,167,146,153,150,155,149,146,143,152,162,147,154,158,149,143,167,130,155,148,153,172,155,163,150,153,141,157,148,156,160,155,154,156,134,158,163,151,151,159,142,147,148,146,156,148,151,159,146,140,146,165,133,153,146,143,168,144,139,161,130,147,137,156,148,150,161,153,136,146,154,133,136,144,169,161,148,137,143,157,171,144,150,151,136,148,153,157,160,151,148,152,147,151,162,145,158,160,160,149,154,153,135,138,146,152,133,154,170,141,146,143,176,149,150,141,155,135,157,144,155,143,143,139,152,155,156,139,157,121,152,143,141,166,141,153,138,153,134,129,153,155,149,146,160,157,167,156,157,134,162,159,159,152,144,137,155,137,168,169,138,136,155,145,136,156,148,154,134,166,157,165,158,148,152,139,161,137,151,142,157,146,149,138,175,141,146,121,157,138,163,142,169,149,134,146,147,147,142,156,155,166,127,132,152,146,158,140,144,153,160,148,145,154,154,135,163,158,154,151,156,139,142,164,128,150,152,154,170,131,156,137,148,168,134,149,150,127,152,160,157,143,159,138,137,172,133,132,164,158,163,154,153,141,157,128,151,145,143,144,154,162,140,159,143,157,153,140,152,156,143,155,129,137,153,159,149,140,144,138,153,149,142,138,163,140,141,150,155,137,139,163,149,148,157,150,145,145,142,162,147,160,146,157,143,140,164,169,147,142,149,153,139,143,152,162,156,142,161,142,149,138,142,127,157,145,141,151,144,159,138,148,150,155,140,155,143,151,146,160,138,145,164,148,146,162,169,156,153,142,137,138,157,149,140,140,142,146,139,143,167,141,157,155,151,138,136,152,158,147,149,154,149,141,170,148,135,144,147,143,148,151,147,150,161,154,158,148,146,154,145,167,148,147,145,146,156,163,156,147,136,145,139,146,138,140,158,156,140,175,150,156,143,141,168,142,162,144,145,139,146,147,151,138,136,160,132,167,141,145,145,145,165,167,123,131,151,144,150,151,154,169,160,145,159,144,154,156,152,143,137,153,153,152,143,157,161,149,152,150,131,130,149,151,134,152,142,152,164,157,140,142,157,152,135,146,165,165,138,140,134,149,145,144,150,156,150,154,133,142,161,146,151,154,125,174,141,146,152,143,155,149,144,149,161,134,153,150,135,153,161,135,169,143,164,150,151,137,153,163,162,145,144,149,138,158,164,149,166,145,133,154,138,145,148,143,127,159,157,149,159,155,143,149,155,156,154,155,151,134,140,133,165,134,165,152,160,133,151,156,142,141,136,153,140,136,137,158,142,141,149,142,155,165,140,144,154,156,137,150,157,138,156,160,145,138,160,164,131,163,132,148,146,156,161,170,160,146,145,149,138,174,144,145,149,141,151,133,168,131,143,131,150,158,125,142,122,155,137,146,160,159,130,128,159,150,146,143,152,138,152,165,152,147,147,160,152,149,137,150,138,152,157,143,157,133,161,140,160,153,158,161,156,129,147,167,155,151,140,152,145,172,140,145,137,149,159,136,165,137,131,152,160,150
154,139,170,159,151,149,148,145,146,122,157,150,150,148,148,159,156,139,154,139,161,159,157,145,138,142,146,149,133,144,165,145,160,151,143,163,166,156,150,146,138,135,159,145,165,124,155,146,170,149,136,154,153,135,145,161,160,147,136,141,154,143,131,156,155,149,145,146,158,146,136,157,127,148,134,136,156,143,149,170,136,151,145,158,165,158,146,158,136,147,159,153,148,147,156,140,139,147,149,139,144,158,143,135,143,125,156,143,149,127,144,139,156,144,159,136,142,146,165,157,148,139,171,182,151,109,121,145,157,151,154,136,138,156,155,131,137,169,144,164,143,151,146,142,166,159,135,145,144,146,153,157,133,167,158,148,157,148,123,142,145,152,143,171,142,165,149,164,162,147,142,148,148,157,153,154,150,143,163,152,140,139,150,157,134,147,142,138,142,151,166,151,153,156,129,150,160,152,163,143,139,144,158,147,153,150,138,147,145,134,148,150,152,161,156,146,142,147,153,160,145,162,147,151,137,136,164,161,153,140,149,154,140,148,146,147,125,158,158,163,155,149,144,152,143,146,133,160,125,151,143,159,150,149,158,150,150,150,164,149,167,158,171,151,151,119,163,146,138,130,154,158,145,163,144,166,143,148,136,147,151,137,137,153,162,154,159,136,151,156,146,132,149,137,126,143,150,153,165,151,154,165,142,154,144,150,152,142,149,144,140,144,160,149,146,167,152,156,158,149,166,153,160,148,144,152,158,138,167,149,145,131,145,161,169,148,137,138,145,152,139,159,137,151,152,149,137,153,154,165,145,151,136,154,148,152,153,160,150,155,149,140,150,151,165,168,139,146,149,149,145,136,158,145,137,165,165,131,137,145,173,153,171,141,133,149,157,139,156,149,140,165,143,156,164,149,149,143,150,149,141,148,153,147,135,138,161,143,146,154,159,150,162,150,152,142,144,157,153,150,166,150,137,141,133,146,150,151,151,162,169,144,145,138,167,149,157,143,154,157,146,156,155,162,143,138,148,139,166,155,141,156,147,149,147,138,133,141,147,147,133,153,173,148,158,151,148,141,149,147,141,148,152,136,155,152,137,139,143,141,135,157,159,147,130,150,146,166,160,135,144,147,140,146,167,174,147,149,152,144,173,151,139,153,171,159,158,164,152,140,160,169,169,156,156,151,160,155,151,161,142,140,147,161,149,184,142,136,136,145,141,142,140,169,146,135,157,143,152,146,165,138,174,166,155,158,157,163,163,146,139,154,159,150,123,160,163,160,147,163,148,132,153,140,125,147,147,152,146,148,165,153,139,141,152,145,154,157,147,146,139,140,149,157,153,156,136,148,144,162,146,147,164,159,124,152,150,137,160,158,153,146,158,150,140,128,166,164,143,153,121,165,150,158,145,148,162,148,129,152,136,153,138,159,163,160,150,126,141,162,125,134,143,142,175,140,140,142,138,133,149,150,161,151,142,139,137,152,145,138,144,166,168,167,132,150,139,142,151,130,170,142,157,145,145,143,165,146,154,158,155,140,150,149,135,145,146,171,151,139,168,158,129,141,154,155,150,164,146,146,161,139,152,148,138,148,148,142,137,139,141,156,151,132,168,157,162,153,145,149,134,143,157,161,134,162,150,148,149,144,156,152,157,150,146,154,147,146,163,148,144,150,155,145,170,165,162,157,143,171,131,135,155,159,152,158,145,145,149,158,146,130,158,161,153,163,137,137,159,156,160,157,165,141,146,155,168,152,156,150,132,146,148,150,149,165,167,155,147,174,165,161,127,153,167,161,137,172,139,178,145,163,156,153,142,164,137,166,155,152,132,148,140,178,142,149,137,149,148,143,143,155,142,146,147,160,154,156,161,125,145,156,164,133,155,137,149,151,138,138,142,157,158,170,174,135,166,165,147,165,164,144,156,151,145,161,147,138,155,141,159,124,146,130,150,140,151,149,150,170,144,156,147,160,164,128,140,145,155,152,148,150,139,159,142,146,140,147,161,145,136,145,167,135,142,152,134,154,167,123,158,157,143,133,167,142,140,179,144,144,166,150,160,135,157,128,137,153,138,156,155,135,151,154,142,143,149,152,155,124,154,158,162,140,157,149,154,155,165,130,148,154,142,154,150,134,137,138,163,148,166,150,163,140,132,154,156,153,155,162,141,149,129,130,137,144,140,153,173,147,170,144,141,160,127,141,139,165,169,137,129,145,154,159,145,145,165,163,155,159,142,159,150,157,154,164,163,142,123,148,158,157,142,162,158,135,131,172,142,149,138,137,148,132,169,133,156,140,152,156,160,137,168,156,161,160,148,156,145,161,165,158,148,133,166,152,156,147,143,138,145,168,137,145,141,138,141,129,154,151,140,135,154,145,148,156,154,161,147,169,148,149,155,157,143,143,150,153,152,148,159,155,147,157,145,137,139,149,150,163,150,146,162,158,134,157,140,134,158,156,144,180,170,148,143,162,138,142,159,163,150,150,154,137,156,136,152,147,136,143,153,158,149,136,138,151,151,146,157,140,155,162,168,167,146,149,163,153,167,136,139,144,149,157,139,155,132,146,148,151,162,138,167,142,141,155,148,119,146,154,149,141,142,140,156,141,170,144,157,133,150,153,139,144,143,147,137,155,171,142,145,164,154,158,149,163,168,153,133,162,166,140,151,132,154,158,156,154,144,155,153,161,150,143,158,150,149,159,145,154,171,160,145,142,162,156,162,147,142,134,156,147,149,146,155,140,148,149,139,142,165,149,159,144,131,162,161,149,145,156,143,146,171,161,140,140,166,158,156,129,158,128,151,157,146,167,157,153,142,142,155,144,157,129,151,148,145,142,161,148,166,151,156,153,127,158,158,153,159,160,167,144,154,146,159,140,145,136,153,126,161,137,148,152,142,171,163,135,157,178,160,167,161,160,167,135,141,164,147,161,153,144,156,151,148,145,141,144,157,131,138,155,133,139,134,149,158,135,140,150,142,153,140,178,130,159,158,155,154,156,143,153,138,151,133,149,146,149,143,147,157,143,142,154,135,154,150,161,163,147,147,141,145,161,142,139,133,157,138,146,152,143,161,159,155,150,151,150,147,141,151,144,130,141,155,147,145,149,132,140,167,140,139,146,146,137,155,159,151,138,129,156,153,145,165,140,162,146,136,145,128,130,138,154,146,134,150,146,158,127,138,148,151,152,166,148,153,136,159,161,146,147,148,156,156,160,139,142,144,152,154,148,149,152,151,166,139,144,160,164,143,148,137,168,154,137,158,162,145,148,164,137,157,146,149,170,144,139,138,140,147,132,171,141,147,165,136,150,145,152,137,149,169,137,134,160,160,154,146,138,147,148,149,154,154,145,137,156,136,168,138,134,147,140,140,168,144,153,159,143,133,140,157,150,145,154,137,147,145,134,146,155,141,161,146,147,155,145,146,128,145,154,142,168,152,134,144,154,157,153,129,139,146,159,145,143,135,140,146,149,138,138,146,149,123,152,148,146,155,150,159,156,155,148,170,153,152,154,148,136,140,144,137,152,164,166,155,149,141,147,147,151,147,152,148,146,130,148,141,142,146,162,140,153,162,158,154,151,157,152,154,159,142,145,162,166,146,139,156,131,154,140,152,148,157,164,130,144,168,153,147,158,147,153,133,173,138,137,144,158,144,148,150,145,154,146,150,160,150,144,163,138,161,144,148,145,170,161,154,150,162,137,155,125,147,119,148,153,155,136,157,152,153,149,144,148,162,158,133,152,152,145,137,156,165,147,152,158,145,167,160,167,163,158,141,147,142,160,150,147,156,141,147,150,154,147,155,149,145,146,133,149,146,129,151,140,152,144,148,154,147,153,134,132,166,165,131,150,142,156,128,163,149,152,159,153,146,152,146,147,148,127,144,150,166,159,150,142,138,161,140,144,142,145,153,136,146,153,166,133,170,158,159,148,163,166,133,142,142,151,158,169,147,140,132,172,159,138,148,135,136,155,168,164,146,133,136,149,146,157,145,168,158,144,133,148,160,164,169,141,165,153,148,138,139,170,150,157,139,148,156,152,169,138,147,154,147,146,163,151,145,171,138,165,129,142,150,148,160,135,159,143,175,150,152,154,138,152,147,150,157,160,145,127,161,145,160,150,148,150,144,143,167,134,146,154,146,125,158,148,137,159,145,159,136,154,154,166,147,135,168,161,136,149,155,133,158,147,136,140,146,166,152,159,149,171,156,147,167,133,150,158,155,152,153,147,123,144,150,147,169,158,163,154,140,152,162,140,151,143,146,156,156,150,139,165,164,157,145,149,139,144,144,179,151,133,150,155,153,125,159,155,142,152,138,150,146,158,148,163,145,147,160,149,149,149,154,148,159,136,170,140,144,161,140,135,136,156,143,136,137,166,154,150,157,147,145,145,150,169,149,150,165,152,146,150,156,162,146,158,151,163,141,154,171,155,148,148,124,131,149,154,144,151,146,154,131,151,144,139,159,153,134,157,154,140,150,156,148,150,148,148,146,139,151,145,155,148,140,134,155,165,142,160,156,158,134,142,142,153,135,137,155,154,159,139,154,160,157,148,122,155,162,139,163,161,168,152,160,161,155,167,147,128,139,142,151,148,156,163,166,138,153,136,155,161,154,149,138,152,149,146,164,158,156,145,159,141,145,150,136,144,159,154,152,149,146,144,154,142,153,145,143,156,145,163,143,169,150,151,160,132,149,142,143,142,160,147,146,143,142,141,141,125,147,169,156,160,154,141,140,152,147,164,162,162,149,148,154,162,140,138,152,161,164,136,147,143,152,138,151,151,155,154,151,145,170,143,152,161,156,137,140,153,173,157,155,158,156,152,144,132,152,145,155,147,126,145,157,166,142,135,139,164,140,140,140,164,139,161,142,149,140,147,148,160,147,139,164,127,133,160,132,131,137,158,154,157,151,131,143,164,163,142,138,134,152,169,140,140,156,158,162,149,158,142,140,147,144,154,148,142,148,137,149,160,164,155,150,151,144,161,144,162,140,143,144,155,155,147,156,146,146,156,160,148,167,141,152,164,168,150,137,139,140,150,177,157,156,144,166,137,151,160,153,149,136,142,138,136,156,164,151,160,145,137,150,142,169,143,140,145,142,148,141,170,157,150,129,147,151,140,149,165,146,144,153,141,147,148,134,138,144,171,147,152,152,138,149,138,142,152,153,153,160,145,161,161,142,160,162,154,147,156,159,143,147,160,146,128,145,157,152,146,160,170,153,132,149,142,144,137,149,159,174,152,130,157,154,135,142,162,142,155,120,146,142,152,166,155,168,152,160,138,156,154,156,151,161,145,161,136,140,150,132,160,160,155,144,153,143,150,151,139,147,150,144,157,147,143,153,149,137,140,144,155,135,143,155,140,124,168,146,132,125,155,139,136,136,183,162,152,150,145,152,156,151,164,152,148,142,141,154,154,139,161,158,142,154,137,162,135,153,157,158,151,132,151,141,149,163,136,143,140,132,150,150,154,149,143,152,136,139,142,155,157,146,151,159,156,169,141,124,151,160,161,148,135,171,140,157,154,143,163,128,134,165,161,143,160,141,132,144,161,165,141,153,149,147,160,146,170,143,134,145,151,148,140,151,147,158,148,135,147,147,134,177,160,154,165,171,147,146,146,133,138,148,149,145,151,153,140,163,131,154,155,166,154,143,148,136,151,171,148,149,173,147,145,141,152,153,182,149,144,143,148,154,162,150,159,142,147,135,145,129,145,154,146,138,140,151,153,135,144,143,162,131,144,150,167,149,150,156,141,148,145,152,164,142,143,163,150,136,148,147,151,140,147,167,148,143,136,146,151,160,158,126,154,137,152,160,136,151,151,144,157,129,153,142,132,138,127,166,154,142,156,164,162,153,131,166,164,147,140,163,145,147,126,135,164,141,147,155,170,148,142,132,140,159,143,155,152,133,149,136,157,155,132,144,152,160,133,156,159,146,168,157,159,154,151,149,154,167,151,147,158,146,150,166,138,137,142,163,141,152,165,162,152,144,144,153,150,144,146,152,136,150,150,160,163,146,141,150,147,162,153,147,165,142,152,160,151,137,160,150,138,163,154,145,148,152,163,147,133,159,172,160,169,142,145,159,144,139,134,150,149,133,135,168,156,156,162,147,135,167,124,139,156,155,151,153,128,150,161,135,158,162,147,155,152,146,153,151,153,133,137,149,162,167,157,152,151,149,151,155,142,154,136,148,150,150,143,147,152,157,152,158,131,143,151,161,143,153,134,167,137,144,165,149,154,167,172,161,178,144,143,161,130,150,162,147,150,143,133,148,164,145,156,156,144,151,147,151,164,155,148,141,164,137,145,156,160,151,134,142,162,149,145,133,132,156,152,140,158,142,136,139,152,143,154,134,143,165,139,157,146,144,162,150,143,145,142,163,150,152,140,170,139,144,158,147,149,162,149,131,138,161,165,147,143,161,154,166,145,139,126,157,142,146,164,152,170,158,145,148,160,140,156,145,156,160,154,142,150,152,159,149,146,156,145,152,158,172,139,174,150,142,146,154,168,135,132,151,156,152,150,157,152,140,142,131,150,162,143,135,152,148,151,156,167,140,131,144,154,152,142,154,140,150,140,161,157,155,140,163,144,161,144,143,149,149,141,157,149,161,147,139,147,146,147,158,151,165,141,162,145,135,146,156,149,152,143,143,153,139,140,154,144,170,147,135,163,132,141,143,154,135,136,144,135,162,149,143,140,136,168,148,167,139,158,150,160,135,145,144,138,147,137,133,132,160,157,137,152,146,153,120,141,148,152,138,166,142,161,147,143,131,136,144,154,141,151,149,135,151,160,150,150,132,137,158,137,154,143,153,142,166,143,159,151,143,164,166,151,137,162,151,151,156,143,151,151,144,158,153,125,151,163,139,165,141,140,154,133,150,145,138,149,149,132,158,135,150,144,163,151,144,142,159,134,151,169,134,159,138,147,140,151,153,132,141,166,155,154,147,145,138,159,153,158,164,147,151,168,139,151,148,151,152,145,134,140,144,126,166,134,160,156,143,143,145,138,157,141,164,161,167,138,150,133,160,152,146,147,166,130,145,158,160,127,159,158,157,145,145,158,147,152,151,137,174,141,152,142,166,138,151,136,145,143,161,139,141,140,151,140,171,143,159,158,139,161,146,155,154,155,153,148,127,146,148,156,146,144,149,161,132,135,158,130,150,156,147,175,156,154,169,128,150,145,143,162,142,152,148,159,140,149,150,139,153,144,145,158,150,152,162,150,159,150,150,131,140,164,149,157,159,173,143,156,153,143,145,147,134,166,151,142,147,148,155,160,148,143,151,169,163,158,155,167,156,155,135,171,136,161,142,151,152,157,172,152,152,153,158,139,151,152,121,154,152,157,137,152,150,138,155,150,145,154,152,145,138,155,151,144,163,148,159,131,162,164,161,137,134,165,123,157,145,161,159,167,161,143,161,143,145,147,139,156,158,158,155,158,159,142,141,158,154,144,154,163,156,145,164,152,161,144,127,149,163,153,163,151,157,155,152,153,144,148,135,158,148,147,141,165,160,151,150,158,141,154,151,159,159,153,161,173,137,171,151,163,134,159,130,165,148,155,163,150,151,162,135,156,135,176,143,144,159,162,150,140,149,135,158,171,136,149,154,159,160,162,168,148,157,130,147,147,157,160,147,144,141,152,144,157,146,153,162,139,140,138,160,129,151,149,128,151,155,146,143,156,146,162,157,156,138,150,152,145,154,159,140,157,153,146,163,152,158,154,152,163,145,173,156,143,143,140,141,156,146,154,148,138,137,153,143,154,160,149,143,167,139,139,128,155,168,144,150,145,141,134,153,143,142,134,136,147,150,165,161,146,140,135,130,148,159,154,144,147,153,143,159,129,151,146,153,134,146,141,140,143,128,142,143,163,150,159,160,145,143,139,139,139,137,149,153,148,147,151,147,178,161,158,160,155,128,159,147,149,144,139,154,163,144,155,151,158,144,164,136,153,143,157,148,133,134,162,144,152,148,164,135,134,153,149,156,155,162,146,176,164,150,146,159,161,168,139,144,137,142,127,147,149,164,152,147,135,135,143,137,151,154,154,162,153,143,166,156,156,148,157,136,135,140,132,135,148,159,166,140,166,147,154,148,169,149,125,136,151,149,145,154,144,156,147,151,153,160,157,143,168,144,131,140,139,139,131,159,149,156,141,145,141,157,153,138,160,148,151,157,134,149,154,149,138,153,157,137,146,161,158,177,160,158,165,143,157,150,146,136,129,159,153,164,143,151,150,136,151,134,146,155,140,137,142,160,143,144,153,137,139,152,132,149,144,138,149,154,149,166,153,154,142,167,155,146,146,137,149,162,146,135,164,168,140,148,146,156,172,144,174,163,160,153,165,159,147,153,148,147,148,150,138,154,159,135,161,137,153,158,156,159,153,158,153,134,146,147,147,139,147,158,137,149,158,155,147,166,153,167,154,147,164,163,133,157,145,145,135,147,156,151,155,167,162,167,157,163,143,152,156,144,144,137,141,148,151,147,149,151,152,162,143,152,150,161,135,143,141,145,151,136,160,154,143,160,145,161,144,155,155,155,152,155,138,144,147,143,139,144,144,151,164,149,153,140,131,147,150,148,136,153,157,157,156,154,162,151,141,152,149,129,148,148,137,146,137,149,144,153,128,161,159,162,143,156,139,130,156,154,158,137,161,164,149,141,163,141,142,162,165,159,145,168,155,141,152,168,154,159,147,147,151,142,159,155,147,150,139,140,155,135,156,167,150,146,160,136,158,168,138,133,140,140,138,160,144,135,173,161,168,129,138,171,174,174,159,146,140,144,147,152,142,124,166,146,153,139,130,141,168,149,138,150,141,158,140,152,151,137,150,140,145,147,143,131,148,160,153,140,139,156,149,151,136,162,154,132,154,142,137,144,162,148,153,158,140,171,136,144,142,134,171,159,150,132,146,155,149,140,134,138,156,160,143,147,140,139,153,163,145,141,133,146,154,156,168,149,154,155,143,145,164,138,161,129,146,136,153,155,147,145,157,156,139,138,139,148,149,150,148,151,152,160,140,125,158,140,146,137,139,144,142,139,143,150,154,160,161,142,135,150,151,137,156,124,155,148,162,160,142,134,154,160,159,158,136,143,169,126,150,139,147,159,153,168,144,150,156,153,147,147,152,160,152,144,151,141,149,139,156,149,157,142,148,149,149,175,150,154,156,141,164,156,133,142,135,152,135,152,150,144,167,154,128,158,140,134,150,161,138,168,172,145,169,154,151,162,157,160,156,156,154,141,148,148,142,120,170,153,142,142,147,144,170,156,147,160,157,151,141,166,133,151,144,167,145,137,176,161,153,127,133,139,165,141,161,161,134,156,154,148,149,149,162,136,157,152,130,159,133,138,146,146,149,142,151,158,158,150,173,138,133,166,143,155,157,155,140,133,161,169,146,144,141,160,147,146,156,171,161,171,162,157,133,151,142,152,144,149,158,161,143,172,138,153,143,140,160,162,159,119,151,166,140,141,126,135,138,144,134,153,142,149,139,163,153,155,150,147,151,162,145,158,157,150,152,135,150,127,142,144,129,160,146,146,149,167,136,174,145,168,167,153,152,158,144,158,165,149,139,170,140,143,148,164,144,148,157,162,164,162,147,158,144,157,138,142,143,154,155,155,155,136,146,144,145,142,152,143,153,168,165,128,153,147,154,177,147,133,139,155,147,146,142,167,155,149,138,152,147,147,151,144,141,154,148,141,157,134,152,148,146,143,139,150,158,144,156,171,145,157,150,146,136,159,155,149,165,152,150,151,143,166,149,152,137,149,167,147,148,135,144,132,153,175,139,146,135,170,153,159,151,163,142,137,147,151,165,148,140,156,155,143,155,162,138,161,143,159,139,151,150,151,158,136,150,157,154,154,134,150,146,141,143,147,165,141,161,138,145,160,139,126,154,167,162,148,153,155,174,145,145,142,135,168,154,165,130,138,155,152,148,159,143,153,144,140,152,135,159,140,155,153,165,138,140,142,152,148,153,151,144,165,159,143,150,146,155,164,150,148,140,151,153,167,155,154,156,162,131,146,133,150,154,161,158,150,166,147,149,158,156,139,149,152,145,153,137,153,139,147,156,151,164,163,167,162,161,152,130,152,176,150,150,148,166,150,136,141,148,145,138,166,161,132,155,158,143,160,148,150,165,151,147,166,141,146,150,142,169,154,138,168,143,148,147,137,161,147,170,149,166,137,149,147,148,133,160,153,153,149,149,137,147,144,144,147,138,165,155,170,156,146,149,150,162,155,153,145,156,146,146,163,142,149,147,152,168,152,153,128,135,157,145,152,159,161,159,146,143,156,153,149,159,143,165,143,149,159,155,149,170,140,154,142,144,157,172,148,170,158,144,137,155,140,140,139,135,164,144,168,151,142,158,154,165,158,141,132,149,115,148,158,166,152,166,143,159,156,176,145,140,155,155,151,166,137,159,152,154,161,139,155,147,132,154,159,137,137,159,165,180,137,136,137,152,142,142,139,125,157,154,143,152,164,140,148,141,145,137,161,145,147,149,165,169,171,155,157,160,155,160,157,150,162,150,141,146,149,146,145,145,152,142,149,132,150,148,151,146,162,152,140,146,144,136,150,142,144,152,152,153,158,147,154,145,158,132,147,147,144,169,163,132,148,141,148,139,165,158,161,150,146,129,159,156,157,155,158,153,139,163,138,171,141,152,161,135,139,145,139,172,140,155,148,148,151,151,155,151,163,149,159,157,161,160,129,171,153,163,148,150,161,137,148,150,143,146,165,161,142,128,157,136,163,142,127,160,153,149,144,156,147,145,137,154,157,140,145,160,143,167,152,154,153,149,127,149,158,162,135,133,166,156,133,144,158,136,141,139,158,149,149,132,144,143,153,136,150,145,171,135,157,151,165,135,146,137,131,154,148,154,136,144,145,131,156,126,147,139,165,136,161,137,162,147,132,162,143,145,140,174,141,149,158,150,141,147,147,164,149,140,167,145,155,167,167,149,136,147,154,136,148,143,149,146,151,131,129,134,146,157,150,146,164,158,156,159,145,146,169,178,165,148,152,147,158,155,148,145,137,164,140,148,146,156,145,163,159,132,131,129,167,142,151,156,147,140,132,147,143,152,147,129,151,141,127,145,159,141,165,155,150,154,156,144,165,153,131,140,158,138,150,167,138,150,138,161,140,145,154,151,161,156,166,146,146,164,155,160,151,163,155,157,170,142,144,155,149,132,136,150,154,152,159,144,139,147,170,145,150,148,148,159,137,144,151,136,127,162,146,159,157,151,156,173,149,146,148,160,131,146,145,150,163,151,150,143,136,143,153,150,144,168,164,165,159,135,158,155,148,143,162,150,159,139,142,147,154,159,144,137,158,166,153,141,161,143,167,136,148,164,144,131,158,147,157,147,152,145,158,136,138,155,160,135,153,136,161,135,167,146,144,137,153,141,144,162,165,141,150,155,157,149,162,147,155,137,164,160,141,144,148,142,164,165,149,158,156,138,156,137,142,154,139,162,138,152,152,164,146,150,141,144,152,150,149,166,155,156,145,157,148,168,148,155,153,152,142,158,147,148,141,150,153,119,155,157,145,141,142,140,155,127,163,140,138,127,142,146,137,150,128,150,140,163,157,146,129,154,135,141,151,144,137,144,157,152,172,154,142,159,155,142,142,149,149,147,147,149,139,150,144,145,159,158,139,156,150,140,154,147,139,155,149,147,150,167,166,146,159,153,180,144,168,144,151,153,130,168,146,166,148,159,142,130,152,150,166,150,134,141,129,143,153,155,158,143,156,150,150,143,156,157,147,165,145,155,130,143,163,147,155,164,144,144,153,154,155,130,179,167,158,160,160,156,154,150,161,134,138,155,160,143,158,161,149,157,167,127,134,147,155,142,154,159,150,162,151,156,172,152,160,146,153,145,147,159,146,160,162,156,149,144,136,146,134,160,155,153,146,144,138,156,155,152,157,139,146,153,150,154,154,147,144,190,133,164,144,148,156,152,151,134,133,145,147,158,149,159,145,128,134,154,149,174,145,150,139,152,155,147,161,164,133,137,152,144,150,148,149,155,152,150,148,150,145,143,141,150,144,142,152,158,142,145,159,157,145,167,153,157,160,158,131,158,143,131,146,172,143,144,145,164,156,160,156,141,161,138,164,141,144,168,154,141,165,156,141,155,137,152,153,153,157,157,161,156,142,125,152,169,143,146,144,143,142,149,161,158,126,156,155,149,152,133,136,143,131,156,151,149,157,164,149,153,144,154,165,162,148,141,159,152,150,157,137,148,154,154,137,138,152,153,147,147,158,139,174,144,178,140,136,130,131,160,142,144,149,164,162,154,137,152,150,163,140,143,147,145,162,159,152,143,143,146,140,147,146,157,143,143,147,149,140,140,129,141,157,164,135,147,141,133,134,159,128,156,157,153,136,148,154,132,135,163,148,138,138,164,150,122,139,160,143,157,154,172,146,140,160,148,149,155,150,157,133,154,156,143,129,157,156,150,158,159,143,146,147,139,141,148,141,136,151,149,157,154,165,143,160,152,159,167,128,157,166,153,135,141,150,141,145,167,145,151,152,135,141,158,132,160,148,138,154,151,153,138,141,161,146,163,129,177,148,150,157,151,158,176,159,155,151,141,155,145,121,148,154,158,144,148,140,149,141,153,155,159,138,155,143,142,140,164,157,151,141,137,166,153,145,138,147,154,159,161,160,145,166,141,156,145,159,175,148,147,150,170,135,142,137,143,145,160,152,169,165,164,148,160,139,141,140,171,157,159,146,140,137,140,157,152,144,138,144,172,153,140,162,140,142,150,148,147,143,154,153,153,149,128,157,175,135,133,138,154,147,159,138,136,140,136,157,138,144,158,142,132,138,138,142,140,143,162,151,145,144,140,139,156,141,146,138,142,142,142,126,126,170,166,150,147,159,150,132,148,154,144,144,152,142,152,179,149,131,148,133,132,142,151,164,146,140,152,147,137,152,145,164,157,152,144,148,139,151,154,134,137,133,146,140,169,154,153,131,148,148,159,152,143,148,142,158,146,137,137,159,129,136,140,158,157,149,145,153,128,140,161,149,158,157,131,139,161,154,143,147,152,155,152,157,158,142,149,161,150,175,147,140,142,149,146,148,137,155,150,152,142,147,158,148,154,153,153,151,147,154,141,155,146,158,155,168,151,135,159,160,152,167,143,144,149,156,145,152,176,148,131,151,169,132,134,141,156,135,154,162,155,156,165,145,146,142,160,152,156,146,166,164,155,151,142,161,153,154,157,158,163,137,155,131,154,164,155,135,142,128,162,137,156,155,165,150,150,139,177,149,146,149,165,156,147,147,136,162,160,139,157,121,151,155,132,183,157,157,141,151,147,136,160,158,151,134,154,161,135,158,168,146,146,153,158,147,153,156,160,163,147,157,182,152,144,158,147,139,149,157,163,152,148,164,147,160,141,140,150,140,159,157,157,137,120,156,136,149,141,148,168,156,135,159,135,154,140,146,156,155,163,162,148,162,142,146,153,149,136,141,148,161,158,151,146,159,153,124,156,132,147,137,128,147,145,159,153,160,146,149,155,166,158,159,161,137,155,155,124,166,159,150,159,135,158,144,161,167,155,133,136,150,170,162,144,149,139,154,167,176,146,141,145,153,146,140,145,147,147,155,161,151,157,142,147,163,148,135,154,139,158,151,157,160,141,152,146,143,135,142,160,147,146,146,145,148,135,156,156,163,145,147,146,159,169,159,154,143,143,136,136,148,163,143,145,162,149,158,162,162,130,171,142,138,160,148,154,141,142,160,148,134,161,139,157,157,146,147,161,150,155,149,133,144,144,169,145,171,148,146,160,144,142,158,162,137,142,139,161,164,142,145,142,152,148,150,159,138,161,163,148,155,150,168,141,132,157,166,143,146,142,146,143,135,152,146,148,142,166,158,144,142,136,152,126,130,153,140,151,133,158,157,149,157,149,127,179,174,150,150,141,152,155,143,136,151,165,140,159,150,162,157,161,142,151,172,155,152,150,161,147,155,152,157,146,144,147,150,144,157,157,174,153,158,165,150,144,141,153,155,146,154,147,153,142,132,159,155,151,149,155,148,161,135,148,152,148,144,162,154,157,139,148,149,138,135,183,161,130,136,154,174,160,146,139,138,137,154,151,151,146,137,145,163,150,169,158,160,142,144,150,152,141,118,156,161,150,152,146,154,145,164,141,168,156,149,154,153,150,134,147,162,132,150,162,150,143,143,147,156,159,148,130,156,138,143,135,134,143,147,146,147,148,165,157,154,130,157,166,147,147,143,168,136,144,177,161,165,140,146,154,133,140,149,168,147,149,146,134,152,141,121,148,154,155,163,143,141,157,143,150,121,138,141,164,159,169,179,151,159,140,163,145,146,154,137,152,145,153,153,147,138,151,160,153,156,164,153,153,143,146,127,144,157,127,156,162,144,136,162,131,131,143,155,134,175,155,152,144,155,161,155,158,130,152,149,160,148,151,135,167,156,166,156,154,154,160,150,148,140,141,147,158,150,156,152,151,154,150,170,158,170,165,145,172,146,152,154,154,137,144,145,148,157,139,139,147,162,162,141,159,132,141,156,152,136,155,132,164,152,175,132,157,145,134,159,161,162,160,153,136,162,142,145,149,144,139,127,139,134,159,136,148,143,136,151,166,143,142,161,168,128,143,154,167,146,159,161,152,159,174,163,152,165,154,152,151,140,142,167,145,155,157,157,156,156,145,142,163,146,162,149,149,139,151,166,136,157,147,154,158,142,153,148,135,157,158,147,161,150,127,148,140,160,153,165,166,163,152,147,138,148,148,140,156,139,165,133,140,155,138,148,153,161,138,131,142,138,155,167,145,138,143,161,152,134,154,149,141,160,136,150,126,157,133,140,137,153,156,147,177,159,149,157,164,165,141,136,160,145,138,159,147,155,148,144,150,159,154,162,130,150,158,166,160,159,149,160,139,143,151,150,142,152,161,155,143,145,128,164,158,137,145,135,161,154,152,170,149,146,131,145,153,154,156,152,158,151,141,152,142,133,143,160,163,132,169,157,157,151,147,155,147,150,146,136,140,131,155,143,151,153,168,154,143,136,140,142,161,148,162,134,144,145,162,158,154,147,149,152,154,163,149,154,152,160,157,160,141,147,139,147,163,153,115,174,154,147,160,152,143,144,143,163,151,143,148,149,149,143,156,141,133,147,128,162,122,143,145,145,151,155,148,162,140,150,154,159,151,158,159,166,149,144,166,157,167,147,146,148,153,142,149,147,150,151,147,149,128,150,138,146,149,141,159,151,153,141,163,152,148,143,157,155,145,140,159,164,151,154,156,129,142,129,126,161,143,140,155,149,150,160,146,169,153,146,145,153,167,154,137,152,154,145,144,142,176,142,141,132,148,152,150,164,139,135,158,145,148,142,145,146,169,138,155,143,159,163,148,173,158,139,141,131,146,142,150,127,151,152,145,164,170,138,155,135,153,155,139,153,143,145,152,149,158,153,162,122,148,155,135,165,137,162,151,146,144,143,139,154,137,147,160,131,152,153,153,149,135,160,149,135,153,125,161,137,143,141,149,147,136,159,147,169,155,150,145,157,147,138,155,161,124,144,141,142,159,143,144,153,148,153,146,156,152,144,150,146,147,148,146,159,174,140,121,144,150,130,143,150,156,130,147,163,135,137,127,154,161,130,170,155,130,147,153,137,156,158,159,151,148,150,158,159,138,165,158,144,182,145,154,153,144,154,158,147,129,152,137,152,146,154,142,154,155,156,149,153,132,139,154,167,164,130,158,143,155,152,158,152,147,150,127,150,165,173,156,134,154,153,148,162,142,142,144,161,151,150,153,156,143,172,152,140,148,132,147,152,160,148,153,143,148,148,153,152,132,149,139,142,165,142,147,149,160,161,134,157,117,140,144,155,152,160,154,157,156,159,148,159,151,140,149,148,140,151,144,161,151,136,154,160,131,153,140,137,170,137,129,155,142,152,154,163,139,148,154,149,122,159,139,162,163,156,133,149,142,134,164,138,149,154,151,153,144,150,165,151,150,140,137,151,156,147,149,152,136,142,147,170,139,141,163,146,149,139,135,149,146,139,150,146,151,116,146,140,155,148,150,139,153,145,157,152,153,147,156,134,150,160,155,149,148,144,148,160,138,165,172,151,149,138,144,146,150,136,125,150,145,151,159,142,155,139,135,164,151,154,159,152,160,147,152,145,142,149,162,151,160,149,163,135,132,160,145,146,149,136,145,151,153,154,155,138,158,156,141,142,139,173,161,147,155,136,150,153,148,142,148,154,164,121,156,165,149,150,144,141,158,163,146,118,145,145,147,145,145,164,150,168,167,152,141,160,144,138,142,153,145,136,149,148,155,139,153,148,140,143,149,149,172,143,162,137,139,151,136,151,150,162,142,161,136,152,142,144,130,158,164,154,142,147,159,150,147,151,158,146,152,133,142,156,160,154,157,133,157,151,144,143,141,136,152,157,164,153,144,142,151,141,165,154,146,157,151,142,144,153,147,132,145,147,145,155,146,148,166,147,136,153,150,166,159,157,128,141,162,130,147,145,144,137,143,146,160,131,160,142,166,167,145,136,154,147,154,153,158,167,148,144,150,135,146,154,159,162,138,155,147,154,154,143,144,146,149,139,154,147,148,144,142,147,144,141,156,134,148,147,141,137,151,162,159,154,136,158,143,160,161,161,163,157,138,147,147,149,174,172,148,147,147,160,148,159,145,151,149,158,156,158,134,140,160,138,159,133,164,142,152,155,158,152,149,157,151,147,155,157,131,141,167,148,142,161,133,140,145,150,167,157,134,162,150,170,158,147,143,138,148,155,155,171,160,149,127,143,160,150,137,145,159,161,143,150,150,154,148,131,152,142,136,154,144,157,154,146,150,154,161,144,136,165,145,151,162,156,149,147,142,153,160,156,147,151,158,146,139,163,157,157,149,142,151,147,152,151,147,152,163,148,153,156,140,136,139,140,152,157,134,163,147,158,150,131,154,151,159,163,136,132,158,139,141,155,142,151,148,141,158,135,144,157,155,160,140,147,139,146,149,145,151,165,157,152,155,152,151,160,155,152,158,154,142,138,146,157,149,156,144,135,158,135,150,151,145,160,146,158,161,160,150,135,132,149,153,143,153,146,144,173,153,152,162,155,138,154,168,141,166,145,148,141,157,158,159,145,143,144,144,155,154,158,155,159,134,152,140,161,146,143,156,140,138,135,148,139,137,152,147,155,143,165,151,143,170,142,159,161,154,143,147,151,143,165,145,154,142,154,158,136,159,139,146,150,154,150,139,154,148,140,142,141,167,146,151,143,150,130,152,135,147,142,170,157,139,139,150,158,155,150,159,154,146,134,141,149,142,153,160,164,172,151,159,141,145,161,158,143,146,151,148,166,148,155,143,145,148,143,145,142,141,148,140,136,178,139,168,165,150,151,149,157,155,157,139,145,157,137,171,169,145,145,142,169,156,146,160,157,145,158,130,133,173,144,169,159,144,141,136,122,151,151,140,178,155,153,172,160,141,143,137,150,151,146,140,159,142,142,137,132,161,148,164,145,129,144,149,158,165,162,153,145,146,143,165,144,150,152,162,159,147,144,154,157,157,145,143,149,142,148,148,135,172,146,133,160,164,150,152,145,168,140,149,156,157,146,158,144,146,147,151,149,148,136,136,164,143,146,158,162,154,170,155,141,145,143,152,138,152,143,147,151,157,153,166,135,142,142,146,150,132,158,139,152,163,149,146,153,145,136,142,133,154,134,158,139,156,158,143,144,137,168,155,158,147,145,151,153,167,141,154,136,156,153,152,162,157,161,147,135,138,152,148,140,129,153,162,153,139,151,144,125,149,156,133,163,171,153,162,153,145,161,139,138,157,149,163,144,132,159,144,153,139,133,151,167,143,153,138,148,150,138,139,149,139,154,147,156,165,135,157,150,156,135,150,125,147,151,139,135,150,170,150,140,132,149,153,135,150,170,134,153,126,174,162,161,166,138,140,113,153,133,163,155,157,142,152,152,173,152,152,140,151,144,157,137,160,142,142,132,155,147,155,151,138,157,151,143,144,154,143,158,144,145,144,146,136,149,152,163,146,133,154,171,162,149,155,144,119,166,145,172,145,159,146,133,157,132,141,147,132,156,150,141,155,135,160,140,156,148,149,154,157,143,163,134,148,148,136,151,148,146,160,130,165,140,143,157,165,155,152,157,150,146,151,161,171,148,126,154,139,142,134,140,170,143,155,175,158,140,156,157,170,166,139,166,153,136,143,142,153,137,145,145,161,129,136,158,152,134,140,168,147,156,160,173,152,139,160,168,150,150,149,145,151,154,136,150,146,159,147,163,164,152,165,141,147,134,151,160,153,161,141,173,141,149,155,155,151,165,128,149,141,140,159,151,148,139,148,150,161,141,149,167,172,163,155,173,163,136,157,137,157,156,129,141,162,149,159,166,160,152,149,150,167,166,132,130,153,139,141,138,151,143,139,150,155,153,132,146,153,173,153,139,153,156,137,159,161,136,149,155,145,149,143,139,136,145,142,145,139,152,147,148,140,161,133,155,173,152,169,138,139,135,157,139,156,142,161,156,137,140,169,131,120,131,152,138,170,153,148,136,142,156,137,170,149,149,145,145,146,157,160,149,145,161,162,152,143,156,163,152,153,158,159,150,164,133,138,153,149,166,145,148,154,143,152,140,152,142,143,149,146,157,155,149,166,153,142,134,148,158,158,148,157,129,155,136,151,168,162,150,138,143,147,146,134,152,148,144,157,140,134,152,161,133,157,152,163,146,130,152,158,148,153,156,145,161,139,158,167,156,156,147,147,146,157,136,151,151,165,158,156,150,150,155,156,136,143,140,146,137,149,151,137,169,171,152,147,137,150,152,143,136,162,141,137,154,153,142,131,149,153,151,145,143,157,122,139,138,159,154,151,125,146,143,139,142,153,151,138,156,123,179,123,153,138,146,146,152,141,150,153,143,130,150,151,151,143,151,129,137,147,159,132,156,140,142,170,146,147,141,137,140,141,147,125,137,131,167,167,141,144,155,139,141,161,134,160,142,147,145,148,164,150,162,133,151,150,156,146,168,164,156,142,140,152,126,158,153,146,150,153,156,163,159,149,161,131,146,146,146,162,161,151,157,130,138,141,155,130,163,158,142,152,161,161,153,154,133,152,159,152,137,161,177,140,149,163,164,135,154,140,150,159,143,148,138,153,151,140,168,152,154,149,155,152,141,132,168,157,164,155,153,148,147,159,147,148,127,145,153,145,147,160,163,156,151,167,145,150,129,151,151,153,133,146,141,149,163,171,141,149,145,149,167,166,150,150,139,126,159,139,138,132,143,118,166,151,183,155,160,144,151,168,158,162,164,141,147,134,160,125,151,151,164,152,135,141,136,166,162,160,150,147,150,153,152,156,132,139,147,145,152,146,141,159,142,159,157,143,131,157,135,151,150,138,146,155,142,145,161,139,158,162,158,152,152,158,153,150,160,155,168,156,165,146,148,147,138,146,154,132,166,168,163,154,148,146,141,154,153,154,158,159,161,152,134,173,153,144,144,158,147,146,135,163,154,152,150,166,153,138,145,145,161,150,138,149,148,147,158,142,142,158,152,149,145,143,169,155,140,161,153,133,153,148,161,138,157,152,144,142,141,150,139,166,152,144,160,152,148,165,133,133,157,147,161,131,152,153,165,152,152,158,130,172,163,145,145,158,156,158,158,155,154,159,134,161,153,143,126,150,149,153,146,169,138,152,141,139,146,142,137,160,142,147,138,153,138,138,156,153,143,142,136,142,135,140,136,149,172,153,161,146,158,138,164,141,157,143,124,149,153,157,135,156,134,146,142,148,160,152,124,145,142,148,164,148,152,148,148,149,160,155,152,151,144,155,137,160,131,160,135,122,145,144,161,146,168,150,143,155,146,143,154,152,151,154,162,152,158,168,143,172,153,145,177,155,139,156,153,156,161,155,151,149,157,137,147,163,151,180,163,152,137,149,153,154,151,152,146,157,145,145,153,138,175,151,156,127,138,131,154,158,158,148,150,162,155,155,137,158,175,151,135,146,156,138,153,161,162,149,166,149,161,148,149,147,155,145,164,163,163,152,151,163,160,160,160,167,159,138,148,165,155,142,163,142,160,145,136,157,145,130,149,164,133,163,151,133,146,131,154,147,157,160,156,149,132,138,141,139,138,161,143,155,149,160,139,160,146,151,143,147,150,174,146,143,174,154,150,157,160,151,151,149,148,163,154,165,151,160,137,162,144,143,132,157,147,156,150,159,162,155,166,168,132,161,143,147,143,144,131,145,154,149,148,139,152,142,143,147,155,135,156,143,154,150,142,140,145,140,152,167,135,148,154,154,143,156,148,130,150,154,138,158,143,140,142,143,160,169,125,151,152,153,163,151,159,137,150,163,146,159,145,161,157,145,151,164,160,138,144,143,141,160,151,141,149,154,143,152,152,142,139,152,140,142,151,146,144,149,166,132,138,153,146,152,125,155,186,150,153,164,141,157,145,143,145,157,154,135,154,149,156,132,152,180,148,148,162,142,138,135,167,153,145,149,139,145,141,145,150,160,149,154,158,142,138,161,140,162,174,147,157,159,129,178,156,145,137,130,166,140,131,147,166,156,147,169,147,161,149,151,147,137,159,152,158,161,144,125,158,145,162,154,162,155,154,146,133,151,158,171,131,153,142,152,146,155,153,151,157,157,160,144,159,143,151,168,159,142,156,148,135,136,138,150,159,148,157,136,137,133,147,152,136,148,149,149,147,158,160,161,130,142,135,146,151,145,151,146,139,159,167,139,142,165,146,150,170,159,144,143,154,168,151,160,133,158,128,157,146,142,136,143,133,170,145,147,152,150,152,145,145,156,154,148,144,137,151,157,152,137,152,142,148,152,146,153,164,158,140,160,142,161,148,129,154,143,145,152,156,148,156,142,147,155,142,145,158,153,130,131,164,150,137,154,156,141,139,165,146,160,146,150,136,147,125,170,152,156,161,148,158,147,162,153,178,167,156,141,135,145,154,152,150,137,146,143,151,150,145,140,159,153,135,156,147,140,137,157,151,161,132,170,137,160,164,127,146,130,139,138,147,155,159,160,153,137,156,148,159,159,158,130,151,156,142,153,145,158,163,140,143,152,128,139,158,154,152,160,149,151,168,145,141,162,147,163,135,145,147,156,154,135,155,143,164,154,146,152,154,152,140,142,150,139,159,147,143,155,144,137,142,140,151,130,160,163,130,142,154,166,156,128,151,154,152,160,159,165,158,144,135,133,178,148,160,137,146,158,146,157,158,159,145,160,152,140,141,153,137,150,154,151,154,138,171,133,129,148,164,143,141,156,138,160,162,143,139,134,157,152,159,157,159,159,156,139,174,135,137,136,157,162,152,162,150,150,159,164,161,136,156,168,170,145,158,142,150,142,155,157,133,150,148,167,146,146,153,158,147,161,137,152,154,148,163,164,134,158,152,131,143,151,144,146,146,134,156,149,140,142,159,144,129,146,138,148,162,136,159,159,169,147,145,153,151,142,136,160,147,139,163,137,162,133,161,130,162,138,145,145,146,160,159,152,159,166,136,140,155,162,130,152,160,132,156,159,142,135,138,148,140,133,166,172,150,156,169,138,139,163,160,149,141,132,167,156,134,176,141,155,148,145,156,132,138,145,158,149,148,156,132,131,160,143,145,144,148,133,153,140,153,137,143,152,150,156,132,142,153,153,134,164,144,157,134,154,149,146,134,169,147,135,152,174,150,150,152,170,145,161,155,146,140,147,147,164,153,157,166,147,155,140,164,146,149,171,137,143,147,140,161,163,152,154,132,143,136,143,140,156,146,157,158,152,140,160,158,155,156,152,143,134,144,148,151,174,161,144,136,145,158,151,142,126,149,144,160,161,155,144,144,158,145,154,156,143,141,142,156,144,134,144,163,136,149,138,148,154,149,145,153,150,135,127,161,144,152,141,137,161,143,142,165,153,154,176,162,144,155,142,151,154,138,156,151,149,151,141,156,136,133,140,132,160,139,139,158,151,168,157,140,150,154,147,142,138,161,150,154,156,153,169,139,147,137,138,143,139,125,146,170,172,139,147,141,133,141,142,152,144,155,133,148,132,140,153,151,156,166,138,150,158,152,159,158,156,155,159,152,142,149,143,146,134,149,143,135,146,159,146,155,152,151,145,127,147,151,145,145,155,135,155,146,152,160,146,166,160,135,153,157,152,170,144,147,135,151,146,147,145,159,131,153,150,159,147,133,155,168,139,125,164,152,165,142,153,162,144,124,143,138,142,153,160,155,127,148,149,131,154,161,151,140,141,161,144,161,144,156,144,144,163,143,135,171,144,160,155,138,161,152,153,141,155,142,139,118,145,138,161,140,161,158,164,154,156,143,146,151,153,147,147,151,146,169,162,157,147,154,173,148,160,153,163,132,126,153,162,138,141,145,145,144,153,151,163,145,156,148,153,149,155,149,151,146,153,142,142,154,154,144,158,147,147,155,155,146,142,140,145,176,153,154,136,148,142,156,171,161,163,150,152,156,154,144,147,152,131,148,144,157,151,152,155,152,155
157,155,160,148,139,164,146,151,133,164,133,140,161,134,147,154,168,147,140,147,160,146,157,174,153,139,156,127,148,149,139,124,146,140,148,134,139,140,160,167,145,156,137,150,136,143,147,167,141,142,144,148,131,150,139,141,157,150,140,135,148,180,151,139,134,152,160,150,171,152,157,132,138,159,161,149,147,144,158,165,138,166,139,175,147,136,152,159,155,143,148,155,146,140,163,136,153,170,167,145,160,129,135,140,155,149,144,148,154,156,161,148,159,154,156,152,138,148,138,152,147,149,139,146,149,148,146,157,149,157,150,139,142,131,175,149,155,138,131,145,156,162,153,161,159,157,134,143,140,155,144,139,140,145,150,147,150,133,154,143,152,150,150,149,148,148,124,152,143,153,124,151,140,135,158,133,167,151,160,136,159,146,147,155,164,161,153,157,149,143,167,150,146,150,143,158,149,170,136,142,153,171,151,147,126,156,160,151,156,154,151,151,156,138,158,162,145,162,149,152,148,151,163,147,141,155,136,126,130,147,144,144,158,136,144,146,145,155,133,154,155,144,172,158,175,157,165,156,145,136,148,159,159,146,144,155,147,145,142,158,158,160,149,154,173,160,155,146,163,130,154,136,134,150,141,161,150,157,135,148,147,160,154,155,152,136,142,157,159,151,165,150,159,139,161,148,139,161,148,141,170,153,162,136,129,141,147,147,153,143,147,135,154,130,155,151,155,140,142,143,150,159,137,144,151,150,155,148,155,163,150,161,157,149,152,152,162,141,149,148,140,154,155,144,147,158,143,147,146,166,141,162,141,166,143,151,156,144,135,148,139,145,182,148,144,152,154,145,140,121,141,127,142,152,152,165,138,156,143,127,148,169,157,153,124,150,148,162,145,146,149,147,160,156,150,153,150,150,144,126,148,151,168,164,146,158,152,151,129,143,155,155,137,159,148,168,137,157,167,141,142,154,133,154,150,161,164,143,147,148,140,153,131,156,146,159,162,146,152,139,122,153,145,152,148,153,166,164,126,171,135,158,154,154,145,144,158,165,130,149,135,162,132,125,158,161,145,143,154,130,157,151,158,157,154,138,142,142,151,162,141,136,126,142,145,145,149,144,134,150,146,143,144,155,149,143,131,166,157,149,160,138,130,150,138,155,154,157,145,144,155,164,139,152,134,140,149,157,135,163,151,142,149,138,163,142,143,142,163,154,145,151,150,133,137,167,153,151,141,147,166,126,141,135,142,143,153,159,141,163,147,149,172,141,159,140,155,159,128,146,156,144,147,151,142,161,150,160,145,143,155,160,147,158,153,149,171,159,155,153,151,159,145,155,148,161,147,149,149,152,160,143,146,153,137,176,142,146,164,129,141,152,150,154,149,149,162,136,134,151,154,156,147,141,150,160,130,133,138,156,143,157,163,145,174,148,140,152,140,144,137,127,129,143,162,167,151,149,141,148,165,153,162,152,160,130,145,150,140,159,164,144,144,153,148,151,145,153,159,152,144,135,159,148,153,151,130,148,144,151,141,151,171,173,152,164,139,176,154,130,142,154,156,158,139,145,138,141,149,148,154,164,142,148,148,152,130,162,155,163,138,156,159,157,147,146,149,150,149,135,165,141,157,162,176,150,151,156,141,152,153,147,142,156,145,149,146,150,152,168,142,162,163,154,155,135,138,147,168,136,148,152,147,142,157,136,157,156,168,149,131,159,164,137,148,144,154,169,142,140,147,143,150,158,128,154,140,144,144,148,154,155,149,133,148,158,137,161,125,176,147,128,166,170,151,131,144,143,149,151,151,157,149,150,152,178,146,148,143,141,167,133,171,134,123,160,161,166,170,139,136,144,155,149,158,157,155,136,157,144,158,149,156,144,156,157,174,150,157,155,150,153,155,162,149,140,154,150,148,164,131,147,168,180,131,143,141,143,161,152,152,154,135,153,156,141,140,165,137,151,159,167,154,173,148,161,143,142,150,144,151,145,151,141,139,155,139,136,145,158,154,159,145,154,158,155,147,150,134,170,152,167,149,132,141,149,148,167,133,163,165,155,136,135,150,155,145,145,145,157,148,142,144,140,154,147,162,149,145,162,151,159,147,167,157,135,158,145,142,133,158,129,153,139,142,160,136,162,152,148,127,125,160,148,144,147,129,139,151,143,143,152,156,153,147,162,145,139,143,133,151,137,144,138,158,151,139,158,153,142,147,150,148,162,142,158,143,135,136,150,158,130,136,148,144,155,145,145,154,143,157,169,150,148,148,150,137,140,128,155,137,162,147,156,140,139,140,159,160,155,152,169,133,137,132,159,164,164,150,149,153,155,140,145,155,149,160,159,139,148,147,155,156,149,159,121,140,150,143,151,146,147,161,167,144,152,155,159,152,153,144,149,146,141,160,162,146,152,133,139,136,148,153,159,159,163,148,135,171,160,143,149,147,137,154,148,161,133,147,152,135,156,151,144,154,141,147,165,162,146,150,141,142,140,154,144,152,162,148,150,136,143,145,141,132,138,147,155,174,146,146,172,143,150,136,162,147,142,144,150,152,145,141,163,163,149,151,132,137,137,122,142,138,144,122,159,131,153,144,134,148,158,164,153,142,163,132,153,166,167,166,163,141,153,174,146,121,169,147,140,160,139,156,154,150,162,144,172,145,156,165,160,146,150,155,156,153,136,149,169,151,140,154,158,165,150,143,155,149,158,161,164,140,156,152,160,161,159,139,134,141,143,145,147,156,140,151,160,157,170,149,147,162,152,127,156,139,125,155,166,161,151,161,141,155,157,160,140,147,157,140,147,166,161,149,155,133,156,136,143,143,152,147,156,149,138,150,162,147,136,153,133,133,141,144,141,144,161,143,144,152,145,135,149,144,154,143,154,162,146,160,147,139,160,166,136,140,154,142,140,141,154,139,148,170,163,158,143,163,177,137,146,144,145,160,165,141,144,131,135,143,155,161,160,162,150,138,151,155,130,140,151,157,154,151,152,154,131,159,151,139,139,170,146,141,149,158,148,150,138,153,139,138,136,149,138,136,141,147,152,164,148,149,169,142,163,156,159,156,147,163,172,148,143,154,139,159,144,146,149,159,126,160,157,151,136,147,141,152,136,167,166,157,149,160,160,125,133,132,137,160,151,149,137,150,145,144,148,141,149,149,159,148,138,144,155,139,139,155,145,157,151,158,134,147,148,135,139,149,141,145,150,139,153,156,161,156,166,151,150,164,148,157,138,151,155,155,150,160,144,139,149,135,139,157,148,127,149,149,151,138,163,163,137,148,154,156,134,136,160,135,140,151,145,140,138,147,154,140,152,150,164,150,147,143,139,153,140,154,155,158,143,139,146,150,151,150,164,134,141,145,143,137,154,144,156,156,147,153,153,146,145,143,155,154,137,160,131,148,159,141,153,147,163,154,154,153,156,159,147,157,136,143,142,145,165,157,141,147,157,154,141,150,140,142,143,154,146,156,164,139,139,162,163,156,138,150,157,147,164,147,154,142,144,167,135,169,145,153,132,141,151,146,145,161,147,168,149,146,162,156,158,153,145,139,131,143,154,145,146,143,168,151,153,149,127,152,138,152,147,153,127,147,168,154,149,144,137,157,140,153,154,137,143,134,140,145,161,166,145,169,156,156,169,147,144,164,175,156,130,144,140,150,154,157,162,156,161,126,142,155,153,165,141,162,144,145,160,133,153,141,162,168,150,152,164,156,169,138,153,148,154,136,162,125,154,152,119,150,153,162,154,157,143,153,156,148,157,162,143,145,142,164,159,160,166,150,151,162,157,143,161,148,148,144,148,140,157,155,165,146,147,156,172,161,161,158,159,155,147,157,142,166,155,149,141,156,145,148,165,146,158,144,162,147,145,144,141,153,149,153,147,153,157,160,162,147,154,141,143,139,138,154,140,155,155,141,160,133,134,133,149,153,162,145,149,143,138,145,138,152,143,159,154,161,164,148,141,140,144,131,161,161,153,144,181,149,161,132,132,165,144,143,153,147,169,156,144,138,164,156,166,159,137,157,165,153,145,156,146,156,139,150,141,158,139,138,139,152,139,139,165,157,151,146,156,148,146,153,169,143,134,168,155,169,153,151,158,156,149,137,168,175,152,149,138,169,149,156,155,132,148,146,152,140,164,145,148,163,165,139,157,148,106,139,127,146,138,134,151,142,139,147,144,159,165,135,133,155,143,163,134,140,151,150,152,133,150,166,140,134,140,170,134,149,144,174,144,158,149,154,150,153,129,163,167,151,152,145,135,155,157,147,143,138,151,156,154,160,144,136,145,134,142,136,170,125,148,151,154,147,158,149,165,159,150,156,132,149,141,145,137,125,150,162,142,168,154,147,153,124,139,155,155,148,148,145,148,133,161,168,124,154,144,144,140,143,155,150,155,140,149,147,147,159,141,142,163,142,156,150,170,138,158,135,165,149,165,165,141,149,159,148,144,155,140,143,144,159,156,156,136,160,160,154,148,148,142,152,159,124,153,164,142,141,155,158,155,155,161,132,155,160,161,133,166,156,156,146,141,143,160,130,144,148,146,137,165,144,141,150,166,174,135,140,160,151,143,148,141,151,137,159,147,143,143,149,153,169,137,143,135,129,150,139,133,150,142,154,145,138,145,156,141,175,157,147,151,134,148,170,132,134,139,146,146,142,143,168,152,145,143,147,173,160,154,139,159,156,136,156,133,132,146,146,148,150,156,144,148,157,152,159,166,141,141,143,147,162,150,120,141,142,147,176,141,161,134,148,149,141,150,146,139,152,142,153,159,156,150,151,152,151,175,155,149,142,142,173,157,159,146,139,138,169,155,146,149,145,141,155,155,142,138,143,172,145,139,150,145,153,137,154,162,163,161,145,162,158,147,135,144,153,164,146,151,132,161,165,152,150,144,159,145,150,154,140,150,154,155,151,154,156,132,138,130,162,139,165,166,139,152,160,160,155,149,139,148,149,142,142,141,149,166,149,144,134,150,134,152,170,154,145,142,145,156,140,156,133,139,149,152,140,159,145,136,154,144,152,145,154,126,153,144,157,159,143,140,146,159,148,158,152,177,138,154,154,140,161,156,133,149,139,143,159,132,152,155,148,146,155,149,142,161,145,138,143,151,162,152,143,138,143,158,165,157,142,147,160,152,145,144,145,139,153,145,156,151,168,132,148,153,159,149,161,157,148,160,153,151,148,161,166,146,172,154,161,139,157,140,154,158,164,156,174,156,139,145,150,157,164,153,148,137,153,152,134,136,150,150,145,146,154,154,155,133,152,158,142,154,155,152,128,163,148,135,141,155,160,150,143,153,146,144,165,142,148,161,141,146,144,136,157,143,140,152,159,143,150,149,159,150,154,149,135,153,159,146,145,146,131,152,157,136,145,142,163,163,148,152,141,150,138,154,152,153,153,140,146,156,151,144,150,157,165,159,156,157,133,147,150,160,157,149,153,143,153,152,145,137,149,153,174,154,135,158,169,150,144,148,138,148,160,137,153,157,151,133,137,155,163,151,149,147,141,147,156,136,157,160,151,154,158,120,140,145,158,161,137,152,136,148,130,159,153,167,139,164,146,142,132,151,152,148,146,152,147,141,127,158,159,128,137,157,141,150,148,162,151,150,146,169,145,141,151,148,151,148,165,136,170,150,156,141,177,166,136,150,144,155,153,149,126,143,142,163,151,146,144,142,154,147,158,145,144,127,163,164,143,156,152,146,151,155,141,161,151,159,143,136,146,149,145,152,143,145,152,154,148,157,147,136,163,152,161,144,148,135,144,152,151,170,166,152,149,159,125,154,147,151,138,144,150,148,156,170,151,144,131,161,163,139,166,149,135,156,152,145,173,172,161,142,150,137,143,145,150,145,141,148,158,168,166,136,145,142,148,157,143,154,159,155,142,162,151,149,161,156,150,148,156,141,155,153,154,138,169,140,147,143,144,166,146,142,132,165,153,138,140,162,129,146,142,154,173,124,147,149,157,164,157,154,168,157,170,152,146,155,167,146,151,145,152,157,125,140,156,149,163,135,140,154,161,150,136,156,154,139,157,160,125,136,139,158,152,136,161,147,131,146,148,150,144,152,164,154,143,154,122,134,164,142,164,158,150,162,140,154,143,163,155,146,155,129,152,148,138,152,144,154,162,145,154,152,134,165,148,152,146,152,122,159,156,137,159,149,152,151,153,155,159,143,157,140,169,149,138,132,149,161,170,152,164,154,151,151,160,160,160,150,127,155,139,138,143,126,157,153,160,143,165,137,143,163,127,166,141,140,130,164,138,153,155,132,169,135,151,169,148,160,142,149,144,137,145,157,151,144,169,136,149,152,166,153,156,148,158,138,152,155,146,144,169,156,152,157,165,154,145,144,153,159,147,127,141,151,154,147,154,144,161,150,156,164,147,161,157,148,151,152,144,159,142,143,144,141,145,139,149,149,167,145,144,149,154,153,156,141,156,150,150,143,153,170,160,150,148,178,131,152,164,145,152,162,167,148,157,145,148,143,150,145,153,159,157,144,141,169,126,135,159,149,160,170,164,143,145,156,153,158,148,164,138,168,140,145,148,141,164,145,139,151,130,134,155,165,157,162,149,154,162,143,165,144,149,161,141,128,149,148,138,133,139,163,146,145,154,146,147,152,145,155,129,147,140,168,149,152,150,143,146,157,143,134,154,152,156,134,157,156,133,152,142,167,163,149,146,141,146,166,136,123,165,165,148,147,143,142,146,140,166,163,157,155,158,138,132,138,146,168,143,142,156,154,149,140,147,161,159,149,143,160,170,172,148,150,129,153,142,149,146,155,152,145,153,141,158,143,146,132,155,154,135,156,144,143,138,171,148,150,140,149,148,142,140,170,146,156,158,155,155,133,158,142,145,147,134,166,165,164,161,151,148,146,147,156,155,153,167,148,144,152,153,152,151,138,170,154,144,154,137,143,137,147,143,150,143,156,144,134,147,135,173,147,168,170,150,156,133,143,160,146,132,159,159,176,136,127,144,162,161,139,158,153,147,158,159,171,167,148,153,142,148,152,145,163,150,140,122,164,147,161,152,160,150,139,155,141,162,138,164,144,138,154,156,136,144,141,168,148,133,160,149,142,158,157,141,149,160,165,147,154,140,153,146,121,164,140,155,164,163,157,162,166,155,146,163,174,155,145,151,146,147,142,148,146,151,141,151,136,142,153,147,141,163,151,152,163,145,131,153,146,153,151,140,153,160,147,140,151,146,141,154,147,166,142,158,157,134,153,164,157,159,150,139,135,156,161,160,134,135,153,149,141,144,169,171,133,135,152,157,142,158,150,137,162,160,149,148,141,157,172,164,155,144,148,147,164,155,149,129,161,144,133,137,153,159,143,150,162,140,181,166,146,154,166,141,124,144,169,147,140,130,165,155,132,155,158,159,148,158,139,158,159,173,144,133,158,143,154,167,150,168,147,154,156,145,161,156,151,146,156,154,159,145,142,149,141,157,169,159,136,152,151,148,170,140,144,159,183,161,135,159,152,162,149,158,151,155,170,158,156,164,136,136,149,155,146,132,140,143,151,154,155,142,142,146,138,156,150,153,153,154,160,146,153,137,138,137,149,146,154,166,139,152,142,142,145,161,133,154,155,152,157,160,150,143,152,161,138,150,161,152,163,165,151,153,171,151,150,139,131,141,161,145,145,134,159,147,159,163,152,151,168,138,175,154,163,149,158,138,140,161,138,158,150,152,159,143,156,137,151,159,134,145,157,142,141,162,130,147,156,154,141,147,142,169,157,137,143,150,145,148,155,145,160,150,144,155,134,166,150,161,139,155,142,168,144,163,136,148,147,148,138,152,134,156,152,144,152,133,147,144,134,143,153,165,157,162,142,151,154,148,148,138,148,152,150,155,146,145,138,144,176,148,154,134,146,142,173,153,159,139,143,165,147,158,157,134,145,165,147,142,157,154,150,144,164,154,154,145,146,141,150,142,157,144,171,151,154,158,142,135,151,139,148,130,162,115,142,143,157,141,139,165,146,138,137,158,157,164,136,139,136,155,157,139,148,133,147,127,137,154,145,149,163,163,141,156,159,157,142,155,139,139,148,148,164,142,141,158,149,165,145,148,147,136,157,142,150,145,153,156,172,120,152,146,153,137,154,134,148,137,141,146,140,143,157,140,153,152,159,165,142,154,135,154,170,150,139,144,162,145,149,155,134,146,141,154,145,142,142,156,140,119,122,143,146,180,148,138,133,155,142,147,137,160,161,127,156,157,139,129,150,153,141,150,141,165,137,154,143,141,155,129,160,153,139,157,142,157,165,150,142,141,143,135,148,151,150,155,143,155,150,141,132,156,143,148,157,142,142,155,149,151,147,155,148,148,155,162,144,151,149,160,146,151,143,151,153,140,142,161,156,141,145,154,156,144,151,171,157,143,136,135,145,147,137,144,136,147,146,136,144,160,138,150,138,158,149,154,157,148,165,161,158,148,133,153,154,144,153,168,171,119,142,150,153,153,164,131,138,138,146,146,153,139,158,152,162,149,146,146,153,158,137,162,136,148,155,160,144,122,153,155,133,156,134,146,144,155,155,159,152,156,151,147,155,155,143,147,162,139,155,157,152,152,152,145,147,151,151,153,131,147,150,164,146,159,161,146,161,128,151,141,164,146,166,134,165,151,145,133,154,151,162,159,151,152,160,145,145,153,152,150,162,150,161,141,154,128,147,151,161,146,137,178,147,132,158,138,139,155,145,134,152,145,145,165,145,137,143,165,146,151,150,142,161,147,139,131,154,146,157,142,152,142,147,146,143,158,158,159,154,128,140,149,157,154,151,139,155,156,138,144,141,148,148,152,151,151,167,162,155,137,162,148,153,137,157,154,147,157,149,141,146,168,145,151,150,144,166,138,149,160,134,164,147,153,143,157,151,152,143,147,164,154,173,144,155,144,143,165,151,145,151,139,168,163,138,130,140,137,133,146,139,147,133,138,146,143,135,139,147,143,144,162,145,138,165,138,144,143,138,161,143,144,168,155,151,144,148,146,152,141,150,150,149,142,174,154,149,151,162,126,163,159,164,131,139,164,155,146,171,146,141,148,147,139,161,149,147,153,140,165,140,152,164,148,134,151,168,151,145,145,116,157,157,137,158,150,149,129,162,146,137,160,159,150,159,142,159,160,139,138,135,146,156,148,156,147,168,148,149,156,139,136,162,174,157,166,139,155,165,150,135,138,156,136,158,142,144,154,149,143,163,147,150,137,166,144,142,178,150,145,166,163,147,161,153,145,164,162,142,166,155,162,149,148,136,126,146,145,151,156,170,158,169,143,155,161,140,155,141,136,125,133,145,160,144,136,132,142,139,146,160,131,159,153,136,159,134,140,153,133,143,147,153,145,140,152,133,154,143,158,142,145,142,149,113,159,148,150,155,160,160,148,137,152,152,128,159,137,142,154,145,155,138,165,138,146,143,143,153,154,151,144,153,159,171,153,149,152,167,145,165,143,159,164,145,163,139,146,166,160,160,142,150,145,164,143,148,141,137,162,154,133,127,151,151,156,148,154,164,142,137,149,171,152,151,151,146,157,159,144,162,156,146,150,134,155,140,133,167,171,147,170,143,144,165,165,147,143,123,160,158,150,157,142,146,154,133,143,166,154,151,153,142,155,167,147,150,139,148,149,146,152,137,173,147,152,159,144,126,163,134,147,150,130,139,151,156,141,139,146,140,137,155,149,134,136,143,142,157,134,112,169,159,142,153,151,117,141,131,151,139,126,174,146,143,148,160,155,147,136,151,153,143,152,145,158,150,163,134,131,150,159,152,160,160,146,157,162,160,151,152,155,121,175,142,155,172,137,143,155,166,131,161,163,149,156,151,156,148,148,148,152,152,143,155,162,152,155,144,155,144,133,159,146,150,138,169,120,143,166,164,156,147,152,129,142,148,148,148,139,139,131,163,155,140,161,154,158,144,147,137,146,144,147,157,171,141,151,151,148,150,162,154,133,142,157,148,159,135,154,135,158,137,145,174,154,148,156,150,144,137,145,151,128,153,159,159,149,147,163,166,139,154,130,149,141,154,149,167,138,158,130,153,147,161,158,159,131,147,178,144,156,139,168,145,159,168,158,139,141,151,138,162,149,146,144,139,137,154,148,150,153,152,127,152,157,161,134,143,158,169,157,135,150,151,125,164,146,136,160,145,137,159,148,148,168,152,147,134,148,159,139,152,138,151,126,142,158,142,158,157,172,156,138,163,156,156,144,151,158,140,153,146,145,155,156,137,153,160,155,156,162,157,147,138,165,140,162,149,152,143,165,150,139,148,159,150,166,140,158,143,163,140,155,144,154,154,154,147,134,163,153,150,168,145,155,141,146,144,130,134,129,154,171,148,148,126,164,130,142,134,135,146,159,156,176,135,150,154,161,160,144,168,147,156,136,145,150,139,149,145,137,173,163,148,155,152,151,161,144,157,134,151,141,152,145,149,175,140,152,139,139,144,159,162,134,154,165,153,153,142,152,152,134,144,154,142,158,155,158,154,148,141,132,144,140,149,132,146,143,154,162,145,130,152,154,127,156,156,162,145,154,157,149,149,152,148,147,166,164,147,181,138,140,143,171,155,146,152,153,131,140,150,148,136,127,152,166,153,137,144,135,140,144,155,143,141,154,161,146,154,151,134,156,162,139,139,147,148,134,161,149,130,136,157,166,150,168,146,164,164,156,143,151,161,124,163,151,140,134,145,153,154,148,136,163,140,138,158,168,161,162,146,147,144,153,137,142,160,139,140,152,137,143,146,150,133,146,151,142,152,159,144,145,151,142,154,149,147,167,143,144,143,156,154,142,153,144,124,145,149,161,134,158,151,150,153,150,167,139,165,155,152,156,155,139,148,155,153,157,153,147,139,140,143,157,149,174,143,153,156,127,143,153,166,133,150,156,166,155,145,144,144,158,155,148,156,139,152,155,144,148,167,150,146,145,149,154,152,162,156,152,148,156,129,169,126,165,131,154,142,148,151,137,151,170,146,156,141,158,140,147,160,151,151,144,146,149,138,173,164,134,149,155,154,136,132,132,155,163,154,151,133,138,131,133,131,155,142,150,154,150,170,149,167,123,154,153,152,148,147,136,147,161,150,152,158,133,141,127,159,143,156,150,157,124,145,140,156,125,141,166,155,161,161,155,166,155,157,146,163,153,140,138,168,142,151,142,144,150,176,162,153,131,151,164,162,156,143,157,153,172,144,162,137,152,149,159,159,154,157,144,152,145,146,152,162,164,139,149,151,149,157,156,143,151,155,149,145,158,128,134,140,166,162,164,157,147,151,154,157,150,150,148,169,151,133,139,145,151,133,137,146,144,140,161,149,139,156,151,159,140,144,134,133,157,145,137,142,152,134,142,142,177,152,139,145,153,143,150,148,149,175,156,157,144,147,161,137,165,138,143,163,163,156,144,151,145,139,157,154,148,185,135,164,148,153,145,160,159,157,175,141,161,140,143,147,143,146,144,146,157,135,154,159,150,142,148,149,152,134,154,164,147,140,156,141,157,143,136,159,161,149,149,148,136,156,146,146,140,146,140,158,158,149,153,144,147,167,139,169,143,157,154,156,146,147,164,123,175,172,155,160,178,165,155,159,144,153,134,166,139,148,166,139,159,156,136,142,135,154,160,146,154,147,171,148,145,139,146,154,143,170,149,159,156,149,137,152,158,132,150,156,169,168,139,149,132,166,152,151,141,150,142,155,132,146,152,155,154,141,166,135,142,166,141,128,156,149,138,151,157,163,147,136,154,160,160,143,139,139,138,132,141,172,146,147,147,130,134,159,156,155,143,160,161,161,127,141,161,154,147,160,150,143,167,166,136,150,142,140,158,146,144,186,134,167,135,156,126,160,156,145,143,136,154,152,153,156,134,146,128,168,165,146,142,145,143,134,147,145,147,146,133,155,146,151,157,151,160,164,138,137,149,161,141,152,166,155,172,152,155,150,142,139,133,150,153,144,155,143,127,151,158,157,156,155,152,142,136,142,135,133,130,150,158,159,152,143,155,166,146,153,136,152,148,154,162,145,143,135,147,138,140,149,168,162,150,151,132,147,141,147,139,159,142,147,142,158,147,158,124,156,153,148,137,148,154,160,153,153,169,128,141,139,149,145,139,140,152,151,147,137,154,149,164,143,149,157,148,158,167,147,147,152,146,135,166,151,145,139,145,164,137,143,152,130,162,139,142,155,148,130,137,128,149,144,157,146,134,148,150,145,134,147,147,154,144,159,145,172,149,136,148,150,143,141,138,136,144,153,151,156,165,154,134,158,160,167,154,151,141,154,149,132,159,152,156,147,150,149,162,138,153,124,152,157,152,137,145,137,148,145,145,152,140,145,141,140,143,158,156,136,149,132,164,137,137,153,141,162,141,154,152,152,169,151,153,145,142,146,145,139,165,169,150,160,157,158,147,135,147,153,167,152,151,166,145,138,129,153,155,141,152,158,148,164,125,143,158,160,144,147,168,157,148,130,143,143,166,155,160,154,136,144,143,141,160,157,139,137,155,154,159,141,158,138,150,152,161,151,154,146,147,158,146,160,163,164,145,172,145,150,130,151,148,151,143,132,155,166,154,165,154,137,136,161,160,167,143,144,172,170,149,153,155,130,151,148,140,157,154,147,143,156,159,139,152,161,146,140,141,145,140,161,153,143,147,127,136,118,144,143,144,148,137,140,152,150,153,155,153,127,154,147,135,154,153,153,170,146,155,147,162,145,157,152,149,151,151,169,139,134,158,151,148,165,139,152,164,147,160,175,158,173,158,148,161,138,134,167,140,150,134,155,157,144,158,169,159,150,140,124,138,139,136,150,160,146,136,148,145,153,159,139,159,146,146,154,135,134,136,132,144,135,149,153,148,161,136,160,139,141,155,142,157,134,153,144,160,152,134,155,149,159,159,154,124,144,154,154,147,131,123,149,152,154,172,152,168,164,145,134,156,140,145,150,131,139,140,165,149,147,151,144,158,144,147,152,154,158,175,149,151,150,139,137,150,138,143,152,152,144,146,151,154,151,138,157,158,144,155,155,145,155,130,157,157,124,160,170,161,133,148,179,158,159,144,147,149,149,136,141,148,146,134,168,136,145,148,149,138,170,146,161,156,166,149,154,160,149,167,148,158,146,144,144,159,168,130,148,158,138,159,144,153,157,148,160,152,139,150,139,158,129,131,149,152,139,138,163,144,150,159,154,157,153,136,157,144,163,146,156,142,156,161,155,161,165,153,161,157,152,160,161,150,164,148,150,159,162,145,167,147,144,145,136,152,141,134,150,148,162,152,148,158,143,143,148,148,148,149,136,156,137,138,169,163,150,137,147,144,162,151,144,128,149,157,163,160,152,150,152,134,153,151,157,153,164,136,155,118,161,149,162,141,142,164,134,137,155,167,155,147,143,146,146,149,158,149,148,135,149,147,136,149,140,137,164,146,159,149,160,146,144,150,161,162,155,138,145,154,148,151,158,131,145,139,146,158,136,157,149,153,144,153,138,164,148,138,153,144,144,151,166,144,146,152,159,139,146,160,164,149,145,161,130,140,146,168,132,142,166,151,165,135,141,153,162,146,140,153,134,145,155,137,166,146,137,151,158,151,164,152,152,166,171,157,149,142,153,135,158,153,141,161,157,151,143,161,127,159,138,158,151,152,148,143,148,162,148,157,156,132,152,145,146,152,142,159,148,162,130,157,149,159,148,157,144,156,163,137,153,142,171,146,160,131,132,155,157,159,166,160,162,146,159,137,139,171,164,145,153,161,163,153,143,139,161,173,147,148,129,136,146,147,155,142,158,128,150,167,150,138,152,162,139,134,150,162,149,148,119,156,150,152,160,133,133,153,151,159,163,141,138,136,144,152,152,166,151,146,141,134,147,156,156,151,137,141,164,155,139,153,158,143,162,142,134,145,158,142,148,156,145,149,154,154,151,143,142,156,155,138,138,146,143,156,154,145,162,153,159,128,138,156,149,158,160,147,141,139,134,144,123,149,139,142,140,138,127,145,168,141,148,161,150,146,144,140,154,151,154,146,169,158,160,128,153,153,124,145,144,138,127,123,137,145,154,168,157,142,156,162,137,173,164,147,139,138,145,154,151,150,127,144,148,141,134,155,149,158,162,144,157,143,146,162,138,142,149,155,128,131,142,139,146,152,153,160,138,145,148,145,141,143,167,129,141,145,152,145,148,155,163,155,146,146,148,161,153,159,129,148,141,149,148,140,143,155,144,166,151,149,134,142,147,139,148,145,138,158,135,150,127,127,155,155,147,149,168,151,145,152,117,151,154,145,149,154,146,138,147,143,150,141,142,171,157,136,138,160,150,160,154,147,159,165,150,155,149,136,161,149,150,135,145,154,153,143,129,134,163,146,153,157,149,143,172,141,150,153,168,164,153,152,143,153,151,133,148,150,148,127,163,146,141,160,143,125,155,147,147,127,143,145,153,131,153,168,141,150,180,149,163,152,158,135,139,144,168,154,157,138,147,144,136,152,142,162,154,143,155,142,152,136,173,159,149,141,137,157,153,150,160,159,143,166,164,133,154,155,151,148,163,138,157,147,162,154,136,162,160,140,141,161,143,129,142,142,152,149,144,147,144,161,146,135,158,146,149,161,139,151,150,153,145,155,137,135,138,124,137,141,131,148,146,145,145,141,126,166,131,135,147,157,128,149,156,146,157,143,150,145,128,132,146,163,153,144,143,158,148,161,149,154,139,135,152,142,148,148,142,147,146,141,148,159,154,166,145,148,152,166,164,142,147,145,148,150,159,144,129,146,141,153,136,139,163,155,146,148,146,154,143,162,141,136,176,151,154,140,157,144,141,142,145,160,138,130,134,128,145,149,152,141,150,140,147,141,144,152,150,161,141,148,156,141,144,147,159,148,161,128,157,150,141,135,141,148,147,173,147,157,153,165,156,152,145,160,155,136,178,156,155,153,168,149,174,158,148,131,144,174,130,162,144,161,155,146,138,150,151,171,151,168,153,149,156,147,151,152,165,145,147,151,155,152,151,148,152,143,160,137,149,140,149,155,163,133,156,137,144,161,165,144,159,172,147,143,156,141,139,139,144,149,153,155,148,148,130,162,148,162,130,145,161,156,154,127,162,152,126,164,158,136,165,160,143,178,145,143,150,147,149,161,143,144,150,143,138,142,148,157,161,137,162,153,145,160,142,153,158,135,182,160,157,161,142,155,160,157,170,157,157,149,130,144,158,142,145,138,130,153,166,174,157,154,137,153,163,156,151,143,155,161,142,133,154,161,139,145,138,150,140,129,145,166,142,149,161,150,163,143,129,160,155,164,136,144,154,130,148,156,159,160,157,144,148,128,156,133,156,139,172,138,147,163,143,129,154,158,144,124,158,135,151,139,168,149,150,165,162,156,141,149,150,149,149,151,159,154,151,157,147,134,142,148,158,164,142,126,138,145,140,122,151,149,151,134,150,144,148,130,146,164,125,168,143,146,154,144,140,145,154,148,152,140,132,153,159,137,154,153,151,140,143,163,155,130,125,142,142,162,163,152,145,147,151,145,144,161,160,135,154,157,152,148,140,138,160,145,152,141,151,142,140,153,162,155,161,155,145,157,155,136,159,151,150,153,142,135,150,148,152,139,140,165,154,136,146,154,159,143,142,145,148,144,156,147,164,131,146,151,158,148,144,166,153,140,154,160,143,146,153,146,160,140,157,136,172,152,154,146,163,146,144,142,167,133,154,155,146,135,145,160,149,151,149,145,148,152,145,154,147,157,148,146,162,157,152,146,138,156,161,134,155,147,158,134,155,166,141,162,145,136,158,142,152,165,156,145,141,133,154,135,140,156,148,162,140,161,149,154,139,172,145,150,159,153,139,149,163,136,141,135,155,159,137,150,163,146,144,150,147,154,149,146,164,138,139,134,160,131,160,145,145,145,157,148,152,150,140,154,156,139,138,146,152,148,146,140,138,169,142,152,176,160,134,133,143,169,150,129,144,167,140,147,162,141,149,145,151,165,145,144,143,154,147,142,141,157,157,152,153,159,176,123,154,134,133,164,167,148,138,149,161,162,145,149,150,131,143,158,134,143,140,149,133,128,156,157,137,132,155,137,148,138,153,145,160,138,138,129,151,141,159,142,155,155,161,146,151,148,117,146,137,163,136,145,147,137,151,137,162,120,153,142,155,157,152,156,138,151,152,155,128,145,161,146,171,159,150,139,138,150,165,156,146,138,159,145,145,145,159,157,155,149,159,145,156,133,152,156,131,139,141,152,149,136,135,166,157,159,152,164,164,149,123,156,143,162,159,136,158,151,132,131,128,148,152,171,155,150,143,160,152,145,147,157,138,158,148,145,160,141,150,161,159,144,147,138,138,161,152,158,145,155,143,146,151,150,132,156,157,169,132,142,168,157,161,130,140,154,165,158,157,142,160,164,130,134,171,151,144,136,153,138,149,169,168,127,153,143,149,151,157,151,148,144,140,134,148,144,150,148,141,145,161,150,138,158,166,150,135,159,156,139,142,157,136,143,143,167,149,166,138,165,149,147,122,140,148,143,149,162,160,159,159,161,159,152,143,166,155,148,148,154,156,152,153,147,155,155,127,148,142,165,137,137,135,149,165,150,143,151,148,156,148,153,147,155,149,148,135,154,158,138,140,151,149,144,152,152,144,133,162,151,153,148,150,166,139,155,142,139,163,153,135,146,144,152,151,143,139,169,139,160,161,150,145,148,163,155,155,148,144,131,158,159,143,153,137,163,142,154,145,161,142,124,149,140,157,172,171,171,148,153,150,142,171,141,149,146,157,146,135,158,146,178,145,159,153,161,163,158,152,130,151,151,140,150,129,152,137,170,157,168,144,144,145,151,139,157,136,154,145,145,147,134,153,166,151,143,168,138,154,145,132,160,139,137,143,152,152,149,153,151,141,149,142,146,154,153,153,139,156,138,142,141,149,166,161,156,141,139,139,147,144,117,142,146,119,161,145,149,150,153,147,156,151,144,150,142,157,145,162,137,168,151,170,146,153,129,146,155,146,133,137,158,168,156,152,142,135,146,125,151,149,149,137,167,147,146,159,162,156,142,146,154,163,145,151,140,133,161,155,150,138,144,149,156,157,140,145,137,137,157,155,140,133,150,146,152,147,148,160,159,152,157,153,152,147,158,133,160,138,166,157,134,154,140,135,152,135,144,156,167,141,141,146,146,132,159,131,150,150,147,144,152,148,128,127,152,151,154,141,143,159,157,135,144,140,157,134,153,154,140,135,162,155,144,156,170,141,139,155,155,146,133,171,143,158,155,141,164,152,153,160,135,136,151,150,165,146,148,155,153,158,150,142,155,132,156,158,148,132,157,167,145,134,144,148,140,150,135,153,170,169,148,153,128,156,149,151,155,154,156,134,139,147,159,132,139,140,141,148,170,144,140,161,145,152,135,153,135,131,147,143,143,148,162,146,144,159,152,146,158,139,146,163,144,144,134,136,142,169,149,157,142,158,146,159,135,140,160,153,154,127,151,153,144,157,127,143,147,142,139,167,144,139,164,170,168,152,146,158,145,155,153,140,129,152,143,140,161,156,154,156,150,146,160,176,139,144,136,156,132,154,151,187,166,145,135,164,128,145,150,157,150,146,133,154,132,157,136,156,148,161,146,154,157,139,148,149,146,148,148,153,129,155,136,138,160,146,145,131,153,155,140,161,146,138,141,154,157,153,147,135,130,155,147,146,152,143,160,133,151,132,150,145,141,152,135,134,151,152,139,150,157,145,151,155,151,162,151,161,147,145,139,154,142,139,151,139,138,151,150,158,155,162,161,152,158,149,136,155,134,161,157,138,132,150,153,156,166,147,177,159,157,157,136,157,136,147,164,140,137,119,156,156,149,144,140,156,156,131,169,131,129,145,151,130,140,147,163,166,153,145,160,165,151,155,142,138,155,153,156,132,157,139,137,149,131,145,155,167,144,150,156,134,168,165,161,153,145,132,164,145,152,172,148,174,174,148,147,156,142,152,173,167,161,157,142,138,151,142,161,135,150,152,137,136,168,157,153,159,145,152,145,138,147,131,155,153,160,155,144,160,143,162,144,159,147,155,138,135,156,147,147,167,154,154,138,141,148,153,152,154,154,140,147,159,150,139,138,157,162,145,150,143,136,159,140,145,139,155,164,154,158,136,147,163,148,126,153,150,150,140,146,141,138,149,160,157,149,159,133,171,132,166,163,159,154,150,144,150,156,151,147,150,151,161,168,170,146,146,154,135,148,160,141,161,133,133,146,159,145,152,161,140,135,133,137,135,149,153,144,154,158,134,144,167,140,143,157,130,135,142,150,152,155,158,162,127,142,163,146,154,131,140,135,179,145,136,141,126,131,139,153,166,146,160,146,143,132,154,142,149,168,147,127,129,170,136,159,158,137,161,144,164,168,142,158,154,149,145,149,139,139,137,151,153,167,152,127,148,157,178,144,156,149,165,144,131,135,166,147,124,165,129,154,135,170,149,150,161,134,144,139,152,166,154,161,148,149,146,156,155,141,138,157,145,155,150,135,172,151,156,145,151,155,152,156,147,154,163,161,148,149,148,125,130,166,153,160,153,154,149,144,146,150,158,144,151,171,166,161,164,147,147,133,154,146,131,165,136,149,160,134,138,162,160,169,151,152,168,168,141,154,131,138,143,148,152,163,147,157,149,139,139,153,174,164,146,148,132,147,149,152,135,150,136,143,169,151,165,141,146,150,154,148,139,157,142,142,132,143,169,141,159,167,153,150,151,139,140,157,146,155,165,135,150,156,136,157,159,152,164,157,156,134,143,164,146,166,141,148,143,141,163,148,148,157,140,139,155,139,157,166,159,158,154,151,145,155,142,143,158,143,154,149,140,135,139,154,144,152,136,142,139,150,151,153,154,163,131,142,162,144,161,140,131,152,165,149,142,161,151,153,147,152,147,160,133,154,153,145,155,156,149,149,151,148,168,157,142,138,157,163,149,152,160,162,150,144,154,146,142,161,159,147,139,144,144,156,152,176,150,164,131,152,163,140,166,144,151,142,144,160,163,164,150,131,146,174,142,159,137,163,143,159,143,156,138,141,141,162,155,143,158,133,154,140,142,145,150,149,179,135,152,154,134,168,155,151,148,152,152,157,155,138,163,138,147,145,161,153,157,146,156,152,152,162,118,152,147,168,147,129,127,159,141,155,140,148,173,138,153,138,132,144,155,151,136,157,150,165,134,142,153,168,142,133,148,150,139,143,143,148,155,140,138,173,150,141,124,145,143,157,162,139,145,151,152,143,144,173,153,150,147,154,134,140,154,155,141,160,144,155,157,153,136,162,157,138,153,146,145,178,143,166,144,140,145,164,162,141,156,152,148,161,157,163,151,145,167,152,146,137,150,166,142,148,142,148,155,141,173,148,146,166,157,138,163,148,134,157,160,138,143,160,160,143,152,152,160,153,146,156,146,133,147,136,145,150,164,168,154,170,151,151,170,138,149,157,142,142,140,141,140,145,148,174,152,168,148,166,132,162,136,150,139,136,135,156,153,147,164,143,157,168,156,159,165,157,152,160,160,122,157,172,156,164,144,159,156,152,149,159,149,147,160,144,145,127,164,175,128,132,150,139,158,160,124,153,147,141,141,149,141,164,151,148,162,153,163,142,145,152,130,158,146,151,159,160,136,146,154,145,153,147,143,158,136,139,136,150,138,156,143,141,160,144,155,135,139,165,144,155,159,151,162,165,144,146,153,136,141,153,150,140,132,162,134,157,142,161,148,135,154,148,139,135,138,149,134,147,149,143,156,146,138,137,161,132,164,158,146,164,134,152,158,126,162,142,146,148,156,145,150,145,145,147,148,132,166,153,153,144,166,158,166,147,165,151,139,154,148,153,149,150,168,158,161,156,154,154,146,143,153,171,162,151,164,150,148,138,143,152,143,152,144,152,138,149,149,148,158,148,156,152,144,154,146,146,180,155,162,129,146,152,138,132,155,145,152,156,147,137,164,148,141,149,141,159,155,154,139,135,167,149,144,173,160,165,158,136,172,162,161,161,149,143,152,150,147,148,160,153,149,140,149,164,151,161,132,135,134,145,149,140,156,146,165,152,142,174,151,145,151,156,162,140,138,145,148,146,148,155,157,141,137,119,162,163,154,160,163,129,164,151,178,152,145,141,161,162,157,147,145,155,161,162,145,156,144,171,164,141,152,154,148,161,137,145,125,141,146,163,136,140,138,152,143,150,148,155,158,133,168,180,140,140,158,136,153,145,140,152,165,146,152,145,136,147,145,156,163,150,135,160,142,142,151,143,152,131,158,140,134,164,159,145,148,147,158,141,150,155,153,135,162,150,158,160,157,143,141,160,176,155,145,159,150,150,159,147,154,146,148,145,147,141,169,153,148,148,142,149,149,170,148,170,130,163,128,164,152,159,153,155,159,165,161,150,141,155,146,158,140,177,135,134,139,156,163,150,148,159,159,151,158,151,142,144,148,138,155,138,167,155,157,135,168,146,160,170,158,138,136,148,151,133,127,140,152,156,147,155,139,166,136,149,149,133,152,145,151,141,164,153,163,154,132,156,159,154,157,145,158,146,144,161,152,136,167,153,154,142,160,143,150,155,157,143,143,145,158,144,163,142,139,160,154,148,140,145,142,154,151,149,152,142,149,152,154,153,136,151,160,160,155,165,157,144,147,156,137,143,150,164,143,146,149,156,143,158,149,168,152,161,147,148,145,162,159,132,169,142,160,152,152,146,156,138,150,138,132,123,151,144,157,155,156,157,159,139,135,147,162,140,149,123,135,139,147,153,142,158,166,166,157,151,144,153,147,154,144,148,150,145,152,133,153,150,153,151,144,149,155,142,151,142,154,148,146,138,145,149,140,137,153,159,145,139,163,126,146,153,163,133,142,163,136,145,170,137,145,150,129,150,169,165,144,155,144,155,149,133,169,154,141,151,168,156,159,149,154,135,140,164,153,143,148,164,167,155,164,141,144,150,139,137,142,151,140,165,149,150,155,151,146,132,168,148,157,143,161,159,153,144,141,147,141,156,158,141,154,159,144,164,166,143,149,127,159,149,142,147,157,150,169,148,151,137,155,152,149,157,169,153,136,150,150,159,143,150,150,160,159,165,162,141,138,159,145,136,162,138,174,145,143,157,149,160,142,150,129,145,143,179,144,142,156,144,145,153,157,145,156,149,156,134,143,134,152,149,142,178,145,152,142,163,148,133,134,141,143,154,162,136,135,150,163,122,148,166,153,160,168,153,158,171,151,148,153,137,149,158,134,138,153,145,159,138,149,142,146,148,154,141,154,142,134,142,154,160,150,149,150,138,156,146,164,136,154,147,162,153,162,171,151,145,152,168,159,158,134,147,147,158,159,139,169,153,136,163,146,148,145,130,155,144,160,168,152,144,145,154,149,154,146,163,148,149,156,151,145,161,155,157,151,150,165,140,155,137,143,154,148,119,156,160,162,155,142,145,163,163,140,148,151,140,146,144,133,151,166,147,156,155,154,142,151,139,131,148,154,128,162,143,136,149,151,158,120,146,168,145,159,152,142,156,139,160,149,156,143,158,153,141,164,123,157,145,161,161,150,154,153,137,155,161,149,167,155,141,155,138,145,150,149,152,137,157,141,145,147,145,158,145,145,143,150,155,146,139,151,136,148,137,148,156,144,151,149,173,159,143,162,157,152,165,143,163,149,143,143,148,149,177,147,146,130,146,138,152,175,150,139,182,144,139,143,170,138,148,158,132,132,140,146,159,145,148,146,165,153,142,153,153,135,146,140,149,147,146,152,152,178,139,159,141,143,156,149,152,152,140,159,135,146,138,147,147,149,158,146,129,141,146,149,148,148,147,145,144,160,134,145,163,154,155,156,145,151,152,169,156,130,130,156,162,137,148,170,144,169,164,152,167,152,146,150,145,139,134,141,144,162,148,144,152,150,152,158,147,142,148,142,153,138,157,147,147,142,150,143,152,142,133,144,151,150,149,156,140,141,138,154,154,145,140,139,146,146,136,162,137,150,148,158,148,151,141,151,155,141,149,143,165,168,152,153,143,159,139,153,162,147,151,146,156,147,157,157,146,136,155,158,156,142,142,150,147,153,143,156,160,154,143,145,146,169,143,157,133,155,140,136,147,139,153,147,141,149,138,145,150,142,142,139,181,147,159,159,146,136,155,151,139,146,143,156,154,139,141,149,147,154,163,154,148,127,169,150,167,140,155,160,146,137,154,144,147,158,155,164,154,131,147,166,144,149,152,134,147,155,148,138,135,167,149,160,142,135,156,156,134,146,145,158,132,147,121,156,139,144,146,152,139,150,131,134,133,166,153,138,141,143,138,161,146,165,148,145,147,153,136,167,147,167,161,157,160,143,142,171,146,131,152,147,131,151,156,155,150,131,155,161,141,166,149,152,138,149,167,155,161,148,157,167,150,152,183,150,145,162,147,139,148,126,148,152,168,146,161,153,158,135,154,149,148,142,151,143,161,169,146,144,152,158,134,142,143,172,148,159,141,139,143,141,134,139,154,149,156,172,154,153,153,160,138,137,135,145,153,167,130,145,148,129,151,152,153,160,156,130,160,130,155,148,159,155
135,159,172,135,153,141,131,167,142,138,144,126,160,129,150,146,134,143,138,156,158,165,153,147,124,149,140,159,166,152,150,145,166,164,136,138,164,150,147,133,153,145,148,144,146,129,158,147,159,136,131,165,141,156,158,151,148,142,144,160,140,147,146,155,155,155,145,125,147,148,149,143,147,168,157,152,165,143,139,139,162,152,149,162,144,150,140,150,149,164,147,173,157,163,149,140,144,156,145,132,149,155,141,154,156,141,160,150,147,164,166,157,155,157,153,140,138,139,145,136,143,163,160,158,154,144,154,140,146,127,141,137,137,146,145,143,134,152,152,164,146,139,158,149,138,150,135,160,149,142,157,164,161,165,148,144,137,145,146,137,142,160,169,136,149,158,149,126,145,165,145,163,157,150,156,134,136,149,151,135,156,166,145,148,165,155,117,167,160,146,155,150,163,151,169,159,157,163,167,154,155,153,144,160,160,147,142,155,151,164,160,143,159,150,140,146,156,156,170,170,139,148,158,130,145,150,141,135,151,146,153,149,160,153,152,156,160,139,150,160,143,157,165,152,142,128,165,144,152,144,163,147,157,157,139,155,153,151,150,159,135,157,156,138,143,136,138,147,148,151,158,153,163,143,154,147,152,164,177,149,149,160,158,135,139,151,151,156,152,148,162,151,127,167,141,143,156,129,148,142,139,146,141,169,143,145,155,161,143,158,153,165,148,143,165,144,134,131,145,152,162,148,142,152,137,133,140,135,147,157,149,165,158,156,163,158,165,144,138,141,153,148,168,145,146,162,153,142,157,156,146,148,154,147,166,157,152,141,145,149,168,165,145,144,155,146,141,141,165,145,146,147,122,158,143,141,140,160,142,141,155,146,132,162,156,139,156,136,175,152,152,152,162,154,162,145,162,133,163,154,135,154,148,155,141,140,154,158,153,145,159,138,143,151,148,152,151,159,175,158,135,146,152,150,146,159,148,147,137,153,135,159,131,161,156,158,139,142,155,165,148,154,154,153,123,150,155,143,146,155,151,165,152,153,148,163,140,141,162,149,162,152,152,158,146,145,141,152,165,155,150,140,149,159,158,154,142,153,154,148,134,141,153,143,144,152,152,144,139,161,147,134,156,140,144,152,146,144,155,146,147,155,154,154,144,142,144,150,134,147,162,165,149,154,155,136,167,139,151,147,129,162,141,143,161,144,172,162,152,155,135,147,170,152,161,129,147,128,136,157,167,156,134,148,168,154,165,144,151,157,151,143,149,141,153,158,147,134,157,159,141,157,145,149,160,157,141,137,151,155,148,160,151,147,145,160,161,148,151,159,142,154,143,136,153,149,158,155,150,156,139,130,164,152,146,163,162,157,135,165,161,162,158,158,155,142,144,142,139,166,140,142,143,141,149,152,150,157,132,139,136,169,144,146,141,141,139,140,142,151,148,165,134,142,153,139,143,142,150,169,155,152,147,159,150,134,162,148,141,146,144,158,154,131,148,151,127,152,148,150,147,150,164,149,160,151,152,139,155,150,155,158,150,142,156,149,132,132,124,137,152,163,154,165,128,142,154,152,150,150,151,134,149,153,141,149,146,151,148,148,147,141,159,151,160,156,160,152,156,137,149,164,158,164,149,143,159,168,143,156,143,169,139,149,136,153,165,143,133,159,150,150,142,158,150,154,141,151,156,149,147,131,151,147,132,140,132,160,148,147,137,138,131,148,159,152,164,142,148,172,161,158,133,165,142,152,152,165,147,146,163,155,160,149,143,167,145,174,159,130,147,141,134,140,153,155,143,182,157,160,135,154,151,159,150,167,166,139,159,160,150,125,162,165,146,152,163,134,147,134,141,160,140,152,149,158,137,149,152,139,148,132,167,161,139,145,144,147,137,159,156,136,154,160,149,142,141,169,148,155,149,146,153,161,164,152,155,144,159,168,148,159,149,158,151,134,139,148,181,156,155,134,156,161,170,143,141,154,156,146,151,143,149,144,148,155,161,146,148,148,153,148,128,149,144,135,143,173,150,142,144,153,134,156,154,146,163,144,139,137,144,160,150,146,138,146,140,164,149,135,152,166,157,169,157,132,132,139,156,140,141,141,156,149,146,162,153,163,166,152,161,159,138,163,171,152,135,152,156,151,165,153,154,121,166,136,134,168,147,161,148,157,145,165,145,164,132,149,171,155,140,156,146,143,146,155,150,139,131,151,150,155,134,153,142,151,144,149,162,148,174,154,160,138,144,155,133,144,153,149,158,148,147,160,141,140,154,143,163,151,145,152,145,152,158,140,163,158,144,144,165,154,147,139,133,142,165,137,150,155,148,134,147,132,150,150,140,135,153,165,147,149,127,149,149,139,144,136,151,149,143,159,143,137,136,172,148,141,164,137,165,146,155,158,152,150,154,142,142,152,168,162,145,167,167,145,144,162,160,146,128,148,163,137,151,135,142,139,154,157,150,160,153,150,134,144,148,152,142,157,140,145,146,148,139,146,145,160,143,161,133,150,145,150,162,133,137,139,149,150,152,160,141,149,157,139,146,162,152,130,160,160,161,148,151,155,150,147,155,153,161,145,165,153,159,155,152,167,147,141,145,144,138,139,151,148,147,152,156,137,145,152,154,154,164,154,164,150,156,151,145,159,168,145,146,161,160,170,169,158,151,146,141,134,151,162,153,158,143,167,153,156,158,153,164,158,163,150,130,158,150,147,147,150,145,147,151,141,150,153,144,142,150,156,179,150,155,142,154,145,141,154,142,149,132,130,144,165,160,138,150,165,152,149,143,161,149,168,138,161,149,136,162,151,151,138,159,154,162,142,153,144,150,164,164,163,157,140,153,133,148,126,159,147,152,167,153,159,141,136,150,155,140,138,150,163,131,159,160,151,157,145,147,154,158,145,156,155,161,152,146,137,150,137,157,148,151,150,140,135,135,159,152,148,148,153,167,141,161,165,143,143,144,123,169,127,154,143,164,153,158,158,144,146,150,156,174,150,138,144,165,129,151,169,151,158,147,157,128,144,147,169,149,145,145,132,137,145,152,140,167,134,149,153,146,172,149,147,151,148,169,157,143,152,133,128,148,147,145,155,157,162,144,150,154,153,140,146,156,154,133,149,150,150,143,154,149,142,148,156,137,168,146,170,119,140,141,154,143,146,156,161,146,139,153,159,135,144,136,136,145,156,139,154,146,158,153,152,141,147,142,158,150,140,139,150,145,149,147,137,161,138,140,139,144,150,147,171,145,148,143,139,161,146,156,153,142,157,133,143,129,150,125,151,155,149,150,165,140,145,133,154,159,148,167,146,153,151,151,151,156,159,131,145,154,154,142,139,134,163,156,145,159,157,147,155,155,153,150,148,139,150,155,154,148,140,159,152,141,176,157,149,140,151,160,145,158,149,153,146,148,159,136,141,150,153,155,142,151,130,149,154,172,171,145,125,159,158,141,139,146,156,146,150,149,137,139,134,131,174,148,138,147,155,151,174,159,148,155,151,149,143,146,153,162,157,157,158,153,154,161,150,149,150,129,151,145,131,153,136,146,145,152,148,150,158,147,155,153,154,147,155,165,154,149,145,138,149,157,163,147,153,152,155,153,160,170,142,160,140,142,161,148,152,163,161,149,157,166,150,156,138,152,125,151,167,140,147,158,127,135,148,151,141,156,148,153,154,167,151,162,152,141,161,141,134,154,161,171,128,141,148,157,169,143,148,127,143,159,165,142,150,154,138,152,163,162,169,170,153,134,146,118,146,152,147,141,149,155,126,129,141,136,148,165,144,152,137,152,146,160,152,156,146,138,135,166,152,164,151,152,150,158,141,146,140,145,152,156,152,152,149,137,158,161,132,151,135,140,144,154,158,130,152,157,149,159,147,148,168,138,151,151,164,156,141,158,157,133,126,150,160,151,167,145,148,140,135,150,146,155,153,172,143,139,156,152,142,144,150,157,144,160,145,157,139,146,164,141,136,150,161,172,154,164,171,163,143,141,143,148,151,139,144,154,155,148,129,145,147,145,155,149,150,146,158,149,146,147,147,140,157,153,153,157,160,156,157,140,141,130,161,160,160,147,150,144,154,138,157,143,143,150,141,137,146,157,124,150,140,163,149,159,143,133,148,146,169,171,145,136,149,149,154,152,140,154,154,146,171,151,151,149,153,158,156,144,165,160,160,126,159,147,163,159,160,148,156,149,158,146,159,164,175,139,150,134,145,150,151,150,146,158,132,135,169,136,144,137,142,153,144,150,134,135,144,153,139,152,157,159,149,130,153,142,149,157,151,132,142,136,154,176,145,149,139,149,127,170,154,158,149,146,137,148,156,153,153,145,149,170,139,154,145,149,153,128,151,159,151,139,154,157,150,131,152,139,150,156,136,163,144,161,141,142,161,145,151,148,150,152,126,136,143,134,147,149,161,160,157,145,151,131,131,128,155,156,150,144,138,150,139,149,141,145,143,146,134,171,150,154,147,158,142,126,171,148,130,145,136,166,156,163,147,145,153,162,133,149,157,127,153,156,146,159,156,154,146,135,139,160,151,147,139,155,140,152,150,146,143,139,154,146,144,161,137,142,134,152,162,156,154,147,179,152,157,150,146,143,155,141,125,153,162,150,161,169,135,162,135,157,135,153,152,160,133,152,152,148,154,142,135,154,133,135,154,147,153,153,164,166,150,163,153,153,153,125,162,128,151,152,163,151,127,147,147,174,159,151,142,136,153,147,138,158,143,145,146,164,135,163,160,156,153,162,157,158,151,153,155,148,167,148,138,147,147,168,153,134,139,156,136,150,147,147,145,137,182,145,154,152,155,153,150,165,149,134,155,147,145,151,155,159,141,139,143,165,159,149,152,149,145,134,161,153,145,165,177,172,154,167,142,162,145,152,163,165,154,150,152,168,152,128,129,161,161,156,162,143,160,150,147,153,138,157,142,151,165,165,140,143,153,158,153,133,160,162,147,162,152,161,152,157,148,161,152,147,158,146,156,158,139,137,138,142,146,133,157,145,146,155,152,163,138,145,148,155,164,140,152,138,134,170,125,141,150,146,142,155,140,157,146,146,153,134,160,151,151,158,131,153,155,157,160,133,148,153,141,143,144,137,157,138,137,144,154,161,157,135,146,134,151,171,158,151,149,139,146,149,156,152,132,129,139,154,158,146,142,158,147,150,132,148,156,173,158,143,145,153,147,153,140,156,152,149,155,134,158,152,154,139,135,145,155,147,145,157,160,155,171,150,147,143,159,154,163,154,156,145,136,157,150,136,163,162,148,168,163,172,146,154,158,137,155,143,179,147,154,137,171,158,149,161,168,151,149,170,137,148,160,162,154,159,144,143,136,142,148,160,155,163,155,154,147,150,146,154,130,163,162,148,160,149,162,147,133,161,147,145,127,142,151,162,154,157,146,142,152,166,151,149,152,129,152,152,139,150,148,149,143,148,147,155,158,163,154,138,154,135,147,151,147,154,138,153,150,125,160,145,163,169,144,152,153,158,143,153,140,139,134,147,145,150,137,131,133,163,144,175,141,141,155,142,151,153,164,143,153,152,150,142,153,148,141,146,144,146,159,146,142,143,147,139,140,147,146,149,151,124,165,134,152,148,143,155,156,141,151,150,149,146,140,153,154,138,150,139,141,135,153,153,159,155,142,147,149,148,150,150,155,151,164,152,156,159,149,151,150,155,164,154,134,146,150,151,172,136,157,145,156,158,159,131,143,158,145,146,143,135,154,162,143,170,153,150,152,148,167,162,145,138,153,168,160,145,161,136,152,141,154,134,159,160,163,144,147,169,164,158,144,145,157,150,139,138,148,156,135,156,143,133,136,144,146,148,134,172,153,153,167,162,161,167,151,151,153,161,133,161,160,149,144,158,135,166,161,159,135,153,150,132,166,156,169,146,144,144,145,152,145,147,155,160,152,159,150,142,147,153,156,155,152,146,158,163,155,156,159,133,144,146,152,145,158,158,139,147,158,150,132,163,149,134,165,139,146,135,139,146,140,160,148,141,138,130,147,155,134,148,142,145,162,151,151,144,157,145,170,156,142,148,148,167,156,148,144,167,150,163,152,140,156,162,161,136,156,154,160,145,139,143,148,155,148,141,145,144,162,166,132,170,148,154,152,160,155,160,155,153,146,155,150,136,138,142,154,163,149,140,134,153,168,150,162,166,165,137,143,137,145,155,136,172,150,134,157,144,151,132,136,144,165,147,155,172,126,159,143,147,150,154,139,158,143,131,171,156,171,141,155,160,154,144,133,159,166,145,142,156,134,171,153,158,149,163,143,159,144,131,144,163,115,160,163,141,149,142,140,150,142,156,155,150,136,136,153,143,145,154,151,136,143,153,122,150,164,158,159,148,144,156,178,150,147,148,154,153,142,138,145,153,157,153,167,151,139,137,157,165,159,133,135,156,173,153,140,156,159,155,158,144,157,157,160,151,150,153,164,164,139,163,130,154,155,162,147,172,173,148,154,147,154,166,150,148,155,131,145,148,152,155,150,152,148,148,148,157,153,153,137,151,136,155,149,159,153,143,141,145,151,137,152,143,143,130,137,146,151,152,154,150,130,155,144,153,158,141,145,168,149,143,146,159,149,154,135,154,159,158,157,144,157,149,152,144,148,146,146,166,154,140,152,150,142,156,151,145,142,153,152,141,136,154,143,153,143,142,150,156,155,175,148,148,138,149,149,153,155,166,148,148,174,146,158,140,160,133,160,143,145,161,166,162,159,144,159,150,150,158,153,150,135,153,143,156,150,128,132,145,141,142,159,159,152,153,147,158,148,120,135,143,149,146,156,150,142,133,152,144,182,164,147,157,164,135,166,129,149,143,145,158,148,135,152,145,151,141,132,153,145,160,154,144,139,159,131,146,147,141,141,157,156,150,137,162,156,156,139,151,151,162,134,144,160,155,159,170,147,144,156,136,149,162,138,150,145,132,162,140,130,154,143,142,146,146,149,151,162,144,148,131,173,147,147,160,138,144,148,142,138,143,144,149,138,146,155,153,157,152,179,143,147,140,152,161,145,162,156,139,145,158,165,153,132,149,152,161,154,135,128,158,141,156,159,152,150,143,139,165,159,154,139,149,166,154,147,147,139,143,133,138,141,157,155,151,144,125,157,150,135,155,151,142,155,141,162,137,157,128,141,149,149,148,161,145,137,166,136,141,170,149,138,136,154,153,144,163,173,158,143,138,143,154,166,148,143,154,143,138,137,146,156,161,152,156,165,165,143,162,144,151,145,148,163,140,143,140,153,143,154,151,141,134,147,150,144,169,161,141,148,126,149,170,136,137,151,146,141,160,156,148,144,136,152,149,144,149,159,158,125,140,152,153,164,131,143,151,166,151,153,150,150,163,150,145,160,143,158,142,162,150,148,143,151,148,154,179,151,171,143,151,149,153,160,157,155,159,163,151,156,147,142,165,131,158,159,142,142,140,168,149,162,159,138,170,114,154,151,155,141,159,144,160,125,148,163,149,144,139,147,146,158,154,167,144,138,161,154,148,144,157,159,146,142,146,161,163,139,144,145,141,157,157,129,141,145,154,137,146,145,148,151,142,144,146,153,159,140,177,155,157,177,154,133,157,146,141,143,160,148,168,174,147,157,150,154,150,153,141,149,154,147,165,157,144,139,154,172,137,164,170,145,141,143,165,151,156,155,144,138,141,150,152,137,150,150,168,172,149,161,156,138,155,148,152,152,164,151,148,156,152,143,160,153,157,151,155,144,156,154,144,138,154,136,134,141,148,155,146,147,138,152,143,146,139,144,148,142,138,141,146,148,137,139,155,165,139,174,159,142,166,145,140,120,131,150,144,134,149,145,161,151,145,156,159,144,151,150,159,141,167,150,170,158,159,147,151,154,154,145,136,144,163,156,171,144,151,153,147,152,158,151,156,150,123,137,143,172,148,131,139,183,166,143,142,149,173,147,142,141,150,137,159,149,149,163,139,132,149,142,142,145,143,148,138,135,151,158,144,123,141,141,155,150,181,153,158,152,151,154,159,163,165,139,142,143,156,152,128,163,150,142,158,157,151,165,144,154,157,144,164,149,154,135,147,146,144,159,141,158,149,160,152,149,143,160,142,135,141,149,143,164,158,131,159,153,154,165,152,160,146,144,151,159,148,146,157,151,130,144,138,154,146,165,157,151,149,150,148,162,150,155,145,150,166,145,168,147,144,150,152,145,161,152,160,152,153,157,153,141,150,133,152,146,163,151,157,133,133,133,152,138,147,163,146,163,149,152,136,142,159,153,145,154,156,152,163,142,160,150,145,149,147,139,152,161,142,162,149,146,145,144,128,163,125,135,157,142,139,129,151,171,141,145,149,140,146,137,144,147,154,152,153,147,162,162,150,137,149,135,151,152,149,168,154,151,149,160,144,155,129,129,155,139,136,152,149,161,132,147,146,157,137,149,141,146,143,147,183,142,129,136,142,147,156,147,129,133,150,142,154,145,136,135,161,144,149,164,151,150,144,155,153,146,165,166,147,159,152,150,157,171,159,163,156,171,152,146,165,159,137,157,153,155,135,154,151,138,171,160,159,145,138,172,162,139,147,154,129,155,156,150,135,129,175,166,157,137,141,145,145,131,125,149,156,179,132,165,168,152,161,135,151,142,143,141,145,119,147,145,147,154,162,140,154,149,159,133,139,138,157,146,151,157,151,154,136,135,145,142,150,157,147,150,144,168,132,144,168,157,148,139,168,151,142,139,142,151,161,160,160,149,161,154,135,167,142,168,141,162,141,143,140,150,148,145,137,151,143,151,132,140,178,140,156,173,134,146,146,142,152,155,162,139,149,151,151,153,157,145,130,153,152,155,150,163,152,150,158,140,155,152,143,139,157,148,137,152,140,153,166,148,148,156,162,132,150,159,149,144,156,166,137,142,152,150,153,135,152,144,152,144,154,151,141,149,161,148,136,168,152,155,139,152,148,140,161,146,158,142,144,133,150,161,148,145,128,138,140,154,160,153,145,154,157,150,152,149,148,167,146,145,146,156,136,150,157,125,134,136,156,129,150,167,159,151,140,148,156,161,143,163,146,164,142,148,154,163,136,161,148,151,137,150,126,151,141,166,146,147,154,145,155,139,155,160,155,143,144,142,149,147,168,141,130,135,143,150,143,140,155,141,147,177,166,141,143,128,157,147,141,163,149,145,146,147,148,134,148,156,173,139,157,133,149,127,147,165,149,134,155,140,146,129,156,142,158,155,149,156,151,147,173,146,160,164,138,149,145,176,166,146,146,148,131,152,166,150,132,167,164,160,165,154,160,149,134,146,136,147,163,141,137,139,149,152,143,150,139,140,147,145,141,130,162,141,159,155,155,153,129,171,140,142,152,160,156,143,161,143,150,144,160,137,151,140,140,165,137,152,162,164,164,142,155,139,149,150,157,162,148,153,145,168,133,137,151,148,160,145,151,168,132,162,142,163,155,148,146,152,132,149,139,152,168,142,149,158,146,150,139,173,154,155,152,147,175,144,142,158,126,157,161,140,142,144,144,141,142,167,140,156,147,148,145,147,148,161,162,136,121,140,146,161,149,157,155,143,157,136,152,147,162,142,151,154,153,134,144,138,155,168,166,148,159,152,142,128,156,148,161,147,153,148,156,143,156,148,156,147,170,154,146,146,156,150,148,157,157,151,140,151,159,148,127,131,151,155,153,158,146,148,154,144,146,161,159,154,139,146,153,158,152,145,154,153,152,150,159,141,168,164,148,159,144,140,162,147,145,162,174,144,136,153,151,142,151,154,170,150,138,166,151,151,141,129,132,147,159,133,154,161,135,164,132,165,145,164,146,131,123,128,162,153,141,155,137,143,137,169,150,157,158,142,160,160,131,136,147,154,135,161,131,172,133,148,151,147,144,141,128,143,141,146,135,147,156,154,155,163,151,148,170,151,165,155,143,146,165,147,148,163,153,130,156,152,148,173,152,153,144,152,141,136,142,139,143,157,156,145,162,162,148,175,139,145,151,145,158,133,144,157,135,157,140,154,144,153,150,145,152,150,142,157,149,137,141,159,153,143,143,144,151,146,148,148,135,146,173,142,152,131,151,143,146,139,150,143,155,146,161,162,163,148,161,144,152,169,161,150,156,162,142,150,156,129,158,165,159,139,143,150,159,152,149,154,133,149,141,137,148,160,110,157,151,144,138,161,157,150,142,149,157,141,138,162,145,138,147,160,151,173,152,131,136,136,143,171,125,152,150,141,147,139,137,152,138,144,139,138,150,164,154,151,157,148,146,156,149,152,171,144,148,155,147,168,165,163,151,156,141,146,144,141,145,138,144,128,145,153,141,156,150,168,158,141,137,158,142,145,157,141,148,171,151,146,167,138,150,140,146,153,145,144,155,152,159,152,139,160,149,143,151,132,140,160,145,159,148,141,144,176,159,147,146,149,147,135,157,147,143,136,161,165,162,145,153,124,151,152,154,148,134,152,167,137,165,162,159,144,148,149,173,161,132,148,155,141,159,150,144,126,159,144,141,168,138,178,150,157,168,130,184,148,137,147,137,149,134,156,132,147,146,142,148,153,149,134,147,167,156,145,152,146,159,163,162,169,158,163,161,167,145,162,149,164,154,135,138,163,154,139,148,157,118,138,136,105,139,136,147,170,159,156,148,134,153,152,152,151,143,150,134,165,165,146,145,154,154,147,140,155,137,145,150,159,143,156,137,148,147,171,137,148,133,163,168,155,164,148,154,140,159,161,151,147,152,148,138,145,149,138,128,129,140,154,155,145,158,149,157,172,140,147,145,154,154,163,148,149,161,148,146,150,143,139,155,156,157,132,161,130,156,159,155,155,161,143,130,169,149,138,139,121,139,141,157,137,156,153,149,145,146,164,138,153,143,163,148,144,151,149,155,167,152,154,152,155,128,174,141,147,153,156,163,143,143,159,154,159,128,150,141,127,145,155,152,150,150,153,165,148,153,152,142,135,146,149,151,160,140,158,150,155,169,148,153,157,146,140,143,139,180,168,145,157,140,146,153,154,152,142,161,133,146,142,157,157,148,129,160,136,148,137,154,161,150,153,148,163,129,158,148,142,158,158,156,171,140,141,160,150,158,149,141,135,156,152,152,160,160,151,155,153,133,149,157,154,165,161,130,155,158,158,136,140,149,162,143,139,139,149,149,152,133,144,148,145,142,155,159,155,135,157,155,154,163,156,153,158,145,146,143,180,147,151,154,152,158,146,161,162,140,145,163,148,160,169,136,150,155,160,140,153,154,131,157,144,138,143,136,142,154,134,153,144,169,158,138,147,143,144,161,151,153,161,144,140,153,156,144,140,160,149,148,159,143,160,154,172,162,142,163,139,140,130,162,142,141,157,164,143,158,165,146,136,153,161,137,149,145,147,155,152,129,153,136,134,130,138,181,151,157,142,153,141,157,149,148,151,143,140,148,147,152,149,141,149,164,151,162,146,145,134,154,151,157,152,138,152,148,159,168,151,153,139,156,148,136,149,151,158,152,137,144,155,144,149,131,145,148,161,155,161,135,153,161,164,155,154,133,157,153,149,181,134,158,139,132,144,159,147,147,136,151,152,132,141,162,148,144,149,142,156,145,134,146,134,147,150,161,148,145,147,166,157,160,117,143,136,157,144,154,148,141,166,157,134,152,142,151,170,148,142,143,165,143,130,164,137,134,140,136,147,150,145,146,154,148,149,132,135,150,160,142,164,163,137,162,143,127,146,147,158,151,164,144,160,146,147,164,136,154,158,132,149,143,164,157,164,156,138,156,147,156,150,129,144,157,155,131,141,154,145,151,163,170,135,145,151,141,134,154,138,176,148,158,155,138,157,158,152,151,123,139,137,138,141,155,148,152,150,163,141,158,148,143,144,146,156,147,177,152,161,146,150,139,146,144,145,141,165,144,156,152,160,166,135,155,158,165,141,143,161,149,165,158,131,154,141,145,141,154,136,121,145,148,159,128,153,131,167,151,159,150,130,150,177,146,166,149,160,156,161,165,170,150,146,152,156,143,136,124,150,151,149,147,158,151,159,142,141,163,153,148,148,134,167,163,143,162,149,142,145,145,147,150,140,146,159,168,151,161,139,147,143,138,160,142,141,150,157,145,141,165,173,131,147,163,155,166,153,135,142,147,137,166,159,147,156,171,165,159,159,152,142,159,143,151,157,145,154,144,166,141,152,158,160,163,143,138,149,152,152,143,143,171,159,165,151,159,149,151,153,157,146,147,155,141,149,150,172,155,172,144,152,147,149,153,149,169,159,150,132,147,160,147,147,136,146,141,142,142,135,165,145,148,161,160,170,155,154,158,162,141,156,174,139,148,141,151,137,149,156,158,146,158,154,146,153,155,133,146,143,168,147,170,137,143,155,148,153,159,146,154,145,137,143,153,141,154,153,147,161,143,160,161,167,143,144,152,149,154,153,123,158,144,155,167,135,137,146,148,141,145,148,148,155,153,144,148,157,161,138,150,164,157,154,164,162,145,154,145,152,152,166,155,125,162,144,157,156,143,160,150,149,156,138,138,151,149,129,158,148,143,149,139,151,153,162,153,136,148,142,147,140,145,153,145,152,140,146,151,148,160,153,143,144,150,151,140,139,156,154,170,152,145,146,162,169,165,134,167,154,151,175,141,167,137,146,141,153,153,139,148,147,143,170,135,172,145,157,151,153,158,157,138,143,136,127,129,126,165,131,149,163,151,130,158,146,152,140,154,140,151,150,139,136,147,149,156,159,159,170,165,158,139,133,163,168,142,147,139,142,161,146,149,152,156,143,146,142,159,142,169,152,160,136,143,139,156,151,157,156,139,152,153,149,148,144,159,150,157,147,152,157,145,161,148,127,157,143,135,155,135,140,141,136,157,151,162,147,140,144,151,133,126,169,156,164,152,155,150,157,144,161,149,154,154,142,132,128,163,174,167,151,151,139,165,153,159,136,154,175,153,160,152,157,151,153,147,159,145,154,148,147,157,152,156,155,148,171,151,167,135,159,149,148,159,159,149,150,158,154,150,166,155,152,158,160,161,161,151,135,158,148,152,154,148,148,146,148,135,147,160,152,123,152,139,152,162,142,158,167,159,149,152,162,146,146,151,162,162,136,147,141,164,148,160,139,148,149,144,156,137,145,157,144,144,160,139,142,161,157,147,168,152,155,154,168,152,124,152,153,153,157,149,140,132,139,143,153,152,154,131,138,158,145,145,143,134,157,171,141,156,155,171,153,168,142,138,175,153,152,165,138,155,158,147,147,160,152,140,139,130,140,151,155,147,149,154,144,134,158,149,140,147,139,139,149,156,143,165,151,158,135,160,157,146,150,142,148,146,160,156,140,160,137,154,140,133,143,155,162,150,140,149,139,158,147,159,143,156,148,140,161,146,167,138,151,154,155,159,146,166,170,138,142,152,144,149,156,143,150,163,168,153,148,141,150,136,165,144,148,158,155,153,144,163,157,137,138,143,139,163,145,153,134,144,147,156,166,153,152,156,163,151,157,152,163,150,141,155,166,141,148,154,153,153,141,149,148,145,156,143,156,134,155,152,144,155,148,151,160,154,166,143,135,157,151,140,158,124,146,138,144,135,144,128,121,139,144,167,161,140,145,155,169,152,169,148,157,144,143,161,146,149,151,159,171,149,140,159,152,133,142,135,137,134,153,140,175,136,132,154,157,145,151,159,160,158,151,164,163,155,161,142,142,153,165,155,149,145,155,150,151,153,142,149,148,145,142,151,136,147,154,144,156,144,159,144,158,161,132,128,143,151,142,154,154,169,143,143,140,155,151,147,147,138,165,147,134,131,176,161,150,151,144,145,165,136,164,148,156,133,140,157,145,157,145,135,137,168,157,144,138,148,156,149,159,133,145,139,136,154,166,158,159,139,159,144,143,139,138,151,143,139,167,151,147,159,160,144,166,167,150,144,155,154,152,149,141,169,137,159,138,145,148,151,131,143,167,139,169,159,164,155,138,146,150,154,164,156,153,133,163,142,144,134,151,157,167,133,130,150,150,153,146,145,154,153,151,155,154,139,147,159,156,160,158,149,131,131,140,171,143,155,152,146,159,135,144,157,166,139,148,143,149,150,136,158,160,148,139,132,158,158,158,149,150,146,155,158,158,148,161,151,144,136,164,158,152,150,160,150,156,159,173,159,156,141,151,131,154,145,140,139,135,135,154,145,159,153,146,137,137,147,146,154,143,150,147,150,141,153,157,152,161,148,155,150,166,149,157,154,145,154,144,153,145,144,140,150,154,139,140,158,170,152,158,136,155,158,149,135,166,151,148,157,134,149,138,161,148,138,156,143,136,150,140,143,163,157,135,162,137,158,147,153,153,151,155,166,139,144,153,143,141,151,157,153,162,148,142,161,160,167,150,153,138,152,131,157,147,153,152,136,145,155,141,143,164,161,148,185,159,147,165,164,143,148,139,152,145,162,171,152,155,133,134,133,136,146,133,147,153,132,151,136,132,178,148,159,155,156,132,152,144,145,141,158,144,143,146,150,131,156,153,136,155,125,142,133,158,158,154,133,153,157,145,167,143,154,151,149,147,162,154,161,164,133,149,145,137,136,131,157,146,144,128,152,155,135,145,153,151,153,149,131,163,152,155,148,142,140,148,150,146,136,167,141,141,142,136,163,150,152,165,148,163,163,149,165,141,154,141,139,180,155,144,150,168,136,133,156,145,143,165,156,136,152,148,135,134,154,142,163,145,165,157,145,143,148,151,156,157,154,152,145,156,132,140,165,147,167,140,151,155,149,158,140,142,141,156,157,146,159,140,144,144,132,143,150,131,169,162,161,151,159,145,145,145,151,137,165,151,147,143,150,137,154,159,149,154,142,136,162,150,177,155,148,168,164,137,167,150,151,162,140,151,136,159,163,150,123,158,150,140,144,141,153,139,151,145,146,161,142,134,151,137,155,145,154,135,150,157,163,156,137,160,160,148,146,141,144,157,150,139,152,144,135,149,134,158,155,136,156,165,139,153,143,161,160,167,151,129,156,142,147,139,142,162,142,160,148,164,132,147,150,135,134,155,146,132,169,147,144,146,139,152,136,149,143,155,160,145,140,148,138,154,160,138,134,141,141,152,135,157,166,171,145,159,159,157,147,136,160,154,152,141,147,163,145,157,165,160,144,150,155,154,137,159,141,142,138,153,138,154,154,132,157,127,160,165,140,151,149,146,154,144,147,160,133,160,153,140,153,167,131,167,154,161,163,150,140,130,142,163,147,148,144,137,169,148,156,151,150,155,143,170,161,158,177,158,142,142,147,141,133,141,145,162,164,153,149,154,156,161,145,142,165,146,153,152,139,158,152,139,138,148,149,168,142,164,147,155,146,163,165,151,173,137,164,146,157,148,157,144,149,142,149,157,164,140,141,136,140,147,157,148,136,162,146,144,144,167,136,156,136,125,150,139,156,172,142,144,163,150,135,153,134,149,138,151,153,177,154,141,164,141,154,150,140,178,146,165,161,162,151,150,153,156,148,161,154,141,144,148,152,154,142,144,149,150,146,139,145,160,132,146,147,145,146,165,173,157,139,142,142,152,147,136,159,155,154,138,138,161,159,131,152,151,174,156,137,159,165,157,148,148,147,148,155,148,158,167,150,158,153,137,155,148,165,140,155,161,142,139,161,151,148,141,134,142,152,168,155,148,142,147,154,147,156,161,138,146,167,162,144,151,136,147,142,150,153,139,153,133,146,160,143,149,152,154,158,153,141,150,134,143,137,141,156,157,133,164,157,163,157,125,136,137,125,133,161,164,140,137,155,142,163,156,152,152,150,149,151,140,152,150,155,150,158,153,148,146,134,147,152,144,156,147,147,159,155,142,170,156,151,158,138,155,152,153,147,149,158,158,137,140,147,158,140,149,148,159,137,152,144,157,151,149,130,144,163,156,153,144,160,144,168,149,150,133,169,162,125,155,141,127,146,148,166,132,165,162,131,147,148,143,160,160,158,167,149,175,146,135,150,154,156,154,162,154,146,162,153,140,137,158,155,136,153,145,160,163,139,137,162,160,153,148,162,157,155,148,172,143,141,148,155,135,153,131,154,157,149,155,150,155,130,139,155,163,159,145,152,155,161,149,156,145,156,136,139,157,154,147,135,141,146,139,165,151,132,131,138,153,139,149,142,150,155,148,154,153,141,157,158,152,157,154,153,159,150,150,127,159,144,166,164,143,155,142,129,147,155,139,158,159,143,153,149,138,143,150,154,136,163,147,154,138,159,156,146,143,157,155,158,147,140,163,147,147,152,141,138,161,161,167,144,151,131,149,169,134,146,154,149,152,139,138,127,170,152,144,144,150,146,148,147,137,131,148,161,143,148,164,142,163,158,149,150,153,149,145,156,145,144,144,141,133,144,145,147,152,155,162,160,145,148,143,179,145,145,123,148,138,149,145,156,138,150,142,148,157,143,160,153,165,139,158,143,155,148,157,144,155,143,150,164,157,144,138,178,163,159,152,157,124,168,157,156,150,142,153,143,150,154,148,144,163,153,159,157,148,153,139,138,150,160,150,158,144,158,165,178,152,149,158,148,156,160,148,142,150,157,142,150,161,142,144,160,165,149,147,166,132,136,137,147,156,150,148,152,149,145,148,137,164,148,150,169,149,151,171,151,140,138,153,145,165,144,139,128,156,117,143,166,149,126,146,139,159,147,149,155,142,153,154,142,169,147,155,157,144,162,139,148,133,150,172,144,130,160,153,162,142,158,153,159,161,150,170,151,148,147,153,137,145,143,156,143,141,145,130,131,168,163,131,146,164,164,147,158,143,159,147,159,164,159,159,133,151,146,137,155,147,135,150,163,152,140,146,143,161,149,135,147,141,151,154,127,145,144,157,148,147,151,156,160,157,149,165,169,152,147,140,145,151,152,131,160,156,159,155,156,156,158,158,167,155,154,149,152,164,165,142,143,141,141,139,143,154,148,172,136,146,157,149,167,154,163,147,156,152,125,149,149,133,147,142,154,139,149,150,144,167,155,136,162,153,143,151,144,153,162,163,157,149,140,154,152,131,161,137,152,141,130,159,148,151,155,159,151,145,129,160,125,144,138,160,160,148,144,162,153,160,150,148,147,135,147,158,139,145,152,162,156,154,142,157,139,155,144,150,148,164,148,158,128,142,157,153,170,141,144,143,144,165,166,159,166,148,142,147,172,132,146,141,140,157,141,162,151,159,155,149,155,135,124,152,150,142,135,154,142,155,146,161,134,167,148,147,177,138,166,141,169,153,161,143,174,153,137,140,149,154,140,159,145,162,153,156,130,143,141,145,145,152,164,158,150,146,145,149,155,167,146,147,153,150,129,146,136,151,153,139,137,136,168,164,140,154,148,142,149,140,150,146,150,141,147,156,159,142,152,145,158,151,155,141,146,143,154,138,144,137,153,130,152,155,151,157,141,146,149,148,162,152,162,161,145,149,144,159,152,150,157,152,143,135,123,155,161,154,154,144,147,153,138,142,146,149,150,147,157,160,145,137,141,153,145,141,156,154,155,152,143,148,135,151,152,153,149,151,155,129,134,150,157,153,167,154,151,157,141,159,133,152,134,162,171,152,146,165,143,143,156,148,156,158,152,166,138,150,143,131,163,160,141,148,159,147,144,133,146,168,154,158,142,167,149,162,155,144,154,147,178,153,152,136,174,158,162,138,144,153,141,153,172,154,153,144,148,158,148,153,154,143,162,146,161,181,154,147,142,135,165,159,151,153,164,145,151,134,145,149,162,138,153,161,150,156,149,166,152,138,145,147,157,146,141,141,153,130,140,159,138,160,146,147,151,147,166,173,149,146,161,139,134,140,156,156,146,158,136,142,144,155,160,164,157,145,154,164,150,166,158,139,149,141,162,158,152,150,148,164,158,160,163,166,158,172,127,151,154,158,162,136,151,138,158,146,157,159,174,168,148,162,146,139,148,145,146,147,141,153,161,134,151,151,155,146,142,159,137,141,147,150,169,156,160,152,150,163,168,145,166,162,152,147,150,151,139,157,154,141,160,137,143,153,150,136,163,148,143,157,164,164,149,161,144,152,170,155,151,154,139,140,165,143,156,147,150,168,155,152,169,181,152,152,146,124,153,156,127,167,166,141,170,143,152,153,162,140,148,155,143,141,163,169,132,147,160,170,163,134,146,154,141,153,174,153,147,146,149,147,175,148,140,153,156,144,157,174,148,146,149,151,144,147,154,154,152,150,148,144,166,128,134,162,137,170,142,157,138,148,149,143,146,146,186,145,176,163,166,147,152,158,139,133,148,155,142,146,158,160,152,148,149,154,167,148,147,150,147,150,160,143,170,153,140,154,145,149,151,167,156,167,134,156,142,149,162,145,157,141,142,157,157,146,142,170,145,163,144,148,163,148,161,149,165,155,144,154,155,151,149,151,140,154,137,162,155,142,145,160,146,184,132,153,138,162,138,149,160,145,158,135,158,147,146,148,144,142,155,162,135,144,156,162,150,161,149,138,147,152,165,169,125,151,155,158,138,155,173,146,144,151,141,149,165,138,146,160,141,155,170,138,145,142,164,129,157,137,166,144,147,144,146,141,149,146,154,134,148,150,146,155,139,129,144,137,161,138,150,137,147,146,141,160,158,152,148,141,149,137,153,140,170,152,147,164,141,160,147,145,164,134,142,131,161,140,141,153,164,164,161,147,154,154,149,133,149,159,162,153,164,160,147,165,143,145,158,148,135,144,139,153,156,144,143,141,143,160,144,155,145,132,151,150,154,132,156,168,141,154,152,145,159,152,156,155,152,137,153,160,155,140,142,143,159,142,165,134,168,144,145,177,152,144,137,153,147,142,131,146,150,149,152,147,143,166,136,160,136,143,150,139,144,138,154,148,151,142,144,128,159,163,160,144,138,162,167,151,149,135,148,175,168,144,149,147,151,148,148,143,148,169,148,145,163,146,140,143,138,166,145,155,139,141,141,146,162,134,150,163,150,151,147,151,132,164,168,179,153,142,157,134,153,150,158,159,147,151,141,130,156,142,148,156,144,158,153,144,151,152,143,144,130,144,142,155,155,147,160,138,158,144,152,165,140,147,153,150,174,135,151,154,134,158,130,149,159,157,143,151,148,157,131,159,128,159,160,171,131,137,147,149,141,149,150,146,161,147,156,157,129,148,154,133,145,163,170,164,153,146,163,155,169,143,156,154,144,146,150,147,148,165,159,135,152,139,136,146,163,149,163,148,147,162,174,137,124,153,141,154,157,138,122,149,147,152,144,154,153,125,151,157,150,145,161,151,134,165,148,146,148,140,141,140,139,141,163,142,133,147,149,137,133,152,146,167,148,156,150,146,148,132,152,160,147,144,141,160,145,154,162,159,140,145,139,146,147,153,143,146,154,165,141,156,149,140,158,141,152,157,142,151,154,171,137,158,152,155,155,152,142,149,147,162,146,152,151,154,148,145,155,159,151,156,161,143,145,148,148,145,133,145,162,138,155,139,123,146,149,162,152,149,149,156,141,159,138,136,137,148,156,154,152,145,143,153,167,148,147,133,162,147,147,146,130,167,163,153,144,145,134,131,153,159,133,139,139,144,143,166,166,129,132,143,136,138,152,139,160,162,159,140,156,136,140,132,134,155,165,143,135,140,135,150,146,158,151,150,154,155,146,148,172,160,144,151,148,161,141,149,152,143,157,141,164,140,147,143,170,153,129,149,147,148,153,139,163,146,158,153,140,154,149,150,142,159,144,155,154,148,159,130,151,154,144,155,144,156,146,159,166,166,134,161,141,142,159,158,173,150,142,153,134,146,160,154,138,150,138,160,145,143,152,146,151,158,165,152,137,175,158,167,145,148,142,144,158,153,156,141,144,144,153,145,155,140,142,140,146,161,134,159,141,145,145,152,136,154,158,166,145,162,141,138,141,139,155,131,143,145,174,172,161,137,168,151,169,144,160,154,128,157,124,162,137,151,140,151,139,165,169,148,135,160,164,149,132,156,159,175,170,161,168,165,161,139,146,143,150,145,137,149,167,141,159,156,140,164,142,155,148,137,143,146,166,142,167,145,146,157,148,146,160,145,145,152,142,142,160,149,157,151,142,170,179,160,141,148,141,175,161,146,144,174,165,164,159,142,151,165,141,142,154,139,135,144,149,162,135,142,138,154,142,159,166,135,168,148,152,155,157,142,154,138,142,150,166,152,151,150,161,143,140,139,143,156,141,163,137,161,139,154,163,156,149,155,155,157,161,149,165,154,165,146,140,159,156,146,155,151,134,144,159,144,142,142,150,176,154,146,150,143,144,143,175,145,146,124,182,167,135,151,143,147,167,144,149,148,128,137,167,144,142,156,152,153,142,151,144,162,165,154,151,135,159,130,153,145,129,146,156,140,173,155,157,145,154,141,143,141,154,173,141,139,150,163,134,132,152,153,162,143,132,153,162,158,157,148,154,168,139,142,144,148,156,150,157,131,175,151,166,150,153,149,148,149,163,162,136,132,143,153,146,123,136,146,147,153,135,146,155,152,143,134,148,159,142,160,149,133,134,144,151,155,140,160,145,149,135,144,155,146,141,139,171,147,145,154,159,156,160,145,144,152,150,157,154,167,145,152,138,155,145,148,141,146,141,131,148,156,140,135,153,137,158,152,167,141,173,161,150,126,132,176,145,134,144,152,161,166,154,146,173,138,143,146,152,136,162,157,146,165,148,138,145,159,149,145,159,129,151,139,171,140,164,154,141,136,167,148,137,138,134,141,137,151,175,162,169,165,134,141,162,156,137,138,147,140,123,161,136,145,166,179,147,163,161,169,141,163,142,154,161,134,158,148,155,136,138,136,171,148,156,149,156,154,160,141,142,152,138,154,154,168,151,165,139,152,149,159,169,159,161,172,150,125,165,144,152,145,152,137,138,163,172,154,133,160,148,156,153,137,162,162,146,142,153,151,172,139,168,157,148,128,154,131,130,151,131,135,147,144,134,150,129,147,156,172,150,136,155,155,147,160,137,151,170,158,153,167,157,144,154,140,154,141,167,146,144,146,157,140,147,157,148,138,155,137,132,153,150,161,154,162,130,145,156,158,149,155,142,153,164,147,143,145,171,157,144,141,156,141,162,147,137,141,142,177,146,148,140,154,138,149,152,150,155,149,151,154,132,150,158,151,157,148,143,162,146,148,133,148,128,139,145,156,127,132,150,158,145,159,156,153,147,160,149,125,138,159,149,158,158,166,147,145,155,154,150,134,170,159,146,145,138,145,145,165,137,145,148,157,154,157,136,158,160,159,143,153,129,146,162,167,141,145,161,160,150,148,154,155,148,134,145,147,145,160,156,130,143,143,147,145,122,153,137,150,143,162,150,153,134,173,151,166,153,138,160,148,147,158,140,146,156,157,162,151,149,166,138,152,146,166,133,175,176,155,160,145,134,154,131,143,134,161,147,152,151,162,160,154,161,140,142,166,147,145,176,155,160,142,153,155,155,143,145,141,137,154,143,130,149,144,169,164,136,176,137,158,139,166,131,129,140,136,161,163,140,159,155,153,135,144,153,152,168,142,151,140,161,170,144,156,165,154,146,147,140,151,163,152,159,142,147,146,150,177,157,160,137,143,144,150,144,142,150,148,136,153,154,152,146,146,138,154,149,134,137,141,153,142,136,137,156,158,143,144,163,160,167,169,152,151,175,144,145,139,157,147,143,147,137,141,149,141,170,150,157,156,165,154,154,168,139,147,147,140,154,144,170,144,165,143,160,147,153,129,146,145,159,147,152,162,140,157,154,152,152,173,143,141,152,151,163,140,139,155,166,152,172,141,149,165,155,152,164,122,152,157,165,138,143,162,157,148,144,136,147,135,152,155,160,127,158,142,152,131,135,145,157,150,162,175,139,150,153,154,139,156,142,155,154,144,160,152,159,154,154,153,153,148,142,142,146,149,150,163,143,156,152,138,140,145,132,159,152,150,164,145,150,147,149,162,131,149,150,147,145,145,139,150,166,140,139,136,155,166,165,147,171,156,148,163,145,158,142,154,136,171,150,151,166,153,143,165,161,148,161,159,156,144,149,153,151,159,132,154,132,146,162,143,139,156,131,155,158,164,143,150,138,147,168,158,148,157,136,179,165,161,154,153,130,159,142,148,161,142,138,145,140,142,133,154,151,137,143,175,152,159,133,138,155,156,148,152,151,153,160,162,156,156,148,147,143,154,141,159,157,162,158,140,149,146,151,141,157,142,153,145,164,163,142,144,148,151,158,132,147,151,157,143,144,155,160,134,167,166,142,149,144,157,139,141,157,169,155,145,166,165,165,156,141,161,155,149,157,149,133,156,134,145,138,135,145,167,141,157,134,146,148,160,156,159,139,168,149,137,158,146,164,164,170,134,141,146,154,144,159,155,160,136,155,156,152,134,153,135,169,151,141,138,133,141,153,168,149,140,174,152,141,141,165,174,156,146,135,147,142,171,143,134,170,159,149,144,159,153,135,152,169,161,164,157,147,136,152,143,155,150,170,143,144,170,142,159,145,150,135,134,150,144,150,142,165,163,148,161,150,160,151,149,151,151,152,151,149,167,156,157,143,156,144,142,133,153,150,146,147,149,153,144,147,138,155,161,169,150,145,146,131,136
161,128,144,144,145,165,143,147,140,139,158,142,160,144,127,151,130,156,155,157,158,171,148,146,153,137,136,157,139,149,141,142,158,158,160,135,146,166,160,141,145,162,148,142,156,149,149,128,135,131,150,158,154,166,148,151,136,144,123,153,155,147,175,167,159,140,138,147,152,140,149,142,156,156,137,154,163,157,141,154,165,146,151,145,165,146,142,148,140,159,146,149,139,154,146,138,160,146,153,147,145,157,163,153,155,171,135,153,154,138,145,147,157,144,147,146,142,157,142,145,149,157,155,163,159,144,144,133,149,139,134,149,143,159,144,149,136,145,129,150,146,151,157,167,161,144,169,155,131,148,149,148,158,133,144,137,151,152,161,148,156,156,173,146,145,149,173,148,164,145,146,124,147,157,155,132,151,145,173,145,133,146,137,137,156,162,149,150,162,159,141,136,154,155,142,129,143,146,154,167,165,148,157,154,142,156,162,146,133,160,168,142,148,161,148,148,154,146,168,128,164,148,148,151,151,139,145,155,158,158,139,149,159,131,146,131,165,165,146,172,162,140,150,154,148,148,146,141,151,172,149,148,144,154,152,160,169,138,130,147,161,163,147,141,164,152,151,156,150,150,167,148,160,154,146,160,133,154,154,156,132,140,156,153,136,142,155,156,143,142,134,145,143,152,160,164,153,157,146,177,154,144,146,142,150,128,137,171,153,163,152,143,155,152,151,141,149,147,150,137,136,152,158,152,150,130,144,154,163,158,171,152,142,136,151,158,157,146,144,159,150,141,147,130,146,173,174,156,168,160,138,156,143,144,140,142,159,148,148,151,137,163,138,155,156,140,178,142,137,146,150,152,143,143,136,150,139,161,136,139,155,152,152,151,139,137,154,159,148,151,146,132,156,137,146,159,143,160,161,160,137,171,156,165,146,160,132,160,148,168,150,157,141,146,143,143,143,133,162,141,135,146,148,154,154,116,158,139,146,158,153,134,166,143,152,141,165,160,148,147,136,151,178,154,157,151,159,148,154,159,142,142,163,153,160,166,154,130,139,143,128,152,141,140,138,160,149,144,153,157,147,150,147,136,163,146,141,152,159,156,130,146,169,142,135,162,158,151,151,141,152,133,138,135,159,143,160,144,139,143,165,134,144,157,161,150,166,137,153,131,150,146,136,148,148,133,126,135,145,143,149,166,165,145,154,147,149,125,143,158,153,144,154,159,147,138,132,151,141,139,142,166,153,168,151,135,170,163,151,153,148,153,139,164,156,154,143,170,142,155,141,123,144,164,141,139,164,165,158,142,153,148,153,153,135,171,161,154,148,162,144,168,156,146,166,141,153,147,158,168,147,143,148,131,163,156,162,134,146,160,136,133,137,148,167,162,152,159,153,134,155,159,165,147,138,149,146,137,156,163,154,158,129,158,157,142,144,136,149,160,142,152,152,149,149,137,158,150,147,146,172,148,176,146,157,132,143,132,138,142,149,161,151,152,154,140,156,131,151,133,145,152,157,160,154,151,152,143,154,151,131,129,141,166,161,143,148,155,156,166,143,147,149,155,139,145,149,143,149,159,147,152,142,162,107,152,147,143,166,144,143,143,139,152,152,169,127,150,147,157,155,159,171,150,154,144,148,143,152,146,145,142,135,149,161,180,140,146,142,167,151,148,136,141,148,141,162,148,158,145,142,143,159,144,145,150,149,152,140,168,150,158,122,149,157,144,147,143,157,141,166,140,130,153,145,154,151,143,134,156,151,149,168,148,143,161,143,161,138,129,140,139,138,148,147,161,158,164,156,164,141,139,151,149,156,160,146,148,164,144,164,140,141,149,143,146,144,140,150,153,132,136,135,144,151,156,130,156,159,153,143,142,129,139,144,147,139,134,139,135,163,149,111,181,146,162,159,159,161,148,152,153,155,142,141,137,162,148,175,161,141,164,149,154,148,136,155,129,161,154,130,159,166,152,138,182,145,147,143,142,178,150,150,160,156,148,163,138,140,150,144,153,152,127,134,162,153,162,143,155,141,170,154,169,131,147,145,162,147,145,159,157,161,156,134,151,140,157,156,138,140,162,137,166,143,144,148,162,145,156,125,138,161,150,155,156,164,155,146,145,139,160,152,156,138,134,163,147,151,148,153,139,147,167,152,155,159,153,161,139,156,157,147,155,145,160,144,153,155,146,144,154,153,163,148,168,157,142,157,144,161,144,134,154,150,153,142,150,143,145,152,168,157,147,161,151,158,158,147,159,143,141,143,157,154,166,135,149,147,143,154,157,151,158,160,157,165,175,153,176,139,160,140,169,137,139,130,143,152,145,151,124,153,152,149,144,129,146,145,145,147,154,138,141,146,140,159,157,154,147,132,145,157,172,161,150,159,168,159,133,161,134,134,143,155,151,148,139,143,158,155,154,124,131,152,146,147,152,142,163,147,158,143,160,148,145,149,150,139,150,147,154,140,152,162,145,148,146,155,165,144,152,161,144,136,169,154,137,137,171,150,158,133,147,156,165,140,146,144,164,151,145,168,155,158,155,148,155,143,150,151,135,137,138,144,143,134,149,151,145,155,159,162,144,143,143,133,128,153,151,134,153,154,150,158,148,150,147,151,150,139,158,146,139,144,140,162,154,168,141,127,146,160,150,156,132,145,138,155,157,166,164,152,169,144,150,154,153,149,134,157,149,156,153,123,145,138,149,153,146,148,139,139,168,138,147,145,156,154,164,147,147,159,151,157,164,129,145,162,182,149,160,147,147,153,161,148,144,152,152,145,134,143,158,152,162,140,158,147,169,152,167,147,143,151,163,151,161,142,170,160,142,139,154,159,151,143,150,146,146,131,144,130,145,122,135,149,145,143,134,142,142,145,156,143,153,128,150,149,138,159,150,156,165,143,153,158,133,161,132,146,123,148,156,161,133,133,143,156,144,150,139,138,132,147,141,162,142,150,152,150,156,131,150,149,144,169,147,137,156,166,160,158,155,147,158,127,152,145,154,157,151,151,163,150,143,152,136,156,150,161,170,150,156,158,182,154,145,162,151,155,152,170,151,152,147,142,146,144,147,149,154,160,150,153,146,170,136,173,168,153,141,160,139,150,171,148,150,139,155,157,148,149,143,136,151,152,148,148,149,133,160,152,154,132,136,144,159,164,149,147,138,164,140,137,130,148,150,158,160,164,148,156,163,153,140,157,136,152,162,151,145,150,156,146,121,136,154,155,148,138,147,150,156,149,153,133,153,132,154,149,158,144,156,133,150,144,138,144,153,136,156,146,150,143,161,163,157,147,141,152,146,151,142,149,141,150,154,141,131,158,139,154,149,158,139,151,153,143,148,158,183,161,158,168,138,138,144,145,140,129,147,137,147,153,148,143,145,151,153,149,153,171,145,130,161,150,158,146,141,136,146,137,150,154,156,145,156,162,151,168,177,143,160,155,156,155,160,152,146,157,141,140,158,162,156,155,173,148,150,150,152,142,151,157,153,144,147,145,140,155,138,152,150,161,145,161,150,145,144,133,152,149,146,142,158,142,160,133,179,165,136,162,156,140,151,143,173,155,152,156,154,147,147,144,151,159,134,140,164,154,147,128,156,134,158,167,142,139,128,156,146,151,150,137,129,161,161,171,151,148,158,154,157,134,165,144,153,153,148,147,147,138,137,145,138,153,141,147,164,154,144,146,157,161,171,160,145,154,150,140,144,146,150,144,135,147,168,163,156,145,142,157,151,157,129,142,150,115,134,140,156,143,159,174,142,153,152,134,149,153,166,151,159,159,154,162,159,151,152,149,157,158,161,175,164,156,150,138,162,155,146,141,150,151,144,147,171,155,156,145,151,140,135,158,153,158,151,156,155,152,165,161,152,132,146,148,145,149,140,150,158,140,141,143,154,144,143,148,159,169,172,153,158,159,163,148,150,164,142,143,156,154,155,154,149,158,160,151,150,149,153,156,155,142,142,160,137,138,145,152,152,148,157,165,150,153,159,155,133,160,154,158,137,147,144,143,160,159,152,162,153,150,150,154,156,168,153,144,143,140,140,158,144,150,151,167,160,132,152,148,146,143,162,152,146,154,137,153,150,151,154,160,158,131,131,136,164,158,134,164,159,141,155,142,143,147,143,157,138,150,153,157,151,137,154,154,136,138,149,149,140,155,142,137,146,154,142,155,155,154,154,149,150,170,146,155,138,150,145,163,142,144,143,148,136,147,148,141,161,149,141,147,140,140,163,141,165,137,137,167,151,153,134,170,160,137,140,161,144,130,163,138,131,144,152,151,142,162,155,164,157,156,146,157,160,156,158,139,154,154,151,153,157,143,153,147,166,162,142,152,161,160,154,137,144,157,143,177,160,145,145,155,156,138,149,161,145,149,140,155,173,158,157,133,141,145,155,158,141,134,164,157,157,144,152,152,152,131,154,150,166,142,145,136,148,149,141,161,145,150,135,145,137,150,161,160,142,148,154,156,145,158,149,141,149,141,140,161,141,163,150,137,140,150,154,149,158,157,150,139,128,150,159,137,154,148,150,153,139,146,148,154,148,138,159,141,137,152,154,133,146,143,152,151,170,160,143,144,152,153,143,162,166,150,137,142,138,144,162,149,141,152,148,130,175,145,140,158,125,157,138,152,116,152,160,145,158,154,139,151,145,143,152,145,132,157,161,156,152,141,144,141,153,126,148,149,165,161,155,133,143,150,158,142,142,144,144,143,144,140,154,160,148,150,145,135,148,147,141,167,146,165,148,181,156,158,143,159,155,137,143,167,150,149,150,161,146,151,152,135,138,148,131,169,152,139,158,156,152,156,145,164,153,159,137,157,155,147,160,156,150,140,155,149,149,158,150,143,146,153,143,153,151,150,145,156,151,145,177,139,176,156,137,136,149,153,149,157,166,158,146,140,153,144,148,138,173,157,149,136,154,150,160,158,151,149,146,150,148,160,147,136,149,159,147,151,153,154,147,144,140,147,159,145,161,153,142,157,139,169,139,148,158,136,151,153,144,142,141,165,161,157,156,157,140,143,138,160,150,140,159,146,154,158,127,140,146,131,137,152,154,144,152,157,159,145,137,160,157,162,155,150,156,167,130,161,163,166,163,158,138,136,132,148,161,163,151,153,156,153,147,129,146,149,159,155,134,150,174,148,163,144,170,149,150,151,158,144,158,125,150,150,160,153,153,150,148,142,164,140,151,134,160,132,149,147,156,159,132,158,138,156,137,147,159,154,151,159,143,162,158,152,141,147,160,149,139,149,138,153,167,130,137,131,152,156,153,134,147,146,150,158,161,161,163,144,135,156,143,147,138,154,146,148,150,146,150,167,135,168,158,150,148,152,150,144,148,148,138,143,151,148,155,134,144,136,155,139,135,149,149,156,148,163,159,156,150,143,154,156,153,154,164,153,148,153,157,135,154,157,150,152,140,136,165,155,158,158,143,152,162,157,138,151,155,148,157,153,146,147,154,150,140,164,165,150,153,154,140,143,133,151,163,134,152,159,139,143,143,154,137,135,157,130,157,159,150,152,159,154,156,155,141,148,157,142,127,144,151,153,151,184,168,137,166,162,151,150,145,150,141,162,161,138,145,162,166,165,142,156,151,146,149,162,128,144,155,159,156,139,138,149,141,145,148,166,142,127,147,151,162,135,141,161,157,150,139,148,148,137,144,139,158,143,140,159,154,159,155,166,160,150,166,159,148,153,141,160,160,171,150,152,150,161,145,154,157,152,163,152,139,156,140,138,150,164,146,150,148,155,133,150,151,154,167,166,138,161,148,165,164,158,148,157,164,151,160,143,148,151,152,156,163,137,157,167,140,140,139,137,132,153,131,160,150,163,143,142,183,136,141,143,138,157,148,132,161,164,153,141,150,152,168,148,157,133,143,162,148,163,144,138,167,163,154,156,136,137,152,145,144,156,136,162,149,169,145,153,129,153,160,161,151,136,161,144,155,154,149,158,156,139,136,152,146,173,154,152,151,162,135,152,150,153,154,148,156,149,153,145,138,151,153,130,142,153,164,157,139,148,138,166,138,155,153,150,144,139,173,141,163,155,171,143,128,149,131,152,149,166,146,144,140,152,154,147,148,157,129,166,173,140,154,145,154,172,167,145,148,167,156,151,136,131,161,153,145,137,147,139,143,153,134,155,150,163,147,149,133,158,159,159,137,151,159,133,157,154,147,153,150,161,143,144,145,148,154,152,145,149,135,152,162,135,146,145,150,155,165,145,173,152,143,152,158,139,137,158,140,140,146,146,159,152,156,146,172,137,158,166,146,155,140,141,158,146,131,152,143,141,154,122,141,141,139,182,167,167,134,132,158,132,143,149,162,161,152,147,139,135,125,146,140,144,159,153,146,159,161,180,144,151,142,152,154,160,144,138,161,164,146,166,150,156,143,138,156,156,166,143,162,165,149,148,139,153,149,146,153,139,160,158,130,145,158,158,137,162,142,153,153,142,140,140,147,155,143,138,155,163,142,160,139,152,151,152,155,151,149,153,150,146,140,142,133,138,146,150,139,151,156,140,144,157,139,152,138,150,142,159,142,156,153,152,153,158,169,151,164,158,142,142,152,160,155,167,155,156,151,145,143,143,142,164,121,160,143,139,141,151,156,164,150,139,135,181,150,155,145,167,154,164,157,149,139,152,149,154,149,157,150,156,168,150,161,148,138,181,129,150,147,159,155,141,154,137,153,159,142,162,154,155,130,148,138,136,160,143,144,159,155,140,138,146,170,135,140,158,149,121,145,127,153,159,132,158,144,160,146,156,131,137,145,157,163,142,152,163,157,147,140,154,147,132,162,146,141,171,152,139,138,147,157,131,167,157,140,142,141,149,147,152,159,155,147,142,153,170,152,138,154,141,151,142,142,140,149,144,158,144,151,140,143,154,136,168,168,158,143,150,158,148,158,139,145,142,148,145,147,161,147,150,150,162,156,159,156,151,145,153,137,151,166,155,142,155,160,155,152,164,168,148,138,165,146,161,154,149,151,138,153,151,142,149,154,157,134,134,144,141,149,145,159,130,154,156,137,140,133,154,145,157,171,154,157,135,136,143,146,150,174,146,153,178,171,149,161,147,144,131,157,159,150,144,137,137,151,161,151,148,149,137,157,142,153,152,148,140,156,143,139,159,143,144,152,163,157,144,150,145,152,162,143,147,150,152,142,156,158,146,163,164,159,155,149,147,151,155,143,142,146,142,136,166,139,160,153,152,143,149,155,148,136,147,164,160,137,154,156,148,150,152,158,142,145,140,166,152,164,136,148,155,134,134,133,151,149,160,160,143,151,144,152,149,151,149,156,168,141,148,144,139,145,139,149,163,154,145,157,157,144,160,184,147,163,148,130,147,146,143,148,149,142,144,149,164,130,125,154,156,162,162,148,179,144,152,148,152,162,145,149,151,150,161,152,148,152,145,154,153,127,149,150,155,145,150,156,154,153,164,153,147,172,158,151,146,159,138,135,144,141,140,147,145,163,165,157,159,150,154,128,149,169,146,131,144,143,157,160,148,160,162,138,146,152,151,170,157,143,151,142,153,163,140,160,145,156,123,153,162,157,153,152,146,145,152,153,150,145,140,149,168,155,154,151,166,150,163,144,160,139,152,149,164,144,143,162,159,137,140,146,137,147,160,149,158,150,149,142,157,145,142,130,149,155,154,162,144,153,154,132,148,147,154,161,165,146,151,146,174,145,159,160,153,137,154,136,157,137,147,133,142,148,138,136,127,145,145,159,170,155,168,131,151,156,142,153,152,152,139,150,158,144,135,156,154,158,140,155,140,133,143,170,160,159,142,165,153,163,158,159,139,158,146,151,158,149,151,151,166,138,150,146,157,164,153,148,155,166,150,168,166,157,157,150,153,161,159,131,140,131,133,144,152,137,145,161,152,130,133,151,151,151,159,144,155,129,132,160,147,163,157,160,155,152,171,164,155,155,165,133,145,160,161,146,173,141,135,157,140,150,149,155,155,151,146,157,149,166,151,144,167,152,158,161,157,138,158,151,143,132,128,161,140,171,160,161,142,136,130,165,136,167,138,172,149,155,146,147,137,140,154,155,147,142,149,148,152,126,148,153,142,146,159,157,151,143,140,154,142,162,137,151,145,145,145,151,171,149,149,140,148,126,158,130,148,163,175,152,137,149,163,158,159,149,140,149,147,162,150,150,136,164,144,159,144,145,141,139,151,159,150,144,153,150,141,138,159,136,150,159,166,157,141,154,162,124,152,138,139,150,162,136,158,133,129,158,157,176,130,141,152,120,143,147,138,134,144,149,156,163,151,156,173,137,154,155,156,138,144,149,160,142,161,144,142,150,145,159,157,148,147,128,138,146,148,135,161,150,147,142,147,154,161,156,155,147,153,153,144,160,149,144,145,151,136,149,150,154,123,149,168,165,150,155,165,141,146,156,149,153,175,146,163,162,135,147,148,149,159,148,159,161,154,159,151,146,145,134,159,156,160,148,153,141,147,138,135,163,157,149,145,155,158,145,143,159,149,172,154,152,158,139,149,143,144,154,153,142,169,142,158,152,147,159,131,160,147,165,166,142,154,145,147,143,161,172,156,163,167,161,151,150,158,160,142,155,147,125,157,146,138,152,156,144,143,153,151,155,159,148,152,174,151,129,146,140,146,151,142,137,153,150,159,140,143,150,139,147,155,163,140,155,134,138,157,168,139,145,155,155,152,135,148,153,152,170,153,150,167,145,134,179,142,160,181,140,147,134,158,141,135,170,139,165,176,145,142,150,142,166,156,148,146,148,130,162,155,162,136,146,134,159,150,150,155,161,146,164,153,145,166,130,153,151,169,153,141,147,142,159,159,144,151,150,155,140,150,165,145,162,137,158,148,136,151,141,151,142,153,154,139,145,138,167,158,142,135,145,139,151,144,155,135,134,154,172,156,136,140,146,157,147,140,151,150,145,138,128,137,142,148,158,163,139,156,159,137,157,146,125,140,149,137,163,170,165,138,143,149,154,152,140,139,157,144,152,149,136,142,139,166,160,152,153,134,159,147,143,145,151,146,144,143,155,150,167,146,131,138,122,152,126,172,154,147,162,156,136,153,153,159,149,147,155,163,160,157,147,156,154,143,148,160,145,156,147,131,145,155,151,144,145,163,145,147,148,144,134,136,159,155,147,139,155,135,139,147,157,137,147,149,140,149,173,163,146,146,145,132,158,144,142,158,142,152,136,135,138,160,157,154,150,140,134,141,169,152,142,135,147,138,156,143,150,142,146,140,149,144,146,158,144,148,155,140,150,172,154,162,144,146,150,142,160,157,168,145,168,158,135,148,137,145,161,158,147,140,135,161,145,149,158,132,147,178,156,148,157,167,151,135,145,152,166,153,149,146,155,153,148,151,150,152,135,152,157,154,149,160,149,156,142,140,155,150,161,135,141,145,164,147,158,137,163,152,170,158,164,160,153,126,142,153,149,158,158,154,146,152,155,143,161,154,135,141,169,158,138,158,146,141,146,154,153,150,141,159,145,155,157,150,153,148,163,157,161,150,168,137,151,167,177,155,161,137,142,143,155,141,155,146,158,133,167,161,158,149,162,145,151,151,150,154,149,146,155,128,143,147,146,148,137,170,149,145,163,162,147,168,148,145,143,144,140,134,136,150,158,159,151,140,169,150,146,145,138,140,139,161,166,132,135,166,144,142,152,152,153,150,171,145,137,136,160,156,141,165,150,158,158,144,141,149,170,140,143,146,132,163,146,145,147,151,164,159,150,154,157,158,139,154,129,145,154,140,128,165,148,146,164,161,140,155,152,132,147,150,148,147,148,141,143,140,149,154,148,151,154,153,159,162,145,147,148,158,129,146,131,153,146,137,161,131,147,141,152,146,152,141,147,126,139,155,152,131,137,164,150,148,144,140,122,136,149,156,167,129,154,163,154,153,157,138,154,169,133,159,148,137,157,146,149,153,149,154,159,167,147,156,144,161,132,155,143,149,142,147,140,163,159,146,151,146,139,138,150,150,168,151,140,155,156,162,163,166,145,174,151,146,154,152,155,148,152,138,131,165,143,160,139,146,126,138,154,150,154,136,131,138,152,133,154,170,137,157,154,156,151,147,154,152,156,154,173,145,142,146,148,168,144,145,134,157,141,154,155,153,173,163,160,150,137,145,139,146,167,142,156,150,144,142,158,142,150,134,163,142,152,138,152,137,142,151,146,144,132,157,160,160,142,129,167,132,153,140,141,162,168,137,168,150,145,161,134,148,153,143,154,143,150,163,161,163,152,136,151,153,135,135,142,169,132,156,153,159,141,149,153,174,145,142,157,146,160,141,144,145,155,144,135,133,153,151,145,142,157,134,154,144,156,163,153,152,140,146,149,156,140,148,175,135,150,138,155,154,150,154,145,157,156,135,156,153,154,135,158,168,161,156,147,149,142,138,141,134,152,148,147,154,139,155,164,120,128,157,164,160,149,152,152,143,150,160,147,167,166,147,154,153,134,151,172,144,148,157,153,152,165,152,143,147,139,141,152,140,154,148,134,149,158,159,144,148,157,141,139,157,153,146,155,161,143,147,164,150,159,167,155,141,157,139,160,152,156,144,144,141,148,152,151,160,153,155,150,162,139,152,166,155,151,146,162,144,145,149,152,152,146,146,148,142,164,161,150,142,155,162,143,159,160,148,160,144,171,153,157,148,147,158,160,152,153,143,170,157,159,131,157,144,156,161,146,144,162,155,156,145,128,153,157,139,150,148,150,143,158,149,155,152,141,143,174,147,150,157,147,174,154,155,154,165,136,157,143,145,155,153,156,151,149,160,151,142,147,168,146,150,129,144,144,174,151,169,143,138,155,151,153,162,138,125,170,153,154,148,154,158,150,151,144,153,165,179,152,154,156,157,147,143,155,156,127,146,162,139,151,162,148,172,133,135,155,158,144,137,147,158,158,155,152,156,142,153,141,161,138,153,148,159,169,158,144,146,142,131,139,162,140,153,154,160,131,149,142,146,149,168,142,151,141,148,166,148,154,151,146,154,161,157,147,153,131,147,173,156,145,131,140,136,165,169,154,164,175,150,143,142,145,139,156,141,129,139,157,132,151,141,169,163,173,169,163,158,162,150,150,134,148,148,162,157,159,130,152,142,152,167,123,144,142,149,153,153,142,152,156,165,133,146,143,150,154,141,154,146,151,154,143,158,142,134,158,151,143,129,144,154,150,162,135,152,170,132,133,151,136,145,171,139,134,144,145,154,134,149,154,142,133,148,143,142,153,160,142,170,156,146,151,151,145,159,143,155,147,157,163,149,145,157,144,146,159,152,139,139,150,150,138,128,138,155,150,149,155,161,153,143,149,131,130,147,150,148,155,150,142,159,152,161,142,156,162,146,153,155,148,165,148,139,156,153,147,153,147,129,155,164,153,145,156,161,126,141,166,162,144,152,172,148,150,163,151,139,152,135,124,133,158,158,156,145,149,148,156,155,138,143,153,142,161,153,173,142,140,153,158,141,150,145,169,155,160,146,128,149,152,149,154,157,167,137,152,128,136,133,143,151,158,146,164,138,138,162,175,129,131,164,146,165,161,149,163,153,154,154,143,138,157,146,161,144,149,158,159,153,147,138,130,158,129,144,163,152,137,156,154,145,146,146,149,139,140,150,162,156,135,130,151,160,148,153,145,136,146,157,151,154,167,166,136,159,155,131,146,148,147,158,162,159,167,159,173,171,153,148,155,146,152,144,148,159,164,158,145,158,145,153,157,154,158,156,150,139,152,157,143,144,159,139,158,150,140,150,150,146,152,145,154,147,151,145,155,145,172,165,154,144,147,149,147,145,166,149,142,154,127,151,151,152,161,143,151,153,134,135,165,141,138,133,140,153,149,144,139,138,149,149,141,148,137,155,148,136,139,138,154,147,142,155,141,167,151,143,158,147,143,168,147,136,141,140,165,146,134,160,157,151,161,147,144,154,136,146,161,158,150,164,131,151,141,149,143,136,147,142,152,134,145,142,140,145,146,158,140,170,163,142,142,142,149,155,155,151,140,144,141,154,140,164,149,155,164,157,143,164,139,150,145,156,139,147,154,157,160,138,142,150,167,133,148,139,139,149,139,159,164,163,156,150,134,155,166,124,141,167,163,160,143,157,145,158,145,158,132,136,169,151,165,146,156,154,143,162,165,147,147,141,168,157,146,156,144,139,148,156,143,160,166,154,125,145,156,157,152,144,162,134,136,148,157,147,152,152,154,141,152,148,154,118,158,150,148,127,166,153,144,155,171,166,148,154,138,149,154,157,157,140,148,129,173,152,157,157,147,159,156,152,142,146,149,157,157,161,122,140,147,139,154,173,140,163,171,149,157,164,175,156,164,152,162,149,156,151,151,159,136,145,157,146,136,150,168,153,157,141,141,179,148,163,174,161,152,138,144,149,163,168,144,157,148,152,153,156,160,149,154,157,163,143,131,136,149,130,153,165,139,146,158,146,147,139,140,174,156,156,132,145,160,170,155,144,149,136,136,150,141,147,137,139,142,153,151,135,147,152,150,131,161,152,167,146,161,149,161,145,156,157,133,154,154,154,160,156,165,149,141,163,141,153,148,135,140,163,128,164,147,149,154,155,157,161,167,144,145,168,153,140,138,172,151,141,139,131,138,164,143,141,148,166,147,162,147,143,152,139,141,146,138,150,133,147,136,136,149,140,136,150,146,151,150,155,150,154,139,148,159,153,149,148,129,161,151,149,171,159,162,156,149,153,145,142,155,159,162,152,145,163,137,132,138,146,160,150,146,148,160,145,171,161,140,136,156,147,152,138,145,157,157,141,142,139,154,150,142,167,187,141,159,157,146,153,147,134,153,147,155,159,150,150,129,154,147,166,156,150,137,154,162,156,128,166,149,137,155,146,151,146,156,158,142,160,142,154,141,152,139,154,150,131,161,146,148,160,138,175,154,137,152,164,152,143,152,146,151,135,135,169,156,125,140,158,171,158,157,161,149,144,142,151,148,147,160,155,149,171,143,140,168,166,173,158,151,160,150,171,140,136,125,146,134,148,149,145,142,141,153,160,158,134,155,155,155,166,167,139,162,153,152,137,163,166,137,162,138,150,151,148,167,142,166,159,149,142,137,144,151,143,147,167,159,142,136,142,161,131,153,148,141,156,153,159,143,174,154,151,146,158,156,136,162,141,129,144,160,156,149,155,146,157,132,140,149,135,153,150,147,160,149,153,161,146,156,136,139,139,160,144,147,167,160,137,157,173,157,157,140,142,136,139,152,144,159,140,139,150,139,152,166,161,149,146,149,144,146,158,170,151,151,129,150,142,142,170,175,151,141,178,158,149,162,154,138,159,148,152,137,145,123,158,133,166,151,162,152,174,164,168,153,147,147,163,175,132,142,160,153,165,163,160,158,133,150,147,146,137,145,162,156,142,145,133,156,132,155,156,142,129,141,150,151,154,143,163,141,150,149,139,152,149,129,142,158,142,134,142,139,158,151,155,136,148,133,156,150,152,146,154,147,133,148,155,155,153,160,163,128,158,149,143,156,148,150,144,147,134,139,151,168,159,145,153,147,155,148,136,151,148,138,136,150,138,150,150,147,153,152,136,160,162,157,162,169,149,155,146,166,144,151,156,154,162,148,149,146,151,142,152,143,148,147,146,152,157,154,175,146,149,153,158,150,145,150,145,157,140,131,153,161,152,142,146,139,143,155,149,127,147,134,146,151,142,152,167,155,147,167,144,145,149,164,152,145,157,142,148,146,136,164,163,164,143,165,146,148,142,139,149,143,164,160,160,147,165,151,143,166,139,154,144,132,125,153,160,152,136,134,149,152,138,158,156,134,158,154,137,141,142,142,141,139,150,137,133,130,151,135,122,145,154,143,154,148,156,138,153,157,140,157,132,126,149,157,162,150,148,138,150,143,133,161,133,139,137,173,139,133,150,158,147,182,132,156,156,169,152,154,136,138,152,153,150,146,137,145,151,151,137,143,150,157,147,144,135,179,163,149,154,137,153,139,152,147,142,153,154,159,168,138,145,124,154,155,157,166,136,163,153,155,157,137,157,146,139,156,140,167,150,135,172,140,163,165,149,154,139,153,152,163,160,150,147,138,142,132,145,164,161,142,170,156,139,153,168,152,138,131,139,156,150,154,147,148,153,154,147,144,159,153,156,161,172,150,152,138,136,137,132,155,143,135,155,139,156,156,142,140,154,157,142,137,156,165,130,159,161,161,168,151,169,142,150,143,172,136,159,161,149,134,153,135,152,140,149,152,144,167,145,153,137,141,154,165,166,140,148,154,142,132,146,156,145,150,138,169,143,154,154,150,156,143,157,160,143,149,162,143,145,155,144,143,151,133,135,157,148,154,140,143,140,159,157,156,138,151,159,161,153,159,143,159,164,150,161,148,162,141,148,139,149,138,146,145,146,158,152,149,142,150,146,160,138,145,158,140,143,152,145,157,142,152,152,150,143,163,150,142,141,157,134,144,158,143,146,166,159,156,136,150,151,149,171,152,146,150,150,161,165,138,147,178,149,133,157,154,161,150,155,152,147,156,154,129,152,133,151,149,150,146,134,167,139,163,144,153,139,137,157,152,147,141,143,160,137,155,145,156,136,167,163,147,152,146,166,161,140,136,160,124,149,169,166,150,146,161,143,171,147,159,134,146,157,142,160,152,147,157,142,167,157,157,162,160,140,148,161,127,160,166,146,140,161,149,140,149,147,156,141,161,143,145,152,134,157,142,160,143,151,131,144,161,142,156,126,147,149,153,137,158,151,157,128,147,145,141,152,145,137,136,152,142,142,139,134,166,145,131,169,165,154,169,159,160,152,143,137,140,138,129,151,150,157,146,156,162,152,148,146,139,151,127,168,144,157,137,147,146,170,152,141,147,146,141,142,146,161,162,147,155,148,153,165,120,153,156,139,150,159,161,147,148,152,151,152,148,153,152,151,155,153,150,150,136,161,136,138,146,142,152,155,130,162,126,146,151,151,170,149,148,138,144,142,147,160,152,149,143,137,141,175,143,153,129,148,151,137,154,180,149,160,140,159,145,178,153,163,154,137,142,142,148,138,158,147,149,141,149,137,142,160,143,148,141,153,155,134,155,148,134,151,159,149,175,143,156,152,159,134,169,172,152,155,144,152,144,174,135,147,149,145,160,153,164,155,144,145,138,143,163,144,158,163,150,144,159,151,165,136,162,146,154,145,151,158,167,151,156,148,165,140,149,156,151,163,152,148,162,157,142,144,140,150,155,142,161,132,150,150,141,162,143,133,136,146,154,147,159,140,149,140,150,138,143,153,145,165,150,148,149,138,143,158,166,140,155,174,148,150,157,155,139,145,144,141,166,151,147,142,162,132,127,151,134,133,146,147,149,161,128,129,143,153,156,147,144,147,153,149,136,184,147,134,154,153,147,152,129,142,175,149,147,157,146,147,156,157,165,146,165,163,165,158,140,138,154,154,148,154,147,171,153,139,143,153,144,154,134,143,144,145,145,149,147,155,133,154,145,150,163,135,150,156,138,134,138,174,151,145,146,143,147,164,160,143,142,143,135,150,155,130,150,146,149,149,142,150,146,146,155,155,163,141,145,148,152,162,156,148,151,146,142,149,131,157,139,147,152,161,151,147,142,161,150,158,148,137,165,155,151,147,158,128,149,146,150,150,171,153,148,170,142,149,146,155,148,150,171,161,139,138,141,144,150,143,144,154,159,167,156,141,155,140,154,166,142,155,159,157,141,142,149,164,155,149,143,155,156,154,137,155,169,156,169,143,145,141,158,152,144,130,161,157,149,146,162,155,146,153,169,143,143,145,144,128,146,151,155,147,160,143,134,166,152,159,152,155,157,155,140,149,140,146,148,160,147,139,138,171,141,160,138,148,155,166,152,154,157,157,141,144,140,140,148,170,166,148,149,152,154,157,147,151,153,163,140,158,144,131,156,154,156,148,126,157,171,140,150,141,153,171,153,160,160,165,151,164,158,157,173,158,156,149,154,148,161,163,153,169,174,146,144,174,148,161,138,167,133,156,137,143,150,144,140,159,150,149,149,148,136,157,142,145,141,156,168,141,165,139,163,145,147,151,126,140,149,150,136,158,151,157,161,141,139,144,147,150,127,159,151,161,168,152,136,157,163,143,164,147,158,133,126,145,157,155,158,146,134,151,132,140,162,142,141,143,157,151,130,145,148,154,147,139,155,150,149,147,140,148,154,156,139,149,148,175,148,142,143,164,158,160,160,142,132,141,138,152,167,158,141,163,139,154,157,151,150,146,154,137,153,147,145,171,169,159,141,158,147,153,160,148,157,147,165,147,166,138,151,161,155,144,150,170,149,172,140,139,135,161,143,144,170,151,153,139,142,152,156,146,144,147,147,141,156,146,161,152,167,144,143,133,160,151,139,150,151,157,164,164,147,152,141,154,148,134,149,158,141,146,157,152,130,149,150,155,133,136,160,146,160,155,144,149,144,172,142,149,157,150,148,135,168,143,138,138,141,147,141,136,149,162,152,136,162,149,133,128,144,134,149,172,144,133,134,157,148,158,151,140,146,152,139,161,136,154,165,144,137,137,148,139,142,154,146,146,151,164,151,150,147,148,134,159,154,166,143,173,142,144,149,154,153,147,144,147,166,149,160,163,140,147,166,141,144,132,155,137,142,154,149,161,144,148,143,155,150,167,162,180,164,143,163,157,129,159,158,136,140,145,141,153,133,145,150,147,139,156,156,140,121,155,151,160,145,174,157,164,168,143,160,151,151,156,141,156,145,153,141,146,160,164,146,155,135,175,150,150,143,166,160,147,167,159,157,154,135,159,142,148,160,148,139,147,143,154,151,142,167,136,147,139,144,150,159,134,147,137,157,164,152,160,144,146,163,154,148,141,142,178,148,144,164,156,150,147,153,136,160,147,157,141,147,141,149,157,161,163,131,132,152,135,148,159,149,139,146,147,159,139,159,144,153,142,153,159,145,138,139,149,163,157,150,154,140,143,144,155,152,147,144,152,139,166,152,143,159,143,142,140,146,163,147,163,182,141,157,146,162,153,138,142,152,163,156,149,145,142,141,161,166,144,166,145,157,151,165,135,146,152,138,153,156,141,149,154,150,135,148,131,147,163,149,142,165,169,152,154,137,164,157,151,143,144,158,141,157,146,146,164,155,149,150,149,152,161,146,143,147,156,149,150,134,147,160,143,154,146,153,159,143,157,155,139,147,160,144,155,166,128,152,135,161,153,148,137,160,146,132,147,143,160,151,138,155,137,147,161,169,146,166,156,152,137,177,141,143,151,151,167,153,146,162,141,166,150,152,143,134,135,155,169,149,158,136,141,130,161,155,153,148,145,122,157,167,155,149,139,146,152,166,149,170,163,174,159,161,157,148,173,154,138,172,149,144,161,139,153,145,171,157,159,145,150,136,141,138,159,152,151,156,155,134,153,149,173,136,151,154,143,156,153,136,146,170,150,161,159,135,151,157,161,149,160,161,135,136,149,144,145,140,145,144,150,155,145,137,129,130,162,149,143,157,139,155,134,151,163,147,154,151,167,138,153,161,143,149,145,151,167,154,154,126,168,154,169,147,156,153,159,154,135,156,172,157,156,153,145,150,148,131,158,129,132,138,151,153,159,147,160,135,147,148,162,153,154,149,130,148,142,154,149,140,150,137,157,136,150,149,134,153,132,145,150,142,143,159,132,161,140,172,143,148,141,157,139,147,128,146,133,154,157,157,163,141,141,145,162,145,138,147,146,142,153,149,164,151,162,142,137,151,154,156,139,142,152,147,154,140,163,156,159,140,150,160,143,141,153,134,139,155,144,152,155,143,137,161,140,153,162,158,124,140,159,148,161,160,153,168,149,135,154,156,155,156,133,130,160,174,148,148,153,166,144,159,178,154,111,135,143,147,146,147,153,154,151,155,149,165,147,142,142,150,160,153,141,155,145,162,134,144,145,144,138,142,167,136,165,147,147,139,154,155,149,145,139,146,160,135,155,140,147,154,136,145,161,161,152,152,138,138,136,141,145,148,145,152,168,144,139,136,129,151,178,145,149,160,144,150,151,155,172,155,149,140,153,151,142,145,156,157,161,167,154,168,147,152,151,157,148,153,157,135,157,148,145,157,161,136,166,149,147,145,141,144,172,156,150,152,155,140,148,136,139,146,145,155,157,153,139,161,125,155,146,152,137,145,124,151,139,148,162,160,137,149,152,144,160,145,147,149,143,158,146,153,148,156,152,148,141,142,150,149,165,139,166,149,160,162,161,147,144,148,137,146,146,149,137,148,147,166,144,149,136,153,138,157,157,136,154,156,164,127,137,161,144,161,160,152,149,158,150,136,142,156,158,130,157,146,161,155,152,156,164,148,146,149,153,155,163,150,149,159,144,144,154,165,177,155,156,144,153,143,147,156,163,142,153,149,145,158,164,179,142,145,143,170,144,126,136,145,156,155,134,143,155,165,158,138,152,143,150,151,147,145,156,171,155,145,152,145,160,151,147,158,161,157,143,153,137,133,143,153,165,167,162,147,157,158,128,142,142,157,144,138,149,146,145,134,146,155,148,155,150,166,131,153,149,146,149,144,142,156,162,153,144,149,133,155,157,149,135,140,160,156,152,154,138,138,148,103,147,157,155,144,135,137,145,169,147,155,149,157,139,157,156,131,171,158,150,146,171,159,154,142,149,174,135,141,159,139,150,161,141,160,146,160,147,155,147,141,139,124,141,160,152,144,129,176,151,149,160,148,143,160,150,161,154,166,174,154,145,163,144,150,144,137,147,163,160,141,146,143,153,154,164,144,146,157,143,155,149,150,138,154,154,163,140,148,156,160,152,167,160,173,132,159,158,150,145,144,147,159,152,159,168,157,171,146,162,156,155,152,142,148,133,150,135,155,156,162,147,138,145,159,142,148,139,157,141,162,167,142,142,126,146,154,148,159,141,148,167,151,158,137,146,157,165,154,143,143,165,154,152,148,148,146,142,138,151,149,155,156,136,140,127,172,152,149,158,138,139,155,144,171,151,145,156,152,153,146,130,154,152,155,141,128,169,152,145,148,148,141,153,153,138,150,145,148,142,137,163,146,160,159,146,141,154,150,151,143,157,148,164,176,161,155,147,155,154,167,145,162,166,157,151,146,162,170,145,147,159,153,159,151,162,164,157,148,153,145,132,148,148,148,163,139,147,158,146,141,163,141,159,153,167,145,154,157,132,143,130,129,142,152,144,154,144,137,148,142,147,155,158,138,141,168,137,161,157,154,151,153,169,142,167,147,150,128,147,164,155,146,126,144,156,165,169,135,148,149,145,168,145,144,144,159,152,157,152,137,145,154,159,150,168,141,150,151,148,142,151,170,157,153,142,149,153,152,163,148,152,149,142,166,160,133,145,152,160,152,159,151,142,169,154,160,145,146,156,160,154,164,158,141,155,144,139,148,144,143,145,152,152,162,153,140,137,138,139,150,155,158,161,142,149,135,146,163,155,153,161,150,156,144,153,165,138,155,164,134,145,140,154,152,148,145,160,146,157,150,134,135,161,135,143,145,173,150,146,167,135,150,150,141,151,132,137,141,163,154,150,144,152,143,146,149,148,147,145,158,150,155,149,138,132,167,145,148,161,150,180,149,157,137,163,151,147,160,155,154,157,138,145,151,132,122,173,150,141,159,145,169,151,150,146,152,154,139,155,167,154,159,148,150,134,163,147,141,141,154,160,147,150,161,135,149,141,152,141,143,154,155,144,152,158,169,138,149,158,149,167,168,178,153,142,140,149,145,149,153,151,158,131,153,151,153,153,144,161,168,148,160,143,153,159,122,130,159,162,140,150,140,143,152,160,162,162,128,130,164,146,142,143,150,148,151,145,141,166,138,154,147,145,155,132,149,142,159,166,149,146,146,157,162,173,169,156,161,152,144,161,123,153,149,156,143,153,147,142,133,145,160,162,129,142,136,154,144,130,153,157,158,136,134,156,136,158,139,142,136,156,139,146,143,157,154,156,148,139,139,146,141,160,158,153,144,146,148,141,144,140,158,142,152,147,146,152,139,165,147,169,138,153,168,141,160,149,146,146,160,147,158,149,140,154,152,153,167,167,151,158,141,144,154,136,146,138,141,160,157,158,136,128,169,151,143,165,157,137,148,135,141,123,149,171,151,153,135,152,140,153,144,156,147,135,152,137,148,168,134,151,139,151,158,159,142,136,172,157,147,126,141,141,134,148,150,143,167,140,165,158,150,155,144,154,154,129,160,160,149,148,133,141,137,140,147,140,162,147,143,150,158,138,141,157,123,142,142,155,165,168,157,151,150,169,147,133,154,158,135,149,159,163,146,154,144,167,137,162,149,153,138,131,157,159,160,160,162,154,160,155,143,133,132,151,145,147,119,146,123,158,136,163,164,126,149,141,151,143,141,158,148,158,145,186,142,161,157,152,153,146,144,148,142,174,141,143,152,150,147,139,160,117,145,163,153,150,173,158,155,167,137,162,133,148,155,144,136,161,153,147,166,159,146,151,159,149,145,149,175,151,159,147,147,138,169,140,164,142,140,165,136,157,175,154,145,147,147,150,151,134,150,142,141,156,163,173,146,158,152,153,153,156,164,155,169,156,147,155,158,153,155,141,133,148,157,148,146,145,159,135,148,149,167,151,149,159,144,156,148,163,148,130,140,167,154,151,151,154,141,137,139,143,144,151,165,136,152,151,156,162,161,136,143,164,142,158,168,140,140,164,157,148,130,140,129,147,157,143,156,152,135,141,141,148,136,166,154,141,129,183,153,124,149,150,144,141,144,166,152,157,139,148,129,167,150,142,156,140,156,156,149,139,155,142,149,148,154,144,150,163,163,146,143,129,153,149,152,144,159,148,159,143,163,147,151,164,151,139,152,151,168,145,145,145,156,144,136,136,158,158,141,159,155,150,146,152,136,156,129,136,153,148,141,153,156,156,137,174,142,141,161,145,153,155,159,153,150,137,151,158,147,144,140,129,149,141,140,149,150,126,162,152,162,139,131,149,149,144,166,135,157,171,166,147,163,150,152,151,159,181,147,146,135,149,152,161,155,163,144,146,148,153,150,154,149,162,139,151,146,164,152,166,133,167,126,139,153,151,167,149,153,150,145,143,152,142,145,159,166,141,157,154,156,147,156,154,152,145,150,173,164,152,138,157,131,158,152,167,144,147,126,158,145,157,143,152,162,150,152,170,147,146,167,157,177,151,145,149,143,143,147,168,145,148,127,151,152,145,157,161,158,157,143,166,146,164,143,141,152,158,137,149,148,149,151,140,163,142,155,162,161,152,143,167,146,147,141,133,138,128,150,152,155,151,159,157,150,153,141,144,158,164,159,151,161,143,145,141,131,150,132,139,140,158,154,149,158,152,138,140,140,142,133,161,149,153,156,152,155,153,152,155,155,134,135,160,148,140,149,164,138,159,153,168,154,137,163,153,149,147,147,145,144,148,148,161,144,141,156,145,155,145,153,154,155,160,149,141,147,151,155,160,165,154,147,140,146,165,144,148,158,132,164,160,139,149,153,160,146,143,151,150,147,146,145,169,162,148,156,137,149,148,154,138,150,157,154,145,145,154,155,146,158,147,167,140,164,149,164,155,160,132,148,157,145,133,162,145,156,127,137,156,151,148,166,172,141,144,141,165,152,152,134,153,153,141,156,131,149,138,149,151,151,135,140,152,137,131,147,164,147,148,139,147,159,154,131,169,142,159,147,138,146,143,152,139,151,143,152,131,168,154,142,129,143,147,148,147,152,132,145,135,151,149,132,150,135,167,174,137,143,140,162,156,146,152,161,148,146,150,158,151,161,158,158,160,144,147,154,130,144,161,140,149,158,153,149,146,150,142,148,165,160,162,160,149,170,148,155,154,158,140,151,156,164,142,135,151,146,153,156,152,154,156,154,174,153,156,137,147,141,128,141,144,141,149,155,145,150,160,145,163,153,155,152,133,158,152,140,141,153,159,146,144,154,137,146,172,147,149,133,154,139,152,158,152,145,136,137,142,145,150,153,149,151,151,164,142,146,153,135,144,143,160,134,154,133,148,134,156,147,164,146,155,136,145,157,153,158,138,160,144,136,155,159,147,147,151,158,169,150,144,155,156,128,145,147,167,153,151,141,153,136,173,150,130,159,155,151,145,128,145,158,151,133,143,150,142,137,125,153,152,152,144,133,160,136,154,151,162,143,153,142,141,147,175,146,148,142,155,135,134,150,153,150,144,130,143,152,156,138,153,153,157,150,141,150,141,149,150,144,132,141,163,141,170,174,138,139,145,149,144,146,135,155,134,161,160,161,153,146,154,165,126,145,161,139,139,147,146,162,131,165,148,133,154,150,157,142,160,159,150,158,155,146,141,154,150,148,134,151,166,145,153,150,140,152,149,159,154,141,169,166,152,141,158,152,161,138,154,150,139,147,144,147,133,158,147,148,150,143,155,156,142,153,143,160,145,160,153,159,161,153,157,158,143,182,144,162,156,147,140,141,143,141,160,167,146,152,157,145,162,145,138,158,146,146,137,151,145,137,153,136,143,146,132,148,143,152,153,148,167,140,157,141,164,147,139,151,154,131,160,154,167,157,157,167,141,154
173,151,152,142,163,138,161,156,151,135,156,160,158,121,135,150,151,164,146,139,136,156,154,155,156,151,163,161,151,153,162,168,154,174,136,146,160,152,131,138,143,144,159,137,141,154,152,148,141,157,145,152,136,158,177,164,161,138,156,137,150,138,151,154,161,171,146,161,138,138,164,137,149,169,145,144,128,147,140,157,164,148,141,149,143,166,169,153,141,166,142,144,142,134,146,159,142,153,126,147,143,133,140,146,166,143,135,147,141,141,159,166,160,150,173,152,140,143,149,146,157,148,157,155,171,151,145,153,150,158,148,127,154,163,158,142,149,146,144,144,160,141,151,152,145,159,160,158,147,142,130,147,147,159,157,148,133,168,173,133,154,154,146,152,152,143,141,133,137,134,163,156,165,157,149,145,156,155,150,157,146,163,135,151,150,117,152,152,149,159,155,139,137,145,126,150,150,172,163,156,148,153,142,158,134,164,145,139,156,145,146,157,159,158,159,146,143,154,145,151,142,142,154,157,146,157,146,149,142,159,142,151,157,155,152,157,140,136,142,150,168,159,161,150,160,138,149,137,141,141,159,159,155,148,149,157,140,143,144,156,155,153,148,133,149,152,143,149,149,149,142,156,157,162,140,146,156,154,153,158,144,140,157,135,164,157,147,141,166,150,162,137,167,148,131,131,141,149,151,146,157,144,136,141,160,136,149,160,152,155,149,143,138,146,153,141,154,147,130,133,143,150,154,130,165,143,156,150,152,149,148,151,165,153,150,143,156,160,157,151,139,164,153,150,136,137,154,165,143,156,142,172,157,148,161,167,152,168,149,139,137,151,135,140,143,155,156,129,162,135,151,142,161,161,154,165,147,164,162,140,175,149,160,129,153,123,166,147,142,157,152,159,174,147,151,160,166,143,127,158,144,140,135,136,144,164,179,152,153,147,140,142,134,153,163,150,133,157,159,156,149,146,131,135,151,144,139,149,153,163,137,163,161,147,169,149,156,157,148,163,141,136,143,135,145,137,152,128,141,163,161,133,146,139,160,147,152,147,159,162,141,153,159,145,145,152,137,143,140,152,130,149,141,161,167,137,137,144,162,144,136,142,146,141,144,144,157,153,148,150,135,164,137,149,149,151,146,166,152,151,132,133,156,168,154,167,155,147,157,149,149,146,149,173,144,162,138,146,159,159,149,163,142,163,157,151,143,151,153,157,138,141,151,158,157,162,155,133,161,153,143,149,143,140,157,143,131,131,146,134,152,145,127,143,158,147,154,135,142,138,133,153,155,172,150,152,133,141,144,124,159,149,152,136,146,157,127,145,144,138,142,146,161,151,148,153,154,154,148,141,144,139,164,151,150,153,157,158,136,143,149,145,157,142,127,157,155,145,142,166,151,143,162,152,153,149,158,155,150,146,152,139,147,146,134,182,138,168,134,127,153,161,163,153,167,144,153,147,168,161,169,151,147,146,159,149,151,164,153,122,143,153,151,145,150,157,140,160,137,155,151,148,164,134,151,149,166,138,151,142,150,131,157,159,132,150,144,161,156,155,143,167,155,143,139,144,135,160,161,144,150,159,151,136,149,160,148,153,153,145,142,158,155,148,152,137,163,141,146,119,143,142,146,145,146,162,142,155,170,150,158,153,141,155,136,146,151,152,153,159,164,145,140,152,168,146,149,136,168,151,137,147,139,153,148,141,153,158,170,157,156,157,145,136,132,115,163,145,148,145,164,138,159,148,149,158,144,151,142,154,140,152,138,144,146,150,156,169,134,148,142,150,145,157,147,152,158,128,134,143,162,154,157,182,143,144,162,148,136,154,147,140,159,149,143,166,159,136,153,149,163,152,167,145,137,142,156,146,137,136,152,156,154,167,152,165,146,149,133,154,155,163,135,138,156,145,153,148,162,152,150,174,162,141,152,154,157,151,155,143,146,152,164,157,128,168,150,151,141,151,138,145,157,135,144,139,152,135,159,157,156,159,151,147,158,132,173,153,144,152,145,148,155,137,154,162,164,148,142,138,146,161,136,153,149,159,139,141,144,149,131,148,145,161,153,141,176,151,143,144,148,149,139,134,143,141,141,157,156,145,147,168,146,136,137,162,130,142,141,138,138,145,145,162,145,142,147,151,141,161,153,160,180,145,150,156,157,154,154,142,170,145,154,157,149,164,141,153,141,158,165,141,134,167,149,164,130,126,137,140,149,134,158,124,144,153,160,171,143,139,151,141,134,145,142,155,126,153,161,141,161,151,152,154,169,149,152,171,154,130,158,140,147,148,151,170,142,146,171,152,133,161,151,144,164,154,116,161,166,153,155,153,160,139,157,134,136,147,159,128,149,154,146,152,153,146,153,146,147,156,141,158,143,158,145,137,152,149,167,133,157,161,150,146,158,146,150,149,166,137,159,141,140,158,151,165,166,152,153,127,155,161,146,144,154,137,148,156,159,130,156,158,150,140,144,155,161,158,134,145,154,156,155,137,148,152,123,144,159,157,157,179,142,161,142,143,151,146,165,153,136,163,161,143,152,133,133,155,147,146,158,153,149,148,123,137,150,157,166,137,173,145,146,156,148,143,166,144,143,134,163,138,134,144,166,159,152,143,164,157,164,153,147,144,150,153,146,155,174,156,155,162,139,149,129,147,160,167,153,155,137,140,158,138,157,141,152,146,169,153,138,136,144,157,147,163,161,146,152,151,146,139,148,148,136,151,133,163,151,162,165,148,153,145,150,157,152,158,149,155,159,137,158,160,135,160,154,146,176,155,138,143,163,151,153,147,155,146,131,154,135,144,135,164,154,164,165,157,158,156,148,132,157,161,153,135,144,147,144,132,152,158,149,148,129,147,163,148,134,134,165,161,146,149,158,154,137,165,160,127,140,147,167,150,147,145,140,169,138,134,161,150,134,135,149,154,133,158,144,153,161,141,138,151,130,126,126,144,170,168,157,169,157,146,138,155,161,137,150,161,154,143,144,172,139,142,145,145,152,136,153,157,138,161,132,144,154,148,138,153,159,140,158,159,152,150,143,156,148,141,172,159,151,139,154,151,147,150,147,124,170,156,142,150,147,140,131,137,154,152,147,160,151,154,136,133,150,139,155,143,137,151,138,154,142,138,149,144,139,179,140,162,164,145,145,149,159,157,153,139,155,162,150,156,154,160,163,142,158,158,143,146,153,139,175,141,155,140,145,128,138,152,141,154,150,150,130,144,162,161,148,151,148,161,163,153,136,126,144,144,135,141,144,148,150,144,144,164,140,148,138,170,153,135,155,140,143,156,164,155,143,144,173,156,133,140,147,154,170,144,148,147,141,138,171,158,140,150,162,149,168,153,140,139,155,152,150,134,159,140,147,137,155,152,139,164,156,131,152,142,172,145,131,142,160,131,156,155,163,154,146,157,138,144,162,161,142,144,156,134,149,152,147,152,153,156,136,145,160,149,156,151,139,154,158,163,154,151,160,154,142,161,176,150,147,154,149,152,152,155,139,144,159,139,167,150,136,151,165,150,152,131,148,135,164,156,139,142,154,164,157,148,145,143,133,153,143,157,149,143,154,150,150,152,136,130,150,161,126,155,146,146,158,155,145,152,126,139,149,139,139,144,156,157,160,143,143,163,153,157,148,164,153,136,145,162,152,152,148,144,161,135,137,146,158,161,143,164,130,136,134,146,155,134,146,149,153,149,155,152,154,157,141,154,156,151,148,146,139,137,158,141,151,143,152,157,143,156,148,164,149,162,157,142,150,153,159,141,150,155,145,141,151,134,142,150,143,148,153,152,148,147,150,162,159,149,165,151,151,179,161,128,138,158,151,164,137,146,155,142,144,157,143,147,131,153,141,157,159,145,138,152,170,155,135,154,163,157,160,143,161,144,138,142,150,150,128,156,153,155,156,147,165,139,148,167,159,147,159,157,172,146,127,152,124,144,137,156,151,155,130,148,169,158,133,163,143,151,158,162,144,151,132,145,147,139,148,135,146,157,150,147,165,142,151,140,133,149,154,159,158,140,161,144,147,146,146,172,146,135,157,162,146,146,151,155,167,161,154,146,152,153,146,152,150,146,165,145,156,163,163,157,137,169,143,143,146,156,140,149,164,136,157,145,155,175,160,159,162,158,139,155,153,141,153,146,151,167,155,145,143,158,139,160,149,139,155,156,157,162,152,161,139,163,163,165,143,143,141,145,151,166,156,150,142,136,142,145,133,143,152,167,147,144,138,150,155,161,178,167,137,146,157,158,146,150,138,167,145,144,160,139,147,150,140,145,159,139,153,138,155,163,165,143,128,152,136,152,150,164,145,164,159,165,152,150,139,144,165,154,138,152,143,140,146,152,158,144,145,155,139,141,139,164,128,161,151,137,164,156,151,160,151,161,154,135,154,160,156,139,149,163,158,132,156,147,155,152,156,146,158,146,164,160,159,167,161,168,157,156,156,135,164,144,133,167,148,153,158,130,146,131,152,143,151,149,140,135,143,145,136,129,156,149,150,143,139,156,153,154,160,125,139,175,135,156,134,168,139,151,151,150,172,137,152,156,147,149,154,150,140,156,165,154,161,141,164,151,155,126,141,144,149,142,138,162,159,145,152,132,158,157,169,139,152,148,151,147,136,163,142,170,156,165,158,141,155,166,160,142,162,130,154,146,162,141,146,152,144,154,164,153,152,174,157,155,145,143,140,139,146,167,128,140,158,148,145,153,150,167,147,136,133,153,167,142,146,149,132,169,146,146,151,167,157,152,170,132,141,138,158,149,158,157,132,150,162,147,150,153,146,154,153,145,163,163,151,154,138,140,152,139,160,144,146,153,139,139,144,154,143,167,157,150,143,151,140,152,148,154,150,159,159,160,140,136,146,148,164,148,149,150,146,155,143,149,167,139,160,158,137,131,136,155,136,170,164,148,150,156,146,149,155,147,154,149,187,161,140,146,148,166,157,132,140,142,167,148,152,132,157,160,159,159,149,156,143,150,163,163,146,162,168,159,161,140,149,159,140,146,145,142,157,167,159,166,148,146,184,145,152,147,151,138,122,144,141,169,151,134,157,150,151,150,143,161,149,176,151,159,156,158,152,145,137,131,160,159,164,144,148,152,157,146,133,144,141,149,138,158,146,164,150,152,142,150,146,147,157,167,139,152,132,130,147,148,148,164,147,148,156,161,135,144,172,155,162,151,147,154,157,144,149,132,155,145,146,144,138,151,153,156,166,145,176,143,147,147,146,161,141,156,175,160,148,146,165,160,157,151,150,163,148,155,157,154,162,151,158,166,131,170,133,149,163,147,149,138,145,161,159,149,157,146,166,151,159,161,157,162,130,144,151,153,132,132,140,140,168,145,151,143,162,158,157,167,167,141,143,140,172,147,158,150,152,141,139,137,147,147,134,145,156,167,148,156,143,153,157,141,140,144,166,139,163,155,138,153,136,152,157,152,145,152,142,153,150,148,150,146,130,153,158,136,156,155,127,127,141,162,160,156,164,155,159,156,160,142,140,152,145,153,161,143,153,131,163,146,146,146,148,165,153,157,156,174,144,166,146,154,152,157,142,135,132,160,137,144,154,157,137,141,152,156,171,156,141,146,147,150,146,143,143,145,148,152,153,141,137,150,167,153,155,137,156,159,153,147,172,161,136,145,151,141,163,158,142,153,156,138,147,141,144,130,149,117,139,142,147,167,154,138,146,162,141,144,149,149,145,142,162,146,139,149,168,162,150,137,156,144,145,141,156,158,161,157,157,147,144,154,149,150,144,167,159,178,141,156,143,149,150,151,140,161,151,132,163,142,144,186,143,134,151,145,161,142,127,138,181,173,161,147,128,153,143,152,147,145,162,168,131,161,155,161,150,144,160,149,142,161,154,159,148,146,152,137,164,146,163,140,153,136,146,154,150,176,147,151,141,153,160,161,137,175,149,138,144,147,143,144,152,157,145,147,166,137,144,141,159,150,143,157,132,149,132,140,159,157,145,147,129,137,143,147,153,166,122,123,159,150,169,168,150,168,132,142,138,142,158,142,145,134,138,145,165,160,154,148,150,162,126,159,144,165,139,131,163,146,156,152,149,162,146,147,140,139,164,148,156,138,149,147,165,141,161,132,148,143,163,143,164,148,140,158,129,159,160,161,156,153,152,144,156,146,126,159,172,154,154,166,130,161,127,149,161,169,145,162,150,144,151,147,151,170,137,156,154,141,160,149,158,151,145,145,142,157,143,169,148,137,145,162,149,160,147,153,143,139,155,145,142,138,154,158,141,157,150,161,143,151,163,144,139,145,160,136,144,146,146,150,167,152,156,153,142,153,161,157,154,165,131,142,139,157,150,134,148,148,164,150,132,155,146,153,134,143,154,143,142,142,146,150,153,160,142,133,159,136,158,150,149,137,153,152,148,140,164,143,145,153,146,147,152,145,153,171,140,148,147,158,138,139,138,171,146,172,159,126,150,149,151,148,137,165,132,151,150,139,137,133,155,147,148,130,158,139,161,133,165,167,138,149,154,144,134,145,146,153,142,137,153,158,148,143,155,142,159,164,144,152,158,154,147,150,162,142,161,155,143,162,158,139,148,134,139,149,162,142,164,145,140,173,154,142,161,162,131,148,147,159,151,143,147,131,150,137,149,160,145,155,141,152,153,143,163,155,158,148,152,147,149,150,162,152,140,153,149,164,138,134,144,156,160,133,132,154,161,160,131,142,164,152,139,160,142,147,145,144,137,133,140,144,137,153,156,168,155,145,145,148,141,137,160,173,151,136,151,137,145,147,151,137,144,154,152,151,149,153,145,157,151,155,156,136,147,152,139,137,156,164,152,174,163,143,153,168,148,145,149,154,158,133,153,173,150,164,158,159,148,138,148,151,167,144,146,145,154,129,159,159,162,135,151,163,149,149,154,135,136,150,125,143,141,155,117,149,135,162,135,157,130,156,146,163,150,139,152,156,157,148,162,143,144,158,141,154,170,168,143,137,160,155,144,146,151,146,142,164,132,158,153,142,143,139,155,167,149,150,156,144,140,163,152,148,137,171,145,140,156,143,148,153,132,146,139,148,144,133,132,137,182,134,147,133,146,129,160,158,143,161,152,153,135,149,154,167,155,142,142,154,160,157,156,143,148,164,144,156,153,172,143,154,144,152,138,165,143,142,147,151,143,142,164,155,144,159,138,146,147,156,143,134,148,140,144,160,172,158,153,147,131,139,130,151,138,139,163,150,143,135,138,136,158,144,160,143,130,146,165,162,151,139,143,151,158,152,137,149,154,149,149,157,159,148,146,165,138,155,160,151,152,156,157,137,140,136,160,168,165,167,142,155,153,159,150,161,159,149,155,152,168,148,159,146,153,138,151,148,156,156,169,140,141,150,154,150,142,151,147,161,143,140,144,142,160,156,165,151,139,139,160,150,170,144,166,164,144,160,148,152,143,135,149,148,138,151,148,151,152,151,165,130,146,136,165,164,149,147,160,141,143,140,147,151,154,149,147,145,144,149,139,150,131,132,139,138,151,153,151,154,155,157,145,134,148,140,143,154,135,146,147,177,154,151,157,144,148,148,160,148,152,145,152,142,145,152,152,142,160,176,157,137,156,154,140,162,146,145,168,157,162,129,150,149,146,145,159,143,152,154,158,139,132,153,152,151,135,148,155,160,164,153,159,140,145,142,150,172,149,144,132,144,164,141,152,158,152,156,159,163,154,157,150,155,132,148,143,146,150,153,155,143,140,143,146,150,152,155,157,152,153,149,152,161,135,143,155,151,153,151,137,159,134,152,172,147,152,149,135,149,142,140,153,149,139,135,154,136,150,148,150,154,140,150,156,152,145,140,152,157,165,159,153,137,154,172,147,148,150,137,153,143,148,134,147,144,150,141,130,168,128,136,158,148,154,158,154,154,155,145,142,159,170,172,129,159,165,150,137,151,169,154,156,152,124,141,163,150,145,143,149,159,165,144,164,159,133,147,166,152,158,148,147,149,133,150,161,171,144,156,139,151,173,154,141,150,157,146,146,155,145,162,152,154,166,137,158,143,143,156,150,138,162,147,147,135,142,149,147,148,153,148,144,148,151,141,148,150,161,144,140,141,134,154,131,154,159,144,148,164,140,137,150,165,163,150,152,141,162,174,154,145,128,128,156,153,179,157,144,153,136,174,170,140,161,149,160,141,141,169,150,147,158,161,160,153,140,141,157,149,153,134,150,145,154,167,161,167,152,159,130,157,153,135,142,153,157,160,155,154,160,159,150,151,150,159,151,142,148,132,161,152,150,157,151,161,152,140,155,139,141,143,159,163,151,152,140,124,148,153,140,142,157,141,154,164,161,139,153,169,157,144,150,140,148,159,139,152,169,137,136,133,146,138,145,173,147,142,155,139,155,151,166,152,160,135,149,146,136,154,152,152,167,147,134,149,150,154,164,166,149,147,148,149,141,162,158,148,148,169,150,139,146,139,145,157,154,147,143,143,149,146,163,161,142,150,156,150,145,150,148,147,153,127,142,160,161,150,158,149,140,135,154,141,154,155,169,151,153,138,126,159,148,148,143,165,168,135,152,147,132,154,157,145,137,149,143,156,156,152,144,147,150,143,157,149,154,144,170,153,140,137,134,148,160,141,138,141,153,144,155,142,146,153,153,155,159,136,151,150,130,145,156,142,152,165,141,151,147,149,159,133,132,155,163,154,166,155,132,148,154,161,152,151,174,160,164,151,152,149,141,143,154,134,152,150,128,133,146,172,133,150,163,168,144,153,139,144,139,140,165,146,160,153,151,157,149,152,153,154,147,128,161,149,152,154,158,143,145,146,147,147,139,148,151,142,151,142,157,154,161,157,140,151,157,170,148,152,161,162,159,159,138,164,160,168,159,155,150,131,134,143,167,153,167,151,162,142,149,151,149,141,152,135,164,145,147,150,146,152,142,167,142,124,149,136,164,141,151,136,142,134,145,149,150,149,132,154,153,140,159,147,155,138,162,144,156,167,160,144,173,162,136,137,143,142,148,151,156,144,136,147,136,132,154,157,148,139,151,123,139,161,154,145,145,144,155,149,133,141,163,150,156,150,177,166,140,147,139,164,166,138,128,135,146,132,141,158,160,154,152,157,133,146,135,145,135,147,153,145,148,152,163,149,146,144,142,159,150,152,159,150,143,162,148,158,144,153,164,152,164,157,145,148,128,162,149,147,146,184,155,154,143,161,150,146,153,124,169,137,147,153,150,157,150,138,124,160,148,138,134,144,142,141,141,148,153,142,147,146,125,162,137,150,156,150,154,168,148,150,138,156,135,150,142,153,145,138,130,144,152,133,158,139,156,162,164,142,134,147,155,157,144,166,161,156,154,140,139,153,157,156,153,149,167,141,153,146,141,154,167,146,159,143,146,151,136,137,133,155,140,148,142,144,150,167,165,136,145,154,153,145,144,153,136,140,151,162,155,125,163,149,153,152,157,125,149,152,155,164,151,154,156,142,143,144,149,145,139,168,146,146,159,160,139,129,156,122,159,163,176,138,138,132,138,153,147,167,153,124,146,143,146,144,132,165,148,136,144,157,138,151,145,152,143,153,147,145,164,139,139,141,138,133,144,139,149,143,142,145,135,127,134,156,179,168,151,138,144,146,143,156,150,145,138,135,139,156,145,152,142,141,151,136,152,149,146,140,159,155,170,127,143,161,163,150,164,147,155,161,154,162,146,157,147,172,153,149,122,148,142,145,159,153,148,147,161,150,137,150,151,143,154,153,144,140,156,139,152,137,169,152,147,160,146,150,154,141,148,144,144,160,159,126,147,152,152,156,171,125,140,147,142,147,143,148,154,153,143,143,142,142,157,160,149,167,165,151,165,153,153,143,166,164,155,157,154,129,170,148,157,148,147,137,150,159,154,140,166,165,158,143,156,158,139,148,164,140,131,151,155,135,154,136,142,144,149,135,142,157,161,149,151,139,167,144,153,132,153,143,138,157,149,156,141,131,161,146,162,173,134,151,142,158,152,140,155,163,147,151,152,144,154,177,153,163,151,148,125,147,130,153,141,158,144,152,158,131,147,153,144,167,152,164,151,160,145,140,159,154,144,155,153,149,148,139,153,140,154,138,171,153,166,148,122,133,137,149,136,164,165,149,133,147,157,147,146,152,172,165,152,173,123,146,123,148,152,148,151,149,158,161,148,151,150,134,157,147,166,130,155,143,162,132,127,163,154,141,149,162,150,171,158,130,130,144,141,137,150,141,160,152,139,144,155,159,152,134,126,146,157,145,161,134,143,132,156,142,131,164,153,161,163,163,138,150,151,138,139,157,156,139,133,138,149,160,148,163,144,152,147,163,152,155,125,155,147,153,151,164,142,157,143,133,153,151,147,150,136,136,143,146,141,168,146,155,151,134,155,125,139,153,160,158,159,159,160,147,141,141,138,144,142,137,151,141,169,147,154,179,153,142,160,158,147,152,153,149,171,146,168,144,151,159,156,162,157,151,146,149,128,147,159,123,145,156,164,153,148,159,144,129,148,153,147,142,146,158,155,148,153,143,136,146,163,131,138,149,145,143,148,139,162,151,147,146,158,156,176,154,151,164,161,139,155,149,157,129,153,153,155,158,143,165,159,159,152,153,170,152,152,140,145,154,159,145,161,145,168,135,149,142,136,141,156,164,158,152,149,153,157,130,147,158,149,167,153,140,133,144,149,148,164,133,145,154,150,149,134,128,148,148,153,153,147,147,154,152,145,150,148,157,166,143,153,167,140,143,154,169,144,126,162,140,127,146,141,169,162,145,142,144,147,150,139,125,133,146,151,150,136,145,169,142,142,133,168,157,142,127,147,147,138,146,147,132,144,169,132,142,159,146,145,157,152,147,143,146,151,141,172,150,157,140,146,160,155,147,163,151,139,139,151,154,146,147,145,176,153,140,146,161,148,159,142,157,149,136,150,155,157,139,138,138,151,155,145,142,166,153,126,124,142,149,151,141,130,161,130,139,132,151,153,174,159,138,152,156,145,140,156,147,153,161,138,154,157,165,160,156,154,130,156,137,139,144,151,154,159,139,143,131,160,160,140,170,145,135,165,154,141,152,136,162,162,158,164,148,159,166,167,133,157,148,153,128,142,162,148,160,158,147,149,143,156,144,148,148,129,171,141,144,144,149,161,137,139,161,151,150,165,156,160,150,159,145,163,154,162,138,153,148,141,145,154,155,149,127,144,134,155,150,140,140,150,165,162,153,129,153,150,165,136,155,154,158,152,143,140,152,158,162,145,144,157,145,143,139,153,164,144,152,143,143,147,163,156,153,141,136,138,137,164,157,161,150,144,167,146,171,145,155,144,164,166,162,124,154,155,147,151,144,175,161,157,150,142,150,148,149,157,153,141,129,150,152,157,155,160,147,150,144,154,150,156,166,159,155,143,145,172,141,149,146,156,156,157,166,158,149,158,141,168,154,154,131,155,161,159,145,147,154,160,140,142,142,131,142,131,164,144,120,155,126,165,140,152,144,163,163,152,166,160,135,144,160,141,142,143,132,157,158,151,154,152,162,159,138,140,150,153,142,152,149,142,140,137,145,147,133,144,155,172,155,155,153,163,149,155,152,160,160,144,135,163,145,148,145,158,131,141,162,159,174,147,146,149,145,168,157,153,137,146,144,166,134,143,156,141,148,154,139,156,146,151,146,139,142,156,146,162,152,143,141,131,153,150,160,160,141,159,144,146,145,148,155,146,152,144,156,150,158,153,148,142,155,160,150,147,158,149,140,155,154,150,157,156,149,152,162,151,154,147,148,145,142,151,159,152,153,146,130,141,148,153,152,149,152,152,147,138,138,159,138,146,153,156,147,154,151,157,125,155,154,144,154,149,153,159,151,150,151,152,150,152,146,142,128,160,151,132,159,166,152,140,130,140,155,146,122,160,156,155,153,162,134,146,156,152,140,161,148,144,156,150,152,145,155,152,151,138,135,147,137,146,156,144,141,152,149,149,132,155,127,160,142,155,153,159,155,162,137,151,157,147,156,158,139,144,155,150,156,120,160,149,168,159,159,158,145,161,144,155,153,131,151,153,161,157,155,149,148,159,141,158,156,158,153,135,137,152,149,148,142,147,138,159,161,165,147,154,154,147,156,147,174,157,161,144,168,148,159,153,158,148,179,150,148,129,155,147,146,165,142,159,140,159,140,146,146,149,152,164,143,143,144,147,162,127,147,135,143,165,148,154,151,163,143,142,154,163,134,142,150,162,147,146,175,152,165,157,170,151,154,176,148,169,153,141,145,147,152,143,154,159,134,143,137,148,161,147,167,140,149,142,140,167,161,140,146,144,149,145,157,143,155,152,152,146,148,151,173,142,150,160,158,145,134,155,147,149,153,137,145,150,144,145,153,146,146,148,126,148,146,139,142,154,163,160,142,133,144,141,140,147,158,139,155,158,158,150,155,158,153,159,165,161,142,153,140,162,156,148,157,144,141,153,145,160,151,136,160,157,150,144,145,150,148,144,153,148,154,148,145,133,131,153,152,155,146,151,131,157,139,141,144,143,157,139,148,145,149,134,144,144,169,149,143,168,139,164,136,154,144,158,143,154,159,144,156,150,162,129,142,161,137,148,159,130,159,143,155,142,140,154,137,158,147,126,146,172,153,142,148,162,154,141,147,164,139,161,132,166,150,153,149,126,129,166,139,153,163,158,124,164,138,157,163,152,139,155,149,157,155,152,170,155,161,141,135,148,150,142,148,146,136,132,152,161,137,144,143,143,143,161,158,151,139,143,153,152,163,155,146,165,141,149,174,158,139,151,150,129,145,166,151,150,162,150,143,148,146,148,144,132,150,155,153,153,159,165,150,165,148,147,149,150,152,148,129,150,155,146,150,155,145,142,148,145,158,161,168,161,165,161,161,149,157,150,149,143,153,157,145,159,139,140,133,145,147,148,141,159,157,142,166,144,133,141,165,145,135,157,140,162,142,155,157,154,133,149,143,151,137,141,165,150,133,145,137,162,143,161,142,132,122,138,149,155,148,150,158,175,155,134,145,157,145,150,147,141,138,150,141,150,151,153,154,140,143,146,128,168,161,150,146,120,143,140,146,148,152,152,155,128,162,161,145,137,160,150,166,148,155,152,143,159,153,139,159,139,140,161,147,145,152,151,166,153,151,154,153,161,148,157,149,160,128,139,160,149,152,162,148,154,137,152,166,150,152,156,161,142,142,164,131,137,143,147,150,148,128,147,135,143,148,150,142,144,130,148,165,166,168,150,159,149,147,151,138,142,150,166,153,153,138,141,136,140,169,142,153,154,157,138,152,176,145,132,137,134,157,154,152,155,151,131,143,141,136,149,144,147,144,138,161,151,149,143,151,156,137,149,130,159,155,152,138,144,152,133,139,158,141,146,171,150,153,143,146,156,151,141,144,151,129,152,166,152,139,158,132,160,133,158,144,153,146,163,142,155,171,146,150,127,160,157,156,159,149,151,147,158,153,136,156,143,153,161,155,153,156,139,145,164,158,140,147,142,151,172,154,146,157,142,138,151,133,141,157,155,160,138,139,148,148,153,141,151,158,144,171,141,144,166,147,143,142,147,140,151,160,130,151,151,139,140,139,144,144,149,147,148,161,157,148,123,162,140,140,138,150,154,164,154,133,146,133,143,136,146,131,159,168,154,154,145,163,147,158,168,151,165,146,152,158,162,139,160,161,135,176,149,160,147,149,152,148,172,158,139,136,138,149,146,149,156,156,142,156,145,155,146,148,142,145,137,147,143,160,146,145,162,150,146,135,156,159,154,166,144,146,147,136,146,140,170,142,142,159,147,142,144,143,158,161,136,148,150,149,149,145,146,154,157,151,154,149,129,146,162,145,156,147,143,162,160,161,153,137,153,152,153,151,144,145,156,148,159,131,147,130,148,140,140,127,125,139,163,144,164,140,154,156,157,141,155,143,144,144,158,162,148,142,136,136,161,139,162,156,150,152,171,134,149,149,165,140,162,169,148,129,174,149,151,163,138,157,134,153,170,138,145,135,151,132,138,147,146,141,154,163,153,140,146,153,157,129,134,157,151,152,135,156,133,158,144,127,146,143,156,149,164,143,139,143,148,161,144,161,137,155,160,132,139,141,148,142,148,168,147,143,151,148,139,141,151,137,148,144,152,160,157,167,174,150,167,135,162,147,148,157,141,166,146,161,167,147,151,154,144,156,148,138,144,142,148,138,149,120,148,136,147,161,153,157,142,150,156,148,143,163,135,145,172,134,147,127,154,150,126,152,154,136,157,156,146,144,144,147,149,145,148,152,137,134,139,141,161,156,166,153,166,145,152,148,158,146,148,163,138,149,149,135,140,138,151,147,143,152,145,163,167,146,152,156,151,150,140,139,160,149,155,159,147,153,150,160,171,134,160,146,154,163,155,143,150,162,151,140,132,163,145,139,137,161,160,159,154,154,136,161,138,174,156,153,143,151,141,144,158,140,163,145,154,150,151,154,150,173,150,156,164,156,160,151,145,167,146,142,153,148,156,158,138,125,149,155,156,140,146,157,148,158,163,134,148,164,152,142,159,152,165,143,149,151,160,169,145,160,151,161,150,136,122,147,143,150,132,159,143,156,147,156,144,146,142,174,140,147,157,137,169,154,171,148,138,149,156,152,156,149,141,150,150,165,156,141,136,131,138,144,146,158,156,167,147,148,156,159,154,142,160,159,150,161,144,158,155,148,156,144,154,155,145,154,147,160,157,149,140,158,142,159,166,166,143,150,136,171,152,155,161,155,157,145,147,149,161,127,148,141,161,147,147,154,148,153,149,138,151,142,140,140,155,160,160,141,166,143,146,136,151,160,168,156,160,159,139,133,143,142,167,152,147,143,145,150,142,140,155,159,164,145,152,154,135,153,148,141,145,148,152,141,152,166,141,161,153,158,157,146,159,154,143,146,161,147,154,145,137,159,162,155,151,157,158,164,167,155,163,150,147,145,138,172,150,153,148,152,136,146,141,151,143,154,151,154,143,146,143,155,139,136,143,150,144,163,152,158,139,134,160,151,143,145,157,166,156,127,147,152,136,133,145,148,135,164,126,148,157,139,156,156,150,144,151,151,147,160,156,159,138,147,145,138,139,158,142,146,156,137,145,152,165,167,142,145,146,136,148,150,153,145,148,146,145,129,143,149,143,157,154,145,159,144,141,136,135,140,137,149,161,139,151,141,150,154,155,155,149,167,172,148,148,152,146,136,153,150,148,141,162,136,170,150,151,141,169,161,161,149,133,146,152,159,160,151,162,157,155,139,143,147,136,149,159,154,153,142,149,159,149,149,147,151,159,153,158,143,161,143,153,154,148,143,149,132,140,136,161,133,150,156,139,139,146,160,142,146,160,153,156,157,137,147,135,157,164,171,161,140,153,151,147,156,134,131,149,134,149,138,147,158,149,141,168,158,150,161,153,152,150,144,146,169,157,150,150,180,141,161,144,129,147,143,140,145,162,149,135,168,167,154,160,125,129,142,163,147,142,142,166,152,155,156,154,148,162,155,154,143,144,143,159,153,131,152,144,152,164,144,157,153,153,156,137,151,150,140,142,156,156,150,157,138,137,141,155,153,136,148,148,146,143,135,149,147,154,142,158,157,145,145,150,142,147,141,131,149,154,162,158,141,130,143,159,155,149,145,172,147,165,157,152,144,169,131,172,148,140,151,173,154,153,151,134,159,133,149,153,157,154,144,141,156,159,154,144,150,161,162,155,144,127,170,139,144,146,163,144,138,142,168,132,157,156,149,149,163,148,147,137,138,150,144,146,153,129,159,141,147,153,133,146,148,147,140,148,141,150,146,163,157,150,150,145,138,160,156,158,140,142,134,153,147,145,147,165,149,144,150,152,157,144,146,143,140,124,163,148,135,144,127,155,152,146,151,137,150,144,153,145,129,149,149,139,139,143,151,136,161,147,155,150,162,169,153,147,138,151,151,168,141,150,146,153,170,161,151,153,143,154,136,140,159,133,164,157,146,162,141,148,150,121,148,156,147,145,145,152,146,135,139,156,156,178,144,143,150,138,153,140,133,148,144,162,150,143,154,149,167,139,170,131,158,148,161,142,141,149,153,159,151,152,156,139,172,156,135,137,164,155,146,138,138,138,134,155,147,160,139,147,146,139,148,149,149,150,159,153,140,151,150,151,153,163,154,172,158,143,149,144,134,147,142,145,149,165,142,148,148,140,163,168,158,150,150,153,149,154,155,154,180,166,172,144,141,157,166,149,149,144,150,136,151,136,155,142,146,148,146,163,145,134,151,158,115,148,155,151,133,146,149,159,128,167,158,166,129,156,147,148,157,149,150,140,151,162,174,149,164,145,163,151,153,137,149,147,140,147,156,153,155,137,144,149,157,138,149,147,135,150,144,154,149,150,173,145,156,143,152,144,159,128,142,149,147,158,160,139,172,152,137,143,136,174,149,138,135,148,150,150,132,151,142,142,141,157,145,157,147,166,160,139,149,171,151,147,147,155,154,154,138,171,149,148,164,151,150,170,144,119,148,168,150,137,142,151,145,153,141,153,147,148,154,166,155,151,155,179,157,147,141,149,144,154,152,157,159,164,153,158,151,150,145,152,138,157,144,162,158,143,151,164,134,158,152,144,138,162,152,135,160,142,146,158,162,143,147,146,152,173,151,161,156,153,160,159,147,135,160,160,157,136,124,165,156,155,134,163,145,156,147,147,147,135,148,144,155,155,157,153,151,152,165,162,154,158,159,142,147,155,150,131,168,150,152,151,146,142,152,148,145,145,161,156,132,152,134,148,147,149,174,158,144,141,135,155,165,154,148,157,133,143,157,116,163,138,122,144,142,163,146,147,148,145,151,153,142,156,142,152,154,157,155,152,145,162,160,175,152,164,141,159,146,153,139,145,144,162,152,153,144,143,163,134,155,139,158,142,165,146,160,149,146,150,161,146,166,150,141,153,129,141,136,150,154,142,146,143,159,149,148,146,143,147,147,154,154,153,168,171,155,154,172,155,138,152,147,161,134,156,163,157,168,156,149,143,155,158,154,144,157,156,144,143,149,149,138,150,143,151,137,153,139,145,141,142,152,148,131,139,147,144,145,139,128,126,125,166,162,151,161,158,153,141,137,140,151,147,165,151,182,132,162,169,144,161,152,170,154,153,143,129,140,140,179,147,152,150,149,146,146,162,155,154,151,150,151,141,159,148,137,160,139,165,156,141,162,170,163,146,134,138,157,157,152,159,162,145,155,142,140,146,160,142,154,158,142,139,156,148,171,161,164,145,145,142,144,153,156,152,158,151,157,153,150,152,151,158,159,172,151,160,150,128,163,147,145,154,158,143,159,153,150,153,150,147,168,157,140,159,147,151,152,130,152,164,152,153,161,158,136,168,142,162,160,144,148,145,161,154,148,143,158,168,156,141,146,161,147,143,132,162,144,152,141,157,136,157,172,148,133,148,146,170,160,158,164,182,135,143,164,152,147,132,140,154,148,139,150,134,161,160,152,162,139,163,147,171,151,147,151,158,158,144,145,154,154,152,136,145,149,143,140,157,145,151,135,137,157,154,141,158,149,130,164,149,171,163,149,139,148,174,140,153,135,148,140,156,154,156,145,142,147,157,136,133,137,146,159,153,154,167,152,155,164,152,165,139,135,155,148,152,155,155,167,130,162,144,131,143,139,153,151,157,150,144,151,137,172,132,146,154,158,160,139,142,157,143,145,162,163,143,140,140,135,139,137,159,155,157,172,136,146,164,143,156,155,142,160,175,174,149,143,135,147,156,130,141,138,146,150,145,152,157,144,148,139,142,152,146,148,151,141,159,143,134,154,160,166,119,149,154,153,142,158,147,137,159,149,146,155,142,159,135,153,163,157,137,148,157,154,146,124,140,161,136,146,152,149,147,149,157,155,149,151,142,140,141,140,138,156,150,152,141,163,153,154,150,159,142,147,153,126,156,161,154,159,153,151,151,152,145,150,160,156,159,128,147,158,160,161,140,158,161,150,148,153,162,154,150,148,157,144,164,155,155,169,155,147,147,136,145,152,147,171,151,165,168,133,133,143,150,148,173,157,160,163,141,141,146,125,141,129,161,148,152,157,143,156,153,138,160,139,148,145,133,159,142,176,147,163,154,153,160,157,154,138,151,139,165,161,152,169,129,153,146,142,143,149,162,157,147,171,155,146,137,157,133,157,152,146,150,149,153,155,148,138,160,159,132,141,140,137,141,141,152,142,144,140,160,154,146,160,129,148,163,140,166,145,139,155,144,167,155,157,156,155,145,142,151,160,139,124,164,157,141,144,151,143,155,145,157,147,149,145,148,162,158,142,127,152,143,155,135,149,145,154,139,152,144,167,160,153,144,143,155,146,153,155,142,140,170,157,145,160,154,150,149,148,172,146,148,173,158,136,139,140,148,154,139,133,160,160,140,151,143,136,141,158,147,136,170,147,152,159,144,151,152,147,164,144,145,152,144,160,147,148,152,149,155,128,169,158,144,156,160,154,142,169,162,145,139,159,160,139,158,171,150,135,161,142,158,150,148,157,140,146,144,154,163,139,141,147,157,185,150,159,137,165,147,141,137,153,148,134,177,146,161,147,157,144,143,141,146,159,155,154,154,121,146,136,138,149,139,163,159,147,159,161,164,158,156,172,158,165,161,158,156,153,154,158,165,149,141,170,153,152,149,154,134,147,129,148,149,141,167,167,140,157,166,142,159,135,136,150,130,158,164,139,150,139,151,167,158,170,152,159,154,141,160,147,147,158,152,122,145,142,154,156,169,154,143,139,156,153,147,169,175,130,170,154,151,144,129,160,158,142,125,147,136,148,149,144,148,169,132,138,149,149,159,159,142,148,142,129,140,160,152,152,135,146,155,156,141,139,157,155,148,144,150,157,155,160,147,162,156,149,160,156,135,145,146,148,143,139,142,158,139,158,145,144,146,159,140,145,156,165,150,140,158,145,155,156,170,155,148,164,143,167,175,148,146,150,144,156,149,141,149,149,149,135,150,145,151,156,147,153,141,153,153,157,160,140,139,158,150,154,138,166,144,158,166,145,139,145,151,145,150,165,164,143,148,152,151,146,159,158,146,146,141,139,145,147,157,136,155,143,161,150,160,162,150,146,144,157,156,165,152,140,148,138,163,159,148,150,154,137,143,137,152,150,142,137,150,143,166,131,141,141,147,147,149,135,155,146,133,160,160,148,138,156,163,136,150,163,148,155,144,150,172,160,137,141,139,144,144,157,166,153,141,160,152,155,147,166,150,153,144,143,160,156,145,137,159,148,153,151,158,167,142,172,147,152,136,137,160,153,146,159,140,152,154,166,162,147,149,150,150,163,148,137,151,142,142,136,145,142,134,141,153,151,122,153,150,153,143,185,132,144,156,138,151,161,167,142,162,162,144,149,170,154,143,147,154,145,140,142,158,140,135,152,142,133,144,155,157,160,164,157,141,148,156,143,142,162,150,152,156,148,141,138,144,155,136,139,155,153,152,149,140,144,149,150,163,134,150,128,141,142,160,154,176,129,149,162,156,154,136,167,165,155,139,133,164,137,156,140,144,149,157,134,153,147,139,155,162,125,148,136,164,150,150,145,133,156,134,166,159,167,156,160,161,163,167,147,136,144,154,140,150,155,149,165,155,157,155,151,157,141,160,163,149,161,135,134,165,139,139,164,144,166,176,151,152,129,143,156,145,158,154,143,150,151,149,156,152,139,174,140,135,149,141,140,144,155,160,151,156,140,145,147,139,148,148,157,162,161,154,142,147,142,138,160,147,148,179,157,153,128,149,148,157,154,157,167,150,159,141,159,147,153,144,134,167,168,146,160,150,147,135,144,167,153,164,158,166,139,164,149,135,150,160,147,150,161,150,154,161,144,148,144,156,143,129,166,160,150,147,141,157,151,150,148,164,152,143,160,166,171,144,147,146,156,149,155,147,138,150,154,157,148,147,164,155,155,138,154,144,149,158,150,142,146,132,133,144,149,159,144,143,151,142,136,148,123,149,157,148,148,159,147,151,128,137,153,152,150,166,135,137,157,142,150,155,145,149,151,149,138,163,154,155,149,139,169,144,152,139,147,143,146,155,139,154,141,166,152,161,153,147,146,145,164,150,145,139,148,149,155,136,152,142,135,133,156,141,148,145,137,132,148,140,151,130,148,136,141,140,152,146,148,174,167,147,157,164,145,141,152,162,144,140,162,148,154,140,155,143,146,141,140,154,165,163,156,140,148,155,159,139,146,140,148,147,173,136,153,156,154,155,172,132,142,138,155,145,154,121,154,143,170,146,140,130,155,152,170,153,150,148,124,136,154,154,151,159,147,167,141,135,141,157,153,137,143,127,148,135,172,165,164,155,136,149,153,139,160,155,135,176,163,145,150,135,154,156,137,160,151,164,147,162,137,147,157,145,163,141,150,159,151,135,153,131,130,146,143,151,135,149,159,143,146,137,140,130,171,168,147,149,156,165,146,151,135,153,141,141,151,146,166,149,146,142,136,132,160,158,148,164,156,131,155,159,139,159,147,135,162,133,146,158,165,145,144,172,146,153,163,149,152,133,177,131,164,138,154,158,130,142,144,130,144,153,157,143,153,150,149,140,134,155,149,147,161,145,163,148,171,159,138,154,152,144,157,149,140,155,147,145,148,148,126,152,151,149,162,144,148,157,144,164,157,156,146,171,164,188,154,160,158,146,169,137,161,141,161,161,164,164,139,141,146,144,161,163,155,156,133,135,147,156,159,152,161,116,151,143,140,167,153,163,159,134,142,136,164,142,136,170,139,156,146,165,143,150,166,133,154,167,138,147,150,130,147,148,153,139,148,158,162,148,160,150,145,153,155,165,148,143,148,144,144,163,155,154,150,149,150,142,158,152,160,149,131,156,158,135,164,164,149,150,151,163,145,143,159,141,169,146,155,144,145,137,162,166,153,146,141,165,149,159,140,155,152,137,147,148,152,162,143,140,141,153,152,150,148,149,152,171,149,139,146,148,145,178,135,160,155,153,145,139,161,140,141,148,144,163,161,166,139,159,146,147,153,160,139,149,142,141,145,160,143,155,138,154,145,154,146,143,146,148,165,135,158,134,138,165,147,134,125,137,158,140,149,143,143,163,133,128,133,161,136,164,156,127,139,153,132,135,158,171,152,159,141,160,141,163,167,142,146,159,147,147,144,157,150,140,148,135,148,155,149,158,150,157,162,158,150,137,149,145,144,154,154,149,140,145,143,147,140,145,140,151,156,138,142,148,158,160,159,149,137,143,142,129,140,146,149,144,147,146,154,146,138,139,158,153,150,159,132,163,137,157,154,137,152,169,151,157,152,132,141,174,142,152,141,135,155,161,147,153,159,151,166,134,139,145,141,150,150,164,149,143,170,152,157,151,160,154,124,138,141,150,154,136,135,145,154,141,148,164,140,161,148,133,141,149,152,136,148,157,144,170,147,152,134,146,156,133,152,171,146,159,150,165,146,157,145,139,152,162,157,147,126,129,153,146,146,163,146,149,150,152,158,149,124,140,155,154,144,146,148,143,164,137,133,147,145,153,158,142,159,146,145,150,150,132,143,137,143,153,156,148,142,165,154,145,138,152,146,143,161,135,151,151,149,138,139,150,159,133,158,144,141,153,150,153,138,152,140,133,163,151,143,145,159,140,152,159,143,152,141,143,137,137,148,145,143,157,172,131,155,143,144,157,164,147,146,151,140,148,154,144,151,155,144,149,152,151,144,152,168,149,159,138,137,135,139,139,135,153,176,151,160,130,157,150,149,132,136,163,156,138,170,152,149,155,147,153,141,146,146,142,147,157,151,162,147,153,155,148,147,171,155,152,154,161,151,136,145,141,151,134,113,158,133,145,145,156,158,150,150,148,145,158,143,148,153,139,144,134,152,137,148,167,145,155,141,141,158,133,151,144,147,145,131,150,164,162,162,142,158,158,145,149,128,150,160,136,156,142,151,138,143,130,151,153,151,163,142,146,164,167,152,153,156,138,141,142,128,143,174,151,131,150,147,152,139,148,152,152,162,157,148,150,145,152,139,155,193,131,150,154,128,141,146,148,131,138,140,148,135,154,137,159,149,145,138,141,147,147,142,143,150,152,172,150,157,151,145,130,154,157,149,155,164,145,137,155,141,166,160,156,145,154,144,150,133,161,137,148,161,141,140,155,147,154,152,158,169,145,152,147,143,161,158,151,158,136,150,158,130,158,143,142,140,168,161,156,139,136,136,165,131,140,158,158,161,144,141,148,142,165,152,158,152,156,141,138,162,170,151,153,147,160,138,161,141,156,134,155,166,147,141,143,165,156,144,141,164,160,148,157,147,140,155,145,154,138,145,146,158,152,147,148,151,150,137,146,138,148,160,154,144,152,149,149,153,150,152,132,148,154,166,159,150,165,148,136,167,146,147,142,169,178,137,151,160,153,141,143,156,123,161,165,151,167,143,143,161,133,158,145,148,140,168,149,157,164,157,143,149,149,153,147,141,140,157,140,157,180,153,160,136,167,150,143,156,141,161,179,146,149,143,169,154,152,151,149,144,152,141,145,145,135,147,153,146,161,147,140,149,151,145,144,145,162,151,163,150,127,143,161,149,141,158
147,153,142,150,131,155,149,156,137,146,154,154,152,145,130,140,142,145,151,153,138,158,149,128,152,150,150,142,143,151,156,173,157,152,154,138,149,158,161,156,160,143,151,140,139,134,138,148,170,150,145,154,132,142,140,164,154,142,143,166,142,161,162,160,158,161,145,149,147,159,150,130,141,157,136,133,143,147,132,169,170,148,171,144,154,150,165,155,159,154,158,137,159,147,133,170,161,164,161,155,163,145,144,153,151,150,142,135,155,144,155,141,137,153,164,166,151,145,152,137,161,152,157,120,152,166,159,159,156,161,154,149,151,146,145,172,155,149,153,150,159,145,150,160,145,165,150,145,125,159,142,139,150,144,182,159,150,151,174,141,155,145,178,142,159,162,143,153,142,134,138,159,151,157,149,151,159,162,154,146,157,166,151,147,145,151,144,148,142,152,139,157,139,144,149,138,141,148,148,145,128,163,160,155,136,154,167,144,152,151,142,148,144,172,164,146,142,154,154,156,159,153,151,151,139,134,158,147,146,151,154,130,147,160,134,163,144,140,150,149,140,155,156,132,160,120,133,153,162,163,131,165,164,156,145,138,145,148,145,143,156,138,154,148,148,154,157,147,136,171,136,146,151,169,145,152,161,161,144,148,147,163,156,160,163,146,143,145,147,146,134,142,162,164,160,148,159,149,156,154,167,147,158,147,159,150,151,160,150,155,157,149,161,128,137,139,156,138,156,142,149,157,157,156,157,147,148,133,154,147,168,156,132,151,173,166,153,163,168,148,136,131,147,148,141,151,163,155,134,155,144,150,156,149,152,145,145,150,162,141,141,154,147,152,153,157,145,148,158,152,151,140,144,156,147,161,150,155,158,149,135,155,147,130,135,158,139,159,147,149,158,157,165,161,131,153,144,158,141,158,153,149,159,164,161,134,150,145,155,136,142,155,150,141,145,149,150,155,142,152,154,152,145,135,158,163,145,146,158,151,165,148,157,166,148,137,156,154,167,161,160,157,156,161,161,147,134,150,154,175,156,160,129,153,151,149,149,130,154,141,179,146,176,164,157,169,151,148,151,162,152,146,145,169,147,150,139,151,147,174,166,159,141,157,129,145,170,140,164,146,138,145,136,158,138,167,171,159,162,144,143,151,167,133,155,131,156,136,156,167,154,158,138,149,165,149,152,149,147,155,147,151,146,140,140,144,154,171,145,155,154,151,158,150,153,153,154,135,165,156,144,146,172,136,159,143,134,160,151,150,168,139,136,144,165,152,162,142,141,136,141,161,147,163,144,153,136,149,148,162,146,134,166,146,158,148,148,163,145,141,140,159,157,141,143,150,133,152,154,145,150,137,140,152,143,146,177,145,151,142,145,135,145,158,138,148,158,149,162,163,157,152,162,145,146,156,171,161,148,155,149,153,146,148,140,159,165,160,152,154,162,145,148,162,161,160,147,142,170,170,145,130,139,143,141,137,146,138,152,134,150,155,142,156,148,163,144,161,154,147,156,150,153,168,154,145,144,137,151,146,151,144,155,143,158,136,146,158,143,146,159,156,151,152,155,173,150,149,150,162,170,159,138,146,142,150,134,159,138,148,172,162,150,147,153,158,150,142,153,146,147,146,154,149,157,138,137,157,151,151,138,149,161,131,143,154,153,165,156,152,151,154,150,136,140,138,161,159,160,154,136,136,156,139,166,144,148,160,158,158,162,160,146,139,135,154,144,160,159,154,140,138,135,149,135,150,151,152,128,159,156,148,140,143,148,157,157,153,131,145,149,149,181,140,157,161,152,138,141,148,129,152,144,153,163,126,150,143,159,143,146,161,150,161,148,150,150,139,160,134,160,143,139,152,165,149,165,163,160,157,153,159,148,156,145,150,145,127,173,130,127,137,137,124,144,141,151,160,169,112,151,168,128,162,143,158,165,158,142,137,157,136,144,157,153,153,143,137,142,142,146,151,123,151,140,169,151,147,138,157,147,146,174,158,142,151,155,169,148,160,154,148,151,149,138,133,163,137,165,176,137,161,152,163,141,156,127,142,166,144,154,172,136,155,149,158,151,123,155,156,129,153,143,171,145,137,145,157,161,130,145,135,158,139,137,155,156,147,149,138,146,137,155,160,155,155,132,157,140,141,140,151,158,138,158,167,126,138,161,140,127,155,151,165,156,150,148,141,149,149,147,151,152,152,158,146,149,142,146,152,150,138,145,153,162,152,136,148,155,150,137,147,139,151,152,168,135,153,152,153,156,151,157,152,149,137,148,148,138,167,138,173,166,129,154,131,156,157,138,153,145,141,163,149,135,148,138,135,141,144,160,142,147,172,152,159,140,141,140,133,139,138,135,142,132,160,142,147,158,154,151,142,136,146,146,148,158,139,155,135,154,139,150,168,134,152,142,151,156,171,158,158,133,151,153,144,138,149,144,160,159,162,132,136,138,143,165,151,142,150,156,149,153,154,150,142,139,139,168,175,166,149,161,157,143,149,147,145,155,157,155,146,154,145,153,136,145,141,155,164,148,153,155,154,161,117,152,141,130,131,159,161,162,147,167,146,148,170,167,156,163,131,143,146,149,147,167,140,145,155,137,163,145,149,147,146,148,170,136,152,127,147,149,139,148,167,147,140,144,144,119,152,146,132,157,154,151,153,133,163,146,143,155,143,142,143,146,160,161,135,145,151,141,148,159,168,166,150,143,140,140,153,156,140,156,157,155,150,149,155,151,165,172,155,149,147,158,153,146,165,140,151,147,161,149,130,157,145,134,150,143,127,137,131,157,161,166,166,164,160,149,167,150,156,149,134,144,155,144,133,147,149,150,153,150,148,144,137,157,153,156,162,153,168,156,140,149,143,132,143,137,131,129,146,144,152,136,153,140,138,147,137,134,159,155,158,160,141,168,136,162,124,158,132,147,164,151,147,145,158,153,159,139,155,158,145,153,153,159,132,154,159,143,133,149,148,151,149,140,139,160,164,156,168,147,154,156,145,132,136,116,143,137,171,138,139,148,161,145,140,158,143,155,149,148,137,149,150,157,156,142,135,156,145,162,153,145,143,156,159,133,157,151,169,154,142,154,143,159,159,156,142,138,158,137,154,139,164,156,168,149,148,170,146,136,148,154,142,151,147,148,134,142,146,145,150,147,149,142,158,127,162,135,139,151,148,140,132,143,139,176,137,143,135,140,151,144,139,170,144,158,157,129,163,136,153,159,170,129,141,157,148,139,151,165,147,160,146,144,148,145,138,151,146,151,151,150,158,145,166,142,151,153,154,161,149,180,169,162,157,149,155,139,165,158,151,150,157,135,160,142,142,134,138,146,154,142,146,150,153,158,159,151,147,144,131,150,155,154,158,161,149,145,145,150,152,159,153,140,173,164,165,132,142,164,145,169,165,169,153,132,133,163,152,151,158,143,144,171,155,154,156,164,145,162,151,152,157,158,161,127,146,134,162,158,144,158,166,134,144,154,151,137,162,136,157,161,159,141,144,143,144,153,138,155,138,157,164,137,174,157,126,147,155,140,140,142,157,156,158,137,142,160,155,132,153,159,166,131,143,143,132,150,157,143,151,157,150,143,151,146,146,158,152,176,148,144,172,155,147,141,143,153,140,161,138,140,131,151,154,143,162,150,153,152,136,142,137,159,141,148,158,150,133,147,154,143,146,142,145,162,154,153,141,152,165,167,153,149,139,152,155,137,156,169,135,143,163,149,149,154,149,160,165,141,142,152,142,147,158,156,144,142,151,162,159,148,142,157,150,149,139,146,158,154,137,156,146,159,136,145,154,156,136,163,131,152,177,164,159,162,139,144,155,145,150,138,132,141,136,145,150,145,148,142,156,159,136,157,145,165,150,146,139,142,147,144,159,129,134,149,137,165,145,146,140,142,145,136,151,148,151,146,141,144,147,164,146,132,149,146,162,154,160,165,153,140,145,157,161,161,145,150,155,160,164,151,136,144,176,163,146,136,155,153,153,151,156,158,149,147,140,145,139,158,148,158,156,158,156,151,141,158,168,170,139,175,150,173,144,140,151,149,149,146,175,163,143,127,149,156,158,140,171,149,160,145,166,149,147,163,155,157,143,155,132,148,152,146,142,144,145,165,154,146,140,171,140,159,142,151,163,141,152,145,154,119,161,154,154,146,156,166,165,138,156,148,167,161,151,131,142,175,158,157,139,170,148,166,152,145,145,149,157,149,158,154,160,156,153,147,152,155,151,151,149,158,135,144,153,143,130,152,141,155,149,138,145,157,154,146,162,164,138,148,135,137,144,157,159,157,162,142,146,149,144,125,151,159,138,160,152,163,162,147,148,155,144,151,142,147,158,168,168,144,148,179,153,156,155,154,142,135,141,149,164,129,163,146,151,143,147,143,157,161,138,152,142,144,142,140,151,140,149,160,150,153,122,142,129,146,165,148,148,135,153,158,171,140,148,154,146,146,167,149,153,142,158,143,139,158,154,159,160,160,144,146,148,164,165,156,147,151,153,162,144,129,166,166,154,153,144,146,154,128,164,153,136,147,164,148,149,134,140,168,149,151,143,161,141,141,142,152,160,163,134,155,149,156,151,156,142,146,156,155,155,139,154,162,162,154,129,143,135,173,160,114,171,160,152,134,159,141,128,148,142,147,148,153,149,159,141,143,148,148,157,171,152,148,158,161,164,158,128,158,145,159,150,141,153,162,162,143,141,148,150,136,157,131,149,160,147,143,138,161,147,161,158,147,150,163,150,174,146,143,157,157,171,156,146,165,149,136,136,145,143,143,155,148,162,158,153,136,153,152,142,138,175,146,139,159,140,147,129,175,152,140,142,144,163,159,154,145,149,140,145,138,129,142,165,139,145,152,154,149,152,153,142,146,135,150,152,154,155,129,146,148,160,176,148,157,157,162,140,144,159,151,167,144,146,147,153,176,141,137,141,162,147,162,152,142,153,161,132,164,155,152,148,143,161,156,153,166,144,151,174,158,148,136,150,151,157,150,151,160,150,165,158,155,143,155,136,141,146,157,150,143,137,147,146,147,135,163,161,157,158,164,154,163,147,153,157,165,155,147,156,169,153,149,129,132,144,162,163,144,143,145,143,163,158,142,123,171,142,139,152,156,143,139,136,155,162,135,150,129,161,169,152,151,152,144,147,153,166,134,168,169,158,168,150,144,154,156,149,150,135,154,157,147,133,156,149,141,135,150,152,159,130,163,146,152,155,155,150,143,154,164,146,161,124,164,146,156,135,160,153,165,142,148,155,149,144,141,169,153,154,129,183,139,161,164,155,134,151,150,146,129,136,161,170,158,142,155,159,170,144,166,143,150,144,155,147,141,145,151,152,171,163,162,144,160,145,158,160,142,162,138,169,136,137,151,149,136,163,147,154,136,152,139,155,158,144,143,158,139,144,143,141,157,156,158,156,139,136,157,151,138,155,153,182,144,153,145,147,154,146,168,166,151,146,157,149,159,147,158,150,151,146,151,149,153,151,145,163,146,153,148,163,146,169,151,165,140,174,146,146,150,151,154,168,158,140,142,154,151,152,155,139,166,147,131,158,149,150,143,143,154,147,156,137,158,153,158,156,146,149,158,149,156,161,145,144,141,159,150,144,170,159,145,176,133,147,152,143,153,151,137,160,158,160,146,145,151,156,147,142,161,133,146,143,159,135,148,150,150,160,147,146,140,146,140,159,151,144,142,166,143,161,148,141,156,147,156,151,151,151,156,152,155,157,140,161,133,146,150,138,154,173,171,161,152,172,149,147,154,133,157,153,140,155,147,151,150,162,143,154,151,148,157,144,155,143,160,161,149,143,140,148,138,159,138,142,145,138,147,137,168,161,140,149,165,132,178,145,157,139,133,145,155,136,138,147,158,145,136,147,151,159,172,151,144,150,145,147,161,135,153,134,148,153,131,155,162,164,145,133,161,141,138,143,129,130,146,150,143,152,149,151,154,133,154,147,163,152,176,155,149,155,141,153,146,142,147,151,157,151,144,156,156,149,149,146,159,153,129,157,128,160,155,155,149,133,135,141,157,152,147,149,151,153,115,160,165,147,144,151,143,145,137,166,141,147,146,151,149,151,139,136,149,140,154,145,156,152,133,154,148,142,150,162,152,144,156,151,153,158,137,139,157,152,141,156,146,159,149,157,150,163,162,151,135,149,153,140,159,164,138,159,148,165,161,155,163,155,173,156,164,150,163,151,151,143,172,141,147,143,166,159,137,151,146,148,154,159,137,156,156,148,173,162,160,153,161,164,149,169,147,149,154,148,136,154,161,137,149,145,157,147,161,147,146,143,165,167,147,146,155,152,134,144,137,160,134,157,148,148,162,154,166,149,150,134,154,141,137,129,151,162,130,154,158,125,161,154,140,132,166,137,153,161,161,145,144,158,155,137,157,157,150,166,143,137,151,150,169,165,171,139,145,152,161,153,153,155,139,131,140,162,156,154,160,164,138,151,169,155,145,145,154,139,169,124,151,163,156,160,155,138,137,130,132,133,153,135,153,149,181,150,146,141,163,157,157,147,163,169,138,139,161,138,145,142,137,161,148,145,140,154,144,161,137,135,139,148,144,162,137,148,157,122,142,137,145,161,153,143,146,144,158,138,155,162,156,163,154,152,128,143,147,143,139,145,141,173,133,162,139,164,140,149,136,156,166,146,140,154,145,142,168,141,136,146,145,150,145,157,138,157,146,169,165,155,175,154,139,142,162,156,141,148,158,156,151,156,157,143,148,144,133,154,160,174,147,139,145,176,133,138,157,154,152,141,145,159,139,146,133,143,161,166,150,153,153,150,127,147,148,145,144,145,159,153,140,148,161,154,162,153,159,139,141,159,167,162,124,150,140,146,140,161,149,153,140,144,155,167,143,158,162,142,154,153,131,153,139,155,157,126,163,142,152,155,159,141,144,162,155,141,136,146,148,166,122,169,147,158,147,161,139,128,172,153,147,148,150,145,159,151,140,162,156,160,152,142,152,159,153,146,143,128,159,154,144,157,166,151,171,158,140,146,153,150,147,137,156,144,148,165,130,144,144,153,137,151,161,157,153,145,150,149,152,149,143,136,136,164,149,145,144,150,173,151,150,151,153,141,162,152,156,143,165,160,149,145,129,157,154,153,142,133,140,164,143,135,177,133,137,146,141,143,149,139,151,141,145,158,146,156,161,148,159,155,156,143,159,147,134,157,156,153,146,143,150,146,150,142,151,145,144,151,164,139,147,148,145,154,135,124,136,149,148,154,141,159,158,149,143,139,135,140,146,157,163,130,144,138,148,162,113,144,139,145,149,148,147,146,146,147,151,155,154,151,141,139,144,141,127,147,143,152,126,145,148,144,146,147,150,166,130,139,154,155,167,155,152,156,152,160,162,147,151,156,152,150,155,150,176,150,153,148,142,153,156,155,140,140,144,149,144,137,157,144,149,149,168,168,152,151,157,151,162,130,162,158,145,155,133,165,136,156,153,137,144,129,138,136,163,168,161,145,135,139,147,158,141,138,174,139,153,151,155,164,152,153,156,156,142,157,159,149,145,150,161,151,146,135,163,166,152,157,155,146,135,166,150,155,161,150,153,141,158,159,147,154,164,136,165,156,149,155,163,159,140,146,158,141,161,156,151,127,150,137,145,150,154,148,146,165,146,143,146,163,142,141,147,142,133,151,150,141,147,138,161,150,158,137,148,139,142,132,160,151,150,186,153,147,160,143,148,165,159,154,149,156,137,151,169,154,165,146,139,142,155,138,158,160,152,145,147,143,134,141,146,137,139,165,154,145,159,142,163,137,143,142,138,147,157,146,128,169,142,134,146,146,160,147,171,145,153,153,157,132,160,137,158,150,137,138,149,150,154,144,151,155,150,156,134,150,154,168,156,147,127,145,142,150,149,139,135,151,162,152,155,147,166,151,149,154,163,150,149,164,148,145,153,159,161,156,149,140,150,131,172,138,132,153,168,144,150,146,122,160,139,159,164,165,145,153,138,156,140,144,136,148,149,147,137,135,155,155,138,154,143,137,152,140,149,141,150,149,152,163,140,156,158,154,158,157,146,152,151,137,159,150,153,154,135,157,135,155,147,152,138,147,152,144,138,157,151,146,154,151,150,129,148,162,140,166,156,147,148,145,144,147,133,154,142,156,162,154,150,145,162,153,137,150,129,148,138,155,149,154,134,157,149,144,135,137,153,134,164,144,152,126,144,166,137,156,156,144,133,128,146,159,154,152,138,139,154,139,159,152,136,157,135,160,160,153,135,152,163,150,128,174,146,159,145,149,146,156,158,133,155,150,149,149,147,150,135,165,154,155,161,163,146,157,140,154,147,145,144,139,155,141,157,157,168,148,134,133,162,147,133,148,143,152,174,148,136,144,150,155,144,141,152,134,145,158,154,175,152,143,150,138,138,150,159,156,153,140,148,156,150,152,156,156,152,142,161,131,150,148,145,141,155,162,143,156,152,132,136,135,143,158,164,136,156,166,165,147,159,138,133,157,160,150,158,153,141,164,155,153,152,152,146,148,143,155,150,166,141,141,140,155,156,133,145,152,146,141,156,152,148,139,136,139,150,139,155,131,141,146,145,145,130,161,142,163,137,143,146,159,144,133,151,158,148,145,147,163,148,146,159,143,154,155,144,159,143,172,147,145,163,151,142,135,139,149,158,152,172,155,141,172,152,150,148,158,156,146,148,142,179,167,150,149,154,161,158,163,156,143,138,156,134,160,149,164,166,142,150,167,151,143,156,156,148,163,158,139,159,146,146,160,151,144,141,165,156,139,151,140,149,144,154,164,151,148,151,151,161,151,164,147,151,146,158,141,167,170,144,139,168,144,129,133,145,140,170,147,149,152,154,134,150,154,138,142,167,168,161,157,149,138,147,146,148,166,151,151,170,159,160,149,132,129,149,144,152,148,144,134,147,159,173,139,140,141,153,145,146,136,156,139,148,149,161,156,140,162,166,154,155,143,151,157,170,139,143,141,137,147,138,155,141,157,151,161,146,135,158,144,136,156,171,141,158,144,146,159,154,134,160,128,135,140,136,154,150,160,144,138,157,137,144,156,155,129,154,142,174,124,138,135,162,152,164,145,145,157,158,135,152,162,147,132,149,169,155,155,156,153,156,160,154,149,165,165,152,151,137,158,159,143,155,138,132,157,144,151,151,142,154,158,147,165,153,143,145,148,146,164,158,138,144,153,144,148,181,144,172,154,153,142,148,154,137,172,136,147,149,168,164,148,158,150,141,161,140,162,172,151,151,144,168,140,166,152,144,163,138,168,154,156,133,139,148,137,148,161,148,155,148,153,161,155,145,157,160,158,137,134,144,146,164,150,157,140,146,144,149,150,151,148,160,150,150,163,136,155,150,154,153,143,165,153,150,159,148,149,154,157,147,130,156,139,148,162,153,157,151,154,142,169,162,151,151,145,139,151,154,147,143,131,152,162,155,154,140,160,155,154,152,148,159,160,164,161,151,149,151,150,143,145,162,137,137,168,163,152,146,146,133,152,152,147,156,167,138,148,156,164,157,159,157,167,148,145,154,153,135,157,152,150,147,157,148,148,164,148,146,153,162,149,154,154,157,154,165,162,136,154,151,160,143,153,129,140,150,145,127,142,147,148,163,142,149,152,129,143,151,156,139,143,153,142,144,138,136,141,157,147,163,143,171,155,151,150,155,149,140,137,154,155,140,154,138,145,146,148,158,132,159,143,156,148,163,163,133,147,124,150,164,150,163,157,149,140,136,140,154,145,166,147,158,165,157,148,132,150,151,126,157,142,133,144,124,166,169,167,152,160,133,163,143,138,149,151,157,125,169,172,144,137,138,135,150,143,152,143,148,142,140,145,149,162,145,152,144,152,153,141,156,161,138,154,140,147,151,150,158,149,128,149,146,136,145,142,147,154,160,148,133,151,154,145,151,146,133,173,130,152,150,167,139,150,151,151,152,154,150,148,143,140,135,169,144,140,167,150,152,145,168,158,157,150,137,127,149,162,143,140,141,148,158,153,139,130,142,170,135,152,146,151,151,168,159,138,145,142,159,144,145,173,156,125,143,152,148,133,145,164,163,147,161,159,150,133,159,160,146,154,147,142,146,156,151,154,139,140,156,148,157,137,160,143,163,161,157,133,137,138,141,166,146,141,152,146,161,151,158,149,158,148,146,183,147,132,136,134,149,163,163,136,159,132,147,149,156,140,156,141,171,147,152,141,176,135,137,154,159,137,151,172,148,151,145,157,154,135,146,149,166,160,156,164,143,147,141,131,167,142,155,162,145,150,145,136,138,160,164,142,157,140,141,156,139,148,142,144,141,157,164,146,156,160,148,131,150,158,147,149,159,152,142,156,166,143,171,148,152,157,142,149,161,131,139,153,127,147,145,155,155,158,148,154,159,172,167,155,141,152,159,139,163,153,153,141,145,139,151,165,155,161,133,165,152,150,158,158,136,148,152,138,136,162,160,152,155,139,152,156,145,150,150,144,158,154,127,143,149,159,129,143,146,142,139,156,134,165,157,131,154,163,166,160,152,141,141,167,153,148,129,147,172,131,150,155,154,160,156,154,160,141,151,167,157,162,140,143,145,139,141,152,140,158,168,144,146,147,143,142,145,169,165,140,151,150,148,156,145,163,160,153,150,130,138,132,136,152,151,151,137,151,140,160,160,142,141,159,127,143,144,138,145,153,154,139,138,156,153,158,150,134,147,166,142,127,155,137,159,130,137,152,163,152,163,135,146,133,136,137,146,154,128,164,148,155,129,151,161,156,146,151,156,155,155,154,151,157,141,150,138,140,148,151,143,163,158,159,156,154,156,136,150,160,136,151,153,163,162,155,146,134,161,145,138,161,162,135,158,156,142,154,154,162,161,135,158,148,138,167,166,147,152,162,136,157,148,145,141,138,156,153,151,139,148,152,157,156,167,142,150,146,143,136,145,152,171,139,143,152,151,145,146,146,143,155,143,137,149,154,153,146,149,146,150,138,144,152,156,153,147,149,143,144,141,148,146,155,156,155,146,153,159,144,137,150,153,145,160,148,149,150,145,154,143,136,165,159,166,170,148,122,149,147,152,164,157,156,136,153,153,159,147,145,161,163,141,140,134,136,155,165,148,142,148,153,148,155,155,187,142,150,160,149,162,137,146,151,172,147,137,150,135,152,161,137,142,143,143,143,151,139,149,155,164,136,162,129,133,152,160,147,138,148,152,156,146,140,147,172,146,144,159,153,153,152,138,153,151,157,149,163,153,145,144,143,150,136,167,166,174,141,135,144,151,160,169,171,153,139,143,157,146,138,160,150,139,153,158,155,159,151,157,142,150,166,166,152,153,154,139,149,150,156,147,141,136,144,139,152,146,146,132,146,160,139,164,127,149,157,141,127,141,151,145,151,134,163,142,145,142,150,146,143,154,155,158,135,163,156,155,150,162,149,149,153,145,143,157,159,132,133,160,131,140,144,145,160,158,149,153,160,143,146,149,162,142,153,149,143,144,163,156,153,164,133,140,149,142,157,159,139,140,151,136,134,168,171,157,163,161,146,157,152,144,157,154,140,145,155,165,147,163,154,141,174,155,155,151,157,155,164,157,148,145,150,153,149,154,150,148,150,154,140,153,171,142,138,133,141,137,155,141,134,139,145,141,136,163,157,144,154,137,127,137,159,148,139,161,139,142,161,142,162,128,170,127,158,154,142,156,153,158,144,158,146,157,152,138,139,151,152,156,168,157,153,127,163,150,154,144,143,155,150,145,163,149,144,152,153,155,133,148,149,150,138,112,143,151,156,131,153,131,157,158,152,152,141,155,161,149,142,134,162,144,162,153,154,157,156,143,145,161,162,160,161,139,147,148,151,164,144,168,149,150,142,151,161,164,150,142,147,145,152,142,170,151,154,166,179,141,150,159,150,145,158,168,136,142,157,148,165,149,166,149,151,148,147,152,174,155,153,142,162,146,141,163,158,130,141,152,159,130,150,142,154,141,163,157,159,133,134,164,158,146,138,168,156,145,156,137,146,153,157,140,151,141,167,147,141,138,158,137,151,154,163,148,153,154,152,161,139,145,161,150,150,157,148,143,147,153,147,144,144,146,167,149,133,158,153,151,143,151,142,148,165,170,160,145,154,160,160,146,152,154,153,141,144,156,135,151,169,161,134,154,134,137,145,141,150,143,147,152,156,157,144,162,142,142,162,134,138,149,161,142,179,163,162,159,145,145,153,175,130,144,162,160,143,156,144,189,127,143,147,144,158,167,158,137,143,138,155,142,163,146,145,156,153,165,151,140,148,159,160,146,137,147,163,150,146,151,150,156,139,150,154,125,130,152,155,139,143,135,153,129,142,183,137,155,144,164,150,161,145,158,155,163,146,158,137,158,146,156,145,157,148,141,149,153,149,146,157,139,158,143,161,140,145,148,151,144,161,147,155,138,160,131,130,150,139,149,162,165,154,128,152,137,147,152,139,154,148,143,160,145,135,159,162,146,141,168,144,139,151,138,152,155,133,143,149,162,157,170,138,139,152,155,142,138,140,166,147,146,154,143,153,151,158,137,149,122,167,143,129,125,154,156,140,144,140,148,151,154,157,152,151,151,137,149,150,147,156,146,125,157,148,143,136,153,161,151,160,146,144,161,156,143,147,156,135,152,155,168,153,143,150,139,159,161,160,139,166,144,179,146,158,143,148,150,150,154,159,150,152,140,137,164,162,154,133,153,139,148,158,146,135,154,149,169,146,141,146,155,154,138,143,163,149,147,144,145,151,149,147,149,154,158,155,153,149,141,144,169,132,165,161,151,152,136,161,128,157,148,151,147,166,149,139,143,149,143,169,146,145,164,147,156,137,142,148,142,167,148,152,177,156,164,148,155,147,168,139,145,147,141,138,161,168,149,155,146,145,167,145,156,151,146,154,146,142,149,132,136,147,162,146,163,133,170,132,127,152,152,148,153,146,146,149,158,160,143,138,142,140,140,152,145,152,150,163,147,142,154,133,135,156,158,140,149,147,136,144,162,162,151,142,157,156,150,144,140,135,155,146,130,154,153,156,144,161,139,151,150,168,154,150,146,153,152,147,148,153,157,131,144,134,161,135,153,140,147,144,162,160,149,150,151,146,134,150,146,139,148,150,152,154,161,152,144,159,146,148,150,155,151,161,151,156,151,147,141,144,161,134,156,147,148,142,148,150,152,144,142,163,152,153,152,133,142,137,140,147,127,154,138,160,154,129,163,152,149,155,145,152,158,145,146,148,144,144,155,146,140,161,154,158,132,153,160,155,142,146,143,140,129,149,144,149,139,134,159,162,139,157,144,127,148,155,144,156,154,166,144,151,144,153,152,137,157,128,154,154,138,155,149,140,155,140,146,164,159,148,176,135,156,145,156,149,141,153,143,136,156,142,158,150,137,163,157,150,159,154,164,141,153,133,152,135,144,143,137,148,150,135,162,159,137,140,161,144,150,137,159,155,164,152,153,134,147,154,157,147,155,136,153,152,161,142,158,148,151,141,137,141,156,158,150,150,159,164,163,161,150,155,155,144,131,140,160,145,163,155,157,150,164,171,151,142,167,162,148,147,133,148,153,165,163,125,155,156,133,150,161,147,159,157,154,163,136,130,165,149,146,154,143,158,160,159,137,149,159,149,157,144,148,143,154,159,164,156,139,158,136,143,135,124,165,153,162,148,157,147,151,144,141,145,128,165,132,144,155,146,149,162,149,142,153,146,152,159,154,145,141,161,147,138,152,158,158,144,129,145,131,137,138,140,133,142,159,143,155,137,142,156,183,146,170,154,160,147,140,146,155,157,155,140,166,168,159,148,150,154,146,154,153,145,149,143,142,148,157,146,158,155,150,137,146,145,158,155,159,145,153,150,161,157,145,130,151,147,146,158,150,135,145,131,151,133,167,159,137,152,145,153,165,154,145,149,146,149,144,174,173,156,146,174,162,152,152,139,147,136,131,126,127,168,171,157,145,156,157,145,150,154,134,146,150,145,145,153,153,131,151,161,163,158,159,162,152,144,156,154,167,158,146,159,144,152,154,154,155,150,146,133,143,142,146,166,152,145,157,152,142,152,160,145,143,163,155,156,148,142,143,158,168,162,140,155,133,149,135,149,162,152,132,152,137,142,145,136,169,150,151,137,154,170,132,175,156,155,169,161,136,133,151,150,152,151,132,178,152,151,143,151,148,159,135,134,147,150,160,145,151,138,143,146,165,140,148,147,155,152,156,146,137,146,166,160,144,156,165,152,150,162,147,152,155,136,157,149,161,154,138,140,130,170,139,152,140,143,148,152,145,151,124,144,171,151,150,129,160,164,151,146,130,145,134,113,152,145,145,145,116,158,146,144,146,143,146,146,137,137,131,172,165,156,167,161,130,154,138,143,143,145,151,133,159,133,140,150,158,152,140,141,154,158,155,133,141,150,159,147,158,165,153,151,140,157,147,137,148,148,170,140,142,138,153,143,146,151,137,159,139,151,156,140,154,165,148,153,145,143,139,135,136,155,144,173,169,144,155,151,148,134,162,161,124,130,137,136,160,154,139,147,150,154,147,145,160,150,142,136,158,143,135,145,150,141,150,156,148,172,148,162,155,147,135,170,143,172,145,138,157,157,143,143,157,141,142,149,133,155,148,152,150,156,147,135,145,147,136,146,139,148,162,152,150,159,156,146,167,147,154,137,154,156,138,152,140,161,153,148,162,138,145,169,162,156,152,141,135,154,143,148,149,157,147,159,150,151,140,150,160,133,141,161,136,149,159,140,159,171,158,157,139,153,150,157,158,153,155,156,133,145,156,149,146,145,153,158,173,150,135,174,163,146,155,176,151,140,155,138,149,167,158,160,162,174,150,140,151,155,142,138,148,164,149,160,165,161,147,153,142,146,161,145,147,144,145,157,169,142,138,146,143,149,138,152,142,155,149,165,153,148,137,138,146,141,162,147,143,138,151,160,145,142,160,168,148,135,136,136,143,169,160,151,134,167,152,146,153,149,140,146,151,152,147,148,133,168,151,123,134,135,129,134,137,142,154,149,161,140,134,135,140,147,166,163,158,143,151,148,153,143,151,158,159,165,156,175,157,150,135,148,163,158,143,156,131,151,145,150,144,115,157,144,156,155,140,161,159,165,166,149,166,145,153,154,153,134,142,156,139,146,141,157,171,149,144,121,161,154,153,145,153,143,151,156,161,141,135,157,148,135,136,142,143,150,150,152,145,135,143,153,150,153,132,157,149,149,147,155,156,129,164,141,147,154,140,149,151,142,140,154,145,159,155,155,150,136,165,153,145,163,165,144,162,146,165,138,146,135,144,146,128,153,151,144,146,162,129,140,163,146,146,130,145,140,145,155,134,154,145,144,144,155,148,146,136,146,158,147,160,138,154,166,152,146,149,132,154,138,153,155,142,160,148,142,141,163,154,153,150,150,143,146,131,149,130,152,145,145,159,147,147,125,152,168,148,143,143,150,155,125,162,161,165,152,140,154,158,151,144,141,153,150,133,141,155,149,149,156,143,161,158,165,150,140,157,153,165,149,165,131,148,148,156,144,133,156,160,159,139,143,133,144,141,148,152,158,169,162,155,146,147,146,157,136,142,156,152,137,143,157,150,166,152,145,142,152,144,148,150,147,156,132,154,147,144,148,154,148,167,151,122,149,164,151,158,158,153,145,139,152,138,143,148,147,149,144,154,150,159,155,136,130,153,158,135,162,137,164,165,145,160,158,157,131,141,148,152,139,144,143,135,156,163,148,148,144,147,163,155,141,164,136,144,174,159,151,142,131,158,151,134,128,169,172,157,138,155,152,128,140,140,141,142,156,139,156,143,178,151,141,142,142,143,158,147,158,163,140,146,154,154,148,161,136,159,141,153,135,162,158,169,142,161,143,153,152,147,147,155,158,151,138,172,151,136,154,150,148,157,145,152,152,141,143,142,148,146,156,157,142,139,165,161,146,156,152,154,153,151,141,138,153,143,169,170,152,135,143,135,149,142,161,154,153,149,148,154,150,136,153,166,146,149,150,141,150,143,166,140,140,155,138,149,149,145,146,162,155,148,131,177,157,152,145,140,155,133,132,146,141,121,157,185,145,152,163,147,162,154,140,179,154,144,129,144,152,139,171,154,149,158,170,157,150,140,147,147,146,149,149,160,146,158,156,147,143,151,153,147,156,153,135,138,147,130,158,159,163,144,149,139,160,149,156,186,154,169,153,127,152,140,141,155,143,164,159,165,150,143,148,148,143,163,138,142,149,149,155,156,149,143,145,143,140,177,159,139,139,152,151,159,137,163,158,156,139,155,157,150,133,158,134,138,148,155,135,151,158,157,150,152,149,150,135,144,150,135,146,151,172,173,149,154,148,153,168,142,131,152,152,146,163,137,142,147,147,141,161,157,148,160,148,146,168,163,142,154,147,145,155,158,161,133,145,158,145,139,154,146,150,142,138,159,133,151,165,150,138,157,158,144,133,164,159,135,143,150,161,142,162,168,143,161,155,141,157,136,147,147,150,147,176,155,177,163,162,152,147,151,151,140,149,182,153,149,141,164,154,157,153,130,147,142,164,148,154,143,137,167,145,138,157,144,148,142,154,144,127,160,153,143,151,142,162,149,138,153,146,144,150,163,149,147,136,152,155,156,143,177,140,138,158,135,153,144,156,140,152,137,157,136,131,156,146,156,141,164,172,141,134,155,141,155,145,158,142,149,137,159,162,156,142,170,143,156,158,159,158,158,138,167,150,152,144,164,158,146,140,152,146,137,137,146,155,141,148,147,151,154,149,161,158,141,140,146,158,136,164,152,155,155,165,146,143,159,153,151,153,148,147,165,166,145,129,143,134,164,157,132,153,133,153,142,143,167,156,153,162,164,159,132,155,143,158,155,140,150,161,159,135,157,152,160,153,150,153,144,164,145,147,169,158,146,142,147,151,147,147,149,135,150,148,157,137,138,151,161,159,161,143,160,153,153,156,160,151,139,132,153,156,150,157,164,150,173,171,161,157,159,154,140,143,143,154,139,156,132,147,150,149,156,162,127,149,147,153,144,163,165,156,157,153,150,145,156,171,154,119,152,150,158,144,151,151,140,146,153,147,151,146,149,151,142,154,165,141,140,147,159,156,152,153,127,133,142,150,167,152,132,173,162,138,140,143,151,161,153,143,165,147,144,139,148,174,148,149,145,161,151,147,143,148,142,163,166,165,142,187,167,151,146,164,160,156,161,138,157,151,160,156,150,136,140,139,144,137,143,141,156,151,142,160,151,147,168,147,160,158,141,145,157,148,126,155,150,157,149,172,152,166,148,144,156,157,147,149,141,146,160,145,160,142,169,163,153,161,141,156,155,142,149,155,144,159,139,154,157,149,153,149,165,161,169,132,146,137,164,148,146,139,145,164,164,151,131,142,144,150,148,157,151,150,154,157,152,158,140,144,157,150,150,158,159,160,151,141,133,158,145,148,148,162,152,149,137,153,159,166,154,152,144,139,142,138,147,164,133,155,142,149,126,154,175,145,138,136,146,151,139,158,140,156,153,136,145,155,156,138,148,150,166,139,145,155,131,154,153,132,144,150,149,140,128,146,150,157,152,169,150,153,150,148,169,144,137,162,132,150,140,161,159,139,152,147,149,152,136,171,143,167,143,144,176,147,146,156,144,155,152,149,146,162,158,138,163,140,172,147,147,151,153,154,158,139,134,149,149,143,144,178,156,145,165,143,142,159,142,133,151,155,148,145,152,149,131,133,165,174,148,136,159,148,144,153,162,159,150,165,159,156,150,145,158,127,134,168,165,162,147,133,159,119,135,134,154,179,134,166,138,143,148,163,168,181,149,154,171,131,160,155,145,139,158,140,139,161,167,143,141,142,148,151,147,137,163,149,146,133,156,146,148,129,144,149,150,129,140,137,135,153,158,161,133,143,149,139,153,146,162,149,153,155,147,147,155,154,144,147,146,153,149,153,144,149,155,150,149,149,143,153,145,146,158,141,136,157,144,142,156,154,153,160,144,152,122,165,147,141,150,150,149,146,145,154,145,132,145,146,163,166,173,147,150,143,146,151,155,146,154,150,148,173,145,143,133,143,142,150,134,139,146,142,151,140,150,160,138,161,148,162,141,152,155,150,142,140,146,140,144,162,143,148,149,175,150,161,136,144,146,152,147,141,143,158,147,137,156,171,146,154,142,138,134,136,138,152,153,134,131,155,153,149,142,153,145,141,140,171,149,134,171,154,131,145,149,153,121,150,149,136,153,144,150,135,142,138,145,159,153,163,142,135,148,154,147,148,132,152,142,153,150,142,148,169,152,139,159,163,147,142,152,145,156,135,139,130,146,151,157,148,145,140,145,166,163,171,139,155,152,150,155,146,175,154,134,153,153,154,152,158,152,158,155,152,151,148,148,165,159,164,141,164,147,151,166,150,122,140,130,146,160,157,139,147,146,143,144,139,145,134,149,147,136,147,135,149,130,154,163,159,155,156,158,145,139,134,149,148,152,147,156,155,156,146,140,137,149,135,148,144,135,163,156,145,151,156,148,159,161,149,136,169,152,144,150,155,149,145,146,159,167,152,158,145,151,157,142,134,149,133,148,145,146,158,145,150,152,157,135,142,162,143,154,155,152,145,154,151,146,139,129,152,177,150,146,153,154,144,169,147,164,155,160,159,146,144,139,147,135,137,149,145,139,155,151,134,140,153,147,148,153,144,149,151,160,144,165,157,155,140,148,147,142,164,160,142,156,163,156,151,153,147,155,135,154,156,154,150,147,138,152,139,143,146,150,140,174,157,154,154,135,134,150,164,149,147,143,145,157,152,134,139,164,153,154,131,172,139,139,154,153,128,154,153,152,132,130,153,152,143,147,152,142,154,141,142,149,137,148,170,175,140,164,154,134,140,162,158,137,156,154,146,147,152,168,143,156,136,155,141,158,149,140,152,156,162,157,157,147,146,159,161,156,173,141,165,171,150,129,165,146,166,139,153,144,150,140,150,180,143,146,137,154,154,161,157,133,152,166,147,166,149,151,132,136,156,155,140,137,137,167,159,156,147,151,166,140,160,141,165,148,164,142,154,154,161,146,168,161,160,138,156,135,146,139,150,144,149,168,157,152,144,146,149,151,136,135,145,138,137,149,145,146,141,133,155,152,162,145,152,139,149,145,147,141,163,148,134,136,164,150,138,147,150,147,150,154,153,146,149,141,154,155,155,139,153,137,163,134,170,139,140,157,151,159,149,141,146,156,155,157,148,155,144,147,174,148,144,168,140,158,144,154,152,153,162,185,153,155,151,151,144,156,154,155,154,139,122,158,152,165,164,156,134,160,154,149,142,149,167,128,144,156,160,142,148,157,164,165,146,153,162,128,153,142,171,149,153,136,147,173,160,145,140,165,144,158,164,149,141,147,127,166,147,141,147,160,149,142,158,157,147,150,139,151,145,151,166,139,157,154,158,139,159,155,131,143,154,137,155,147,137,142,152,163,133,149,147,169,147,135,119,137,160,122,144,142,145,160,148,161,155,143,136,143,147,161,137,149,148,138,145,151,147,152,146,158,150,136,151,162,141,150,136,132,130,138,139,144,114,164,162,125,144,133,154,145,167,156,144,154,151,142,147,162,164,145,154,115,145,145,156,160,155,150,134,163,135,132,158,152,143,151,130,135,166,132,175,159,141,148,139,134,153,139,146,140,125,130,145,150,164,152,147,156,150,131,133,154,144,149,144,154,162,157,155,147,148,146,162,147,141,146,159,149,152,151,180,151,161,133,136,157,165,131,158,164,159,145,158,143,133,153,146,153,142,163,140,157,136,143,155,148,157,170,156,155,153,137,155,161,163,148,148,150,143,160,158,138,163,139,140,136,157,153,130,130,157,150,139,139,135,143,142,148,135,143,150,151,158,141,140,148,129,167,153,153,137,160,153,131,137,143,152,156,155,138,156,147,154,162,148,141,153,157,146,147,124,151,140,158,143,158,139,153,139,138,141,149,149,140,157,135,143,154,154,153,157,152,148,153,141,150,161,141,152,156,158,143,158,146,164,160,141,143,129,153,157,144,158,153,146,146,133,164,142,165,161,156,153,146,140,138,137,151,147,148,166,159,133,132,158,139,143,151,157,152,132,136,145,167,163,136,148,147,131,146,148,153,155,167,156,145,159,150,136,141,135,168,138,148,139,155,152,132,143,138,146,161,159,131,143,156,155,152,169,137,144,158,142,160,154,150,168,127,158,163,161,147,165,146,147,137,155,135,133,138,156,173,137,159,160,158,131,155,143,152,139,158,151,158,142,164,138,144,148,158,145,153,132,163,139,137,149,137,154,158,138,146,166,162,140,148,164,146,169,167,158,141,162,144,148,151,136,164,161,160,159,156,140,167,153,136,147,167,153,159,157,138,153,139,154,167,151,146,133,144,143,136,166,154,146,176,141,143,157,144,146,160,151,152,146,151,167,131,155,143,147,150,149,151,147,147,145,131,165,153,145,144,149,152,158,169,144,151,155,144,158,148,156,154,148,153,148,162,139,166,161,139,133,154,160,144,148,151,151,145,157,147,130,146,159,153,160,138,135,140,147,160,153,143,145,138,168,134,141,134,152,160,139,143,152,150,147,163,155,139,157,161,150,141,140,155,140,161,161,164,137,151,147,135,158,152,157,125,126,158,149,164,145,172,144,166,154,142,143,146,175,151,154,146,146,154,160,155,148,139,134,153,157,147,161,139,154,153,160,141,160,141,162,135,141,157,159,139,163,150,148,142,133,147,159,153,152,164,134,144,155,133,141,164,151,140,140,163,157,143,151,155,153,147,149,170,179,130,138,126,156,138,154,169,159,141,160,162,158,158,167,145,146,166,149,167,150,137,169,141,151,133,142,140,139,142,150,148,165,154,153,166,138,153,158,154,150,145,152,140,136,152,140,154,161,135,146,128,159,143,138,153,158,155,166,152,152,150,155,154,140,125,145,152,136,158,144,163,137,139,148,158,143,160,147,151,150,162,150,150,162,167,152,150,141,156,158,151,155,138,170,147,167,151,153,158,131,152,152,147,166,144,149,146,157,162,169,172,156,151,149,135,142,139,153,137,142,149,147,164,139,145,135,159,145,160,162,148,158,142,144,152,157,133,153,151,155,131,129,158,156,157,140,158,165,158,139,156,147,152,152,134,135,136,149,149,146,153,154,164,164,147,166,154,141,178,148,143,158,129,154,152,169,158,157,159,174,146,156,152,142,142,143,168,157,154,150,151,161,150,149,170,141,139,142,152,141,139,159,143,150,139,153,146,144,149,137,150,144,134,142,163,160,154,154,138,149,142,150,161,147,160,142,164,135,174,138,163,146,140,146,151,142,139,163,136,151,148,142,143,142,154,152,141,149,139,169,138,143,152,146,156,172,162,143,152,171,134,156,134,140,154,145,152,161,170,142,186,149,156,162,133,145,156,156,145,154,171,142,141,152,162,155,159,144,154,143,134,151,158,164,160,164,146,141,143,146,158,145,145,138,142,138,143,150,145,158,147,155,182,144,131,156,163,127,144,142,134,142,122,160,162,142,159,161,153,170,158,144,146,142,157,164,145,151,165,151,129,146,135,166,170,149,128,157,153,144,137,147,152,145,129,163,167,143,154,159,147,158,168,151,145,155,142,151,138,162,153,144,152,135,144,147,149,157,153,173,136,136,151,149,151,145,135,140,140,173,143,173,160,150,160,139,134,153,142,156,157,154,142,145,145,148,156,170,166,146,155,175,149,154,137,140,143,140,133,147,146,156,151,151,132,153,153,154,146,133,149,132,156,162,147,150,149,155,143,129,168,153,158,141,155,138,145,148,134,166,146,131,118,145,153,172,160,153,148,157,145,147,138,141,152,149,153,163,145,150,148,135,134,148,141,137,130,136,143,147,156,133,150,152,162,154,137,158,158,142,157,162,169,161,161,138,142,146,166,156,154,139,146,166,141,131,163,151,158,162,162,157,137,140,151,142,148,171,144,153,143,148,156,147,154,138,148,153,145,143,156,154,141,157,143,171,145,147,152,152,174,149,124,153,159,157,156,159,136,155,153,156,135,150,155,161,153,132,143,134,157,161,139,140,134,154,150,148,151,160,139,163,150,170,165,154,154,147,147,146,159,140,144,154,155,151,153,149,150,161,149,154,158,170,157,141,148,151,135,135,160,148,114,166,149,161,159,164,155,154,141,161,153,162,158,157,148,152,147,151,135,149,163,148,150,162,132,152,132,142,145,163,135,157,172,139,130,136,170,158,153,145,145,136,150,183,152,161,143,163,141,164,143,157,149,164,163,156,138,147,136,164,140,134,133,128,155,150,139,170,147,158,141,144,163,161,156,154,130,164,133,164,152,145,153,143,150,147,149,154,150,147,138,140,136,145,144,162,142,157,161,163,170,152,138,142,158,143,146,162,146,161,163,153,142,155,146,154,129,160,134,162,173,145,151,150,156,153,165,152,146,146,141,142,158,136,134,154,145,146,147,161,129,146,139,160,140,160,129,147,143,146,159,147,160,146,155,164,140,156,134,133,137,140,139,155,166,131,160,145,154,165,139,164,137,155,154,140,137,141,164,167,164,142,140,143,144,157,139,139
138,134,147,143,142,139,148,161,139,150,163,152,150,158,130,161,156,143,159,148,149,153,142,167,136,163,153,166,153,155,140,161,152,158,143,164,162,158,160,149,158,150,156,152,152,161,145,143,138,158,140,146,155,159,133,138,146,152,146,138,152,161,128,144,144,122,128,166,155,164,145,157,152,176,150,145,142,147,142,152,162,151,143,160,163,147,154,156,141,140,144,167,155,162,126,141,160,157,141,160,158,146,145,155,155,143,161,145,156,155,120,170,137,154,147,145,144,153,148,157,149,152,141,166,161,137,149,128,155,152,152,146,169,139,154,156,151,137,155,148,159,181,164,139,167,145,147,154,147,137,147,138,142,160,160,146,156,138,154,135,154,152,169,148,140,154,165,170,148,155,147,149,151,150,130,143,151,155,154,157,168,160,154,163,136,146,138,147,145,152,152,150,151,128,127,143,145,152,133,149,152,135,155,137,168,149,160,134,128,148,155,137,136,159,146,159,147,151,174,146,146,150,142,164,143,155,156,147,143,142,137,139,152,123,132,159,147,159,153,152,145,158,154,142,127,152,167,129,141,145,135,177,166,133,137,149,133,170,146,158,130,139,151,161,147,155,172,135,135,128,149,161,143,163,151,156,144,136,150,151,149,134,150,148,153,129,149,145,149,143,160,138,144,149,144,136,161,155,142,143,146,155,154,146,161,129,144,153,139,160,142,156,122,151,147,155,151,142,141,126,146,156,139,138,164,143,144,136,130,174,142,162,170,165,155,145,138,143,160,165,137,160,139,135,159,165,152,156,160,140,143,134,150,149,157,160,145,147,146,148,121,152,165,161,144,142,148,156,158,156,147,151,148,143,160,152,144,161,148,149,155,158,143,145,130,157,153,121,143,150,136,163,166,153,161,159,140,144,156,152,158,150,153,157,154,155,158,139,167,150,143,145,136,137,149,153,159,148,143,165,153,140,138,145,140,148,166,159,139,149,164,150,157,160,154,142,172,160,148,152,155,146,148,146,154,156,144,127,134,154,159,137,144,159,168,149,147,132,133,141,126,135,157,148,166,137,146,151,150,157,153,160,142,151,160,154,138,157,158,147,143,148,142,173,170,176,152,138,128,131,154,162,154,149,158,144,138,154,134,153,146,166,148,149,141,152,159,162,151,162,156,153,132,147,167,164,148,155,154,127,157,162,134,148,145,143,164,154,163,149,170,130,156,159,140,163,148,164,156,160,142,153,172,147,138,162,121,162,171,149,163,131,155,126,167,158,155,145,134,156,125,142,151,162,146,144,143,143,160,150,137,156,148,139,153,160,157,160,167,148,141,164,138,145,145,153,152,160,148,148,157,155,151,160,123,152,142,154,169,155,141,152,149,136,158,132,143,169,147,149,148,158,134,158,170,142,159,152,143,162,145,161,168,148,142,141,140,165,160,151,153,140,156,149,144,145,169,146,147,148,123,152,149,144,157,141,146,141,131,139,151,147,150,145,143,158,153,149,133,141,147,149,149,143,156,133,157,144,146,153,155,132,153,155,150,156,157,141,141,145,145,156,134,142,160,148,141,156,153,134,154,145,152,158,143,147,157,168,152,152,159,134,135,161,157,153,138,153,157,146,135,143,139,152,148,161,162,150,143,142,159,120,144,147,153,140,166,157,139,160,142,165,146,146,149,144,153,142,152,144,161,165,155,139,159,139,146,137,175,162,163,141,169,145,144,164,145,142,162,154,152,144,135,158,162,146,138,153,160,156,141,156,144,125,143,156,164,127,148,153,154,158,138,147,149,152,157,152,148,159,146,160,150,148,154,139,135,149,154,150,160,154,145,156,148,143,152,172,145,138,160,152,156,152,153,149,153,149,154,142,155,171,158,150,140,146,160,152,151,141,145,149,163,157,152,143,144,146,148,159,165,156,143,158,151,137,155,137,148,148,165,151,150,147,145,158,166,128,155,156,169,165,134,138,156,134,148,175,149,159,150,163,157,146,149,135,151,142,156,153,145,152,160,142,151,156,154,148,135,143,139,151,140,175,152,151,179,152,175,153,160,165,152,160,143,148,147,146,149,135,149,139,150,142,142,135,156,145,127,142,152,157,149,156,160,162,145,172,150,142,152,138,166,158,142,156,142,149,146,143,158,154,152,152,149,138,151,156,169,165,139,161,141,163,177,145,151,159,156,152,147,149,157,146,168,147,137,146,157,151,153,165,148,138,145,162,138,157,161,151,160,151,153,149,132,167,162,148,139,149,140,147,151,146,135,154,144,141,150,140,129,148,124,152,164,137,140,168,137,147,136,148,148,146,144,159,133,157,132,129,137,149,147,150,164,157,160,150,148,171,150,163,153,152,153,156,138,141,146,158,146,150,161,145,134,141,133,149,132,143,154,130,141,149,149,144,155,146,147,155,147,161,147,154,146,141,154,147,153,151,165,151,154,155,148,130,151,149,144,162,163,150,160,154,144,145,145,154,162,164,153,172,132,145,143,142,141,137,163,152,143,139,142,153,164,152,160,137,136,149,137,154,151,139,132,139,142,156,158,146,149,158,149,170,144,146,141,140,148,153,142,145,146,144,148,160,158,157,150,154,157,157,135,159,150,133,151,155,133,143,161,151,142,154,149,151,151,163,145,151,150,154,146,155,136,149,161,168,158,161,146,156,170,168,129,142,138,134,144,153,128,149,153,168,137,145,152,157,157,140,143,151,162,164,131,137,155,151,149,175,159,160,123,162,141,163,145,131,142,152,158,156,144,158,152,142,152,164,137,169,134,148,153,157,143,155,150,156,134,154,134,137,169,152,163,158,142,161,143,155,151,152,151,150,165,143,133,157,156,159,141,144,164,161,152,153,139,138,127,138,157,155,147,146,154,150,143,155,150,127,171,143,140,133,151,139,151,132,137,145,163,158,138,148,138,137,156,145,156,146,149,153,154,152,154,169,129,144,144,161,159,148,146,152,147,142,144,150,145,152,157,113,146,132,146,132,136,152,159,143,130,148,147,155,167,164,144,134,153,130,132,147,141,139,150,157,147,136,158,151,148,137,140,171,150,124,152,131,138,155,146,160,148,159,145,173,141,150,172,146,153,151,146,132,141,143,153,159,156,166,129,149,152,155,149,123,145,145,160,137,158,160,152,152,142,152,167,158,129,148,141,166,146,165,160,136,159,151,162,137,168,150,151,140,152,157,164,161,149,161,148,144,158,167,161,136,146,134,135,153,164,153,143,143,143,158,152,125,158,158,150,156,168,137,157,163,164,171,144,163,140,145,142,155,130,156,151,159,146,143,157,157,150,152,146,162,123,145,139,150,138,156,140,155,167,157,143,156,156,162,152,152,158,172,156,143,146,136,145,161,161,161,146,156,146,139,151,134,141,153,132,155,162,153,150,141,129,141,152,164,146,169,150,143,130,168,140,151,128,160,143,147,158,148,152,136,147,147,143,160,146,165,151,152,155,135,160,132,152,132,150,168,156,147,151,147,143,139,146,140,154,151,160,141,142,155,147,163,158,139,155,149,166,156,143,144,147,161,151,152,149,165,162,152,142,142,163,172,160,141,148,147,150,143,160,160,163,167,143,140,161,140,154,144,152,144,143,148,174,150,132,147,154,149,144,152,145,153,150,150,135,150,134,143,150,144,154,165,143,137,149,145,149,149,153,148,149,146,155,142,145,153,145,127,154,139,155,158,157,154,175,138,144,143,149,165,157,160,153,132,121,157,146,155,165,145,144,155,156,148,141,169,146,165,147,139,155,151,157,144,154,141,145,147,140,148,136,132,142,153,154,126,144,141,164,141,135,124,159,135,159,129,161,150,139,145,145,145,148,159,144,148,160,148,120,143,134,139,152,145,128,154,136,138,165,156,125,167,150,143,146,143,152,157,163,145,171,145,159,158,142,156,141,142,128,171,131,149,135,160,131,142,149,147,149,145,143,158,143,154,158,167,156,152,160,155,138,135,162,145,149,152,149,139,140,172,144,158,130,148,163,152,150,146,146,159,160,143,168,143,155,163,149,143,122,137,138,158,148,159,151,146,152,144,151,145,152,165,154,135,133,150,161,148,152,143,157,150,152,160,146,143,149,156,165,137,162,155,123,143,147,156,168,138,161,148,150,145,143,151,133,150,137,137,153,147,144,149,135,146,156,151,148,151,140,136,169,153,145,131,136,148,138,155,155,111,147,163,142,146,149,159,139,155,150,148,129,174,144,146,140,129,147,134,134,160,138,145,137,169,153,147,152,148,152,153,160,147,144,142,157,148,140,162,153,174,148,150,150,137,161,148,161,157,145,158,143,155,138,153,151,150,139,152,142,147,160,157,143,174,146,157,162,157,170,168,137,156,153,151,151,142,136,155,157,153,151,152,148,127,131,154,142,147,145,156,163,147,150,155,143,142,154,142,127,133,168,162,152,136,136,150,142,160,159,165,165,152,156,130,150,143,158,148,148,147,151,144,144,151,143,158,166,152,163,145,153,148,170,153,145,135,132,150,137,140,137,150,148,143,143,133,145,144,168,158,130,151,136,138,156,139,156,149,160,146,142,149,144,165,147,142,138,143,161,136,153,135,149,139,162,157,152,136,166,151,141,154,158,158,148,150,149,153,149,161,151,157,139,160,139,141,139,165,137,152,124,146,127,157,141,148,142,129,133,161,153,163,143,153,149,150,144,149,151,151,145,139,166,157,142,136,158,152,158,155,155,138,153,152,150,149,162,174,142,149,135,146,158,141,153,157,166,157,143,143,148,162,157,162,139,142,153,154,158,148,152,139,140,145,156,152,152,149,168,137,149,160,126,153,165,143,145,136,142,156,155,154,151,142,149,143,146,144,164,156,149,151,167,136,149,150,150,152,149,146,153,138,150,133,163,165,143,152,146,140,144,163,154,156,143,158,161,146,142,138,124,146,150,141,170,150,149,160,164,169,139,148,155,136,150,140,149,143,148,142,160,126,150,151,158,165,154,145,160,143,146,153,145,151,142,160,185,135,151,164,154,144,148,149,145,166,169,153,158,157,156,152,148,150,142,140,146,153,162,143,153,151,137,143,144,161,152,164,138,125,163,147,157,152,167,152,141,148,152,147,149,144,170,153,145,145,154,146,147,150,130,158,151,180,166,149,160,148,140,148,140,138,136,142,152,166,134,154,131,143,137,133,154,157,151,164,161,154,137,159,143,145,151,133,157,153,152,142,147,142,136,139,146,154,149,167,155,159,159,172,152,157,153,157,146,156,162,144,154,143,150,144,163,161,145,153,157,128,153,161,172,161,159,147,143,126,157,156,151,149,147,149,155,128,163,153,152,149,153,155,154,152,161,158,157,144,143,156,148,154,145,151,169,152,146,142,150,159,124,165,141,163,154,153,135,149,144,150,133,144,143,163,151,160,147,147,151,149,156,152,153,132,149,148,160,162,146,136,131,163,150,127,143,162,142,159,144,152,168,148,146,152,137,164,146,154,158,159,155,154,138,166,143,134,157,153,148,149,150,148,157,159,131,157,159,150,149,153,145,154,139,178,138,142,154,163,144,147,148,127,155,146,158,138,142,150,153,159,155,145,150,168,155,151,155,159,148,151,153,159,163,151,151,160,140,157,158,167,143,160,153,146,150,147,157,145,132,130,120,135,133,157,149,134,136,147,145,154,169,151,161,157,144,134,161,138,134,137,161,144,152,137,154,152,157,151,160,135,129,153,161,131,149,138,158,153,152,157,145,151,147,144,162,151,151,164,157,136,135,164,140,158,127,156,141,157,147,141,145,131,172,138,134,158,153,152,142,150,146,144,148,149,135,135,134,157,162,149,154,127,125,144,149,126,169,143,146,146,173,138,143,166,148,132,136,153,135,151,153,148,173,138,159,153,141,142,153,174,135,166,137,145,149,155,152,160,159,156,146,152,152,159,148,133,172,175,154,157,134,168,163,157,155,150,152,163,147,150,154,145,154,157,158,140,155,153,154,171,153,133,157,162,136,144,156,159,152,131,140,154,148,134,145,147,155,143,137,150,141,136,153,141,145,137,153,147,138,155,157,137,150,141,151,145,120,128,162,148,161,144,159,150,146,145,151,158,146,148,135,155,151,152,149,147,145,139,143,152,140,143,139,158,161,163,141,149,166,164,143,136,137,139,152,147,150,155,142,152,155,138,145,151,161,160,161,142,162,148,165,158,142,129,148,150,143,136,146,154,155,162,139,153,152,160,162,156,156,140,155,161,157,143,139,145,163,146,139,160,131,143,168,139,144,139,146,143,158,157,151,153,146,147,143,139,140,135,148,157,164,135,169,142,140,136,151,154,142,151,158,159,158,162,153,145,156,158,151,154,154,147,164,159,147,140,133,136,158,140,160,145,136,167,154,150,118,142,153,159,162,132,179,137,154,165,142,144,151,142,155,160,142,158,147,161,153,140,160,143,152,141,148,149,137,137,153,150,148,148,152,139,155,144,146,143,141,145,132,147,160,143,158,124,134,157,146,151,161,153,149,157,140,141,149,156,140,151,146,149,150,156,140,146,158,151,151,155,162,163,151,167,146,161,135,147,151,140,135,155,150,134,154,158,147,136,161,150,147,160,147,143,128,145,146,153,157,155,138,147,147,147,157,131,147,160,134,152,143,133,162,143,150,153,147,149,157,169,172,148,144,143,162,144,155,146,145,138,134,161,151,153,154,147,162,152,146,156,138,162,153,172,151,151,125,146,142,165,164,152,156,157,156,147,150,154,121,150,153,142,159,148,160,149,129,153,150,132,151,171,143,151,152,147,147,146,143,151,151,155,173,173,151,159,152,132,152,162,144,152,148,152,140,138,153,168,157,143,142,153,135,162,140,144,148,136,133,156,157,133,137,138,161,162,163,153,163,131,144,151,133,152,150,149,137,132,150,152,136,139,145,141,163,159,151,149,152,160,154,144,126,153,147,154,153,147,149,167,138,160,129,140,151,156,149,152,148,142,148,143,145,150,148,168,160,135,164,133,127,150,158,151,159,144,156,148,153,146,157,132,136,166,147,147,145,133,161,152,154,145,143,164,155,130,166,146,132,162,156,142,149,137,153,146,141,144,146,160,136,140,164,154,120,138,159,164,154,152,141,139,161,143,158,159,159,144,132,152,146,149,139,135,153,154,144,147,156,161,139,146,140,155,155,164,147,142,145,150,143,133,156,155,155,150,156,163,148,156,129,156,147,158,157,139,128,149,127,148,163,149,153,159,141,149,151,153,169,144,150,135,152,156,145,144,161,153,157,164,152,144,140,160,134,153,151,162,150,147,152,139,144,154,155,141,149,159,141,145,153,146,154,153,140,136,148,159,154,137,144,138,128,161,139,155,159,141,166,148,157,139,128,138,160,158,149,166,138,149,141,162,152,161,165,153,143,150,146,153,138,152,161,161,167,161,151,140,146,140,152,146,133,135,167,130,171,155,149,149,164,151,148,163,147,160,157,156,157,137,159,157,151,129,141,145,156,155,124,164,146,139,143,141,161,167,162,134,157,160,136,148,136,145,161,157,153,135,156,151,136,155,150,136,150,176,151,169,133,162,149,156,141,157,147,148,151,142,145,158,174,128,151,133,153,131,141,143,148,156,138,157,151,163,168,157,141,149,136,161,152,156,158,157,157,162,140,133,156,141,155,175,157,141,155,159,150,140,149,149,165,152,165,153,139,139,159,150,151,142,168,167,152,175,143,149,135,154,160,141,166,160,148,154,144,147,171,142,141,148,155,142,142,139,135,143,152,146,164,165,158,141,144,158,142,161,169,131,169,149,153,157,146,164,160,143,142,148,141,153,152,157,139,154,145,143,140,151,143,145,132,145,152,157,146,153,156,155,155,157,147,153,136,156,141,156,150,141,132,149,155,155,139,135,165,172,159,147,150,155,149,161,150,160,164,157,130,118,141,140,149,133,151,151,144,143,160,158,169,138,167,157,145,144,143,150,133,140,144,152,153,150,162,158,151,154,154,151,136,155,134,135,161,148,141,167,158,132,153,157,140,155,151,156,139,127,151,144,152,133,161,158,173,181,163,159,134,149,154,140,154,168,158,148,157,155,171,158,145,143,159,141,169,141,144,149,157,129,131,158,156,149,150,152,177,155,175,142,155,150,144,148,164,153,158,154,158,162,136,150,144,136,146,154,146,156,168,163,158,153,159,151,156,147,146,134,161,145,147,152,162,160,151,160,143,146,143,142,158,150,157,154,161,156,154,156,158,151,151,140,161,170,144,137,157,156,144,163,154,157,157,158,150,145,148,150,150,162,163,160,136,132,139,153,159,161,128,153,156,167,162,135,133,160,149,165,143,173,144,142,133,138,132,156,136,151,147,155,157,134,161,146,141,156,148,143,151,153,143,150,167,140,171,127,149,152,157,142,175,134,149,165,152,146,160,149,157,154,148,158,157,159,145,145,146,146,163,161,154,157,147,164,151,144,160,158,150,149,154,146,134,156,147,142,161,146,126,137,162,156,156,137,135,141,159,144,143,149,139,148,152,134,155,156,153,138,144,134,145,153,165,140,150,144,156,168,156,150,145,141,150,147,147,155,146,147,149,148,140,149,155,160,144,154,149,157,163,155,153,154,135,145,141,144,141,151,155,157,156,158,137,161,158,156,135,147,151,140,138,145,141,136,155,137,146,155,132,152,160,129,153,146,150,142,147,151,165,145,154,144,149,168,137,145,130,162,154,162,145,141,145,157,162,148,152,142,146,132,162,157,146,146,140,141,151,138,169,146,146,154,142,140,149,153,145,134,147,171,128,166,154,150,154,146,138,169,132,157,161,140,154,142,136,148,136,144,146,152,145,140,152,150,148,166,153,145,158,145,133,139,159,145,145,171,163,149,156,159,154,154,151,139,152,140,149,153,153,152,152,166,128,136,148,142,139,142,126,140,152,151,162,156,153,139,135,154,153,134,158,138,166,172,126,140,144,142,154,152,162,159,142,150,157,146,145,152,163,166,143,158,147,158,141,157,141,163,134,146,160,153,140,148,144,146,158,143,162,142,158,156,160,164,138,150,149,135,164,128,164,143,158,157,140,147,158,149,128,146,153,164,156,133,158,160,145,163,161,163,139,150,140,155,144,146,159,171,150,127,143,157,171,153,174,131,138,150,135,154,141,173,145,160,141,156,151,158,162,141,146,153,141,146,157,146,172,171,157,170,156,151,146,144,150,129,154,160,139,150,147,151,154,163,166,134,149,159,160,150,146,145,152,130,153,149,161,152,157,154,140,142,166,158,156,162,157,152,155,146,137,153,148,142,148,153,154,127,157,155,145,156,167,153,141,144,153,123,152,153,148,147,150,165,158,149,146,129,146,147,139,164,147,147,149,144,171,152,141,140,173,141,146,142,151,134,162,149,152,140,154,150,144,160,141,150,153,137,144,152,148,141,145,152,138,171,139,140,151,147,133,145,147,150,147,152,125,156,161,158,143,154,137,126,129,112,140,144,149,134,145,144,144,125,148,118,144,168,152,163,147,160,141,153,157,128,135,153,140,144,159,153,131,142,147,147,155,145,136,144,147,135,138,154,156,150,155,152,142,158,161,144,168,156,170,135,152,142,145,146,156,141,144,155,151,136,153,133,154,165,135,137,153,140,143,156,166,137,132,152,152,156,125,155,132,148,158,145,167,152,156,144,147,151,143,143,147,150,127,172,154,141,162,143,150,140,130,162,141,129,158,143,130,143,146,154,159,150,153,141,133,150,147,156,145,148,152,158,131,136,149,160,163,161,162,152,160,134,153,154,171,147,155,141,141,152,171,145,139,160,153,154,158,128,167,167,166,153,166,171,144,164,157,139,154,125,168,147,151,148,158,120,152,138,157,156,141,140,144,148,142,156,154,154,132,146,153,155,154,147,142,146,172,146,147,158,150,154,161,142,143,150,135,157,147,162,151,158,141,151,130,140,138,161,154,168,155,146,157,153,142,150,167,138,150,151,156,147,175,152,143,158,129,147,142,154,145,146,138,160,142,141,127,149,175,152,156,148,166,155,140,155,153,167,153,143,143,144,147,156,130,150,166,149,136,152,161,136,150,157,141,156,142,142,138,148,177,129,139,156,146,150,151,161,146,149,148,155,137,128,161,151,145,139,153,139,140,157,149,164,149,147,161,140,158,143,142,144,166,154,133,144,155,153,149,147,168,130,148,151,130,143,169,149,153,138,164,138,153,147,162,154,176,136,146,138,151,157,143,157,137,167,144,153,153,141,159,156,152,156,142,147,142,145,147,148,142,142,150,144,139,149,156,152,155,163,154,146,146,145,136,143,144,166,148,162,147,138,158,149,142,141,158,155,137,148,152,153,126,152,162,141,163,145,139,152,150,152,140,137,165,163,158,165,175,150,161,133,140,148,148,155,145,162,154,124,153,157,146,163,159,126,142,166,154,147,144,148,141,162,131,151,139,158,156,149,146,168,133,163,150,160,165,148,150,154,148,147,141,165,154,159,164,151,135,131,140,146,165,145,147,141,150,146,135,150,158,148,134,138,149,148,156,145,146,161,156,163,151,156,157,147,163,165,157,166,163,149,165,152,138,152,157,160,145,161,161,160,164,149,141,150,134,147,153,145,152,137,145,174,141,127,138,149,131,159,150,163,140,148,170,157,141,158,129,151,159,143,145,162,158,134,142,148,148,157,143,164,137,155,141,141,131,152,157,145,155,146,153,146,142,144,149,137,149,155,149,146,142,158,136,158,150,145,146,154,129,151,152,141,156,158,132,144,127,157,160,154,157,139,136,149,148,136,166,146,156,156,161,157,147,146,147,161,141,164,137,156,132,152,131,142,147,150,144,161,143,158,138,142,142,155,167,145,144,157,156,141,152,127,152,157,152,163,165,153,168,143,146,133,146,159,168,141,140,154,152,162,148,154,136,151,146,155,137,144,142,147,143,150,123,137,149,148,160,168,149,152,157,153,157,151,137,167,145,123,141,151,155,142,152,139,152,157,147,155,149,147,137,149,155,150,144,147,154,161,155,139,165,153,158,149,152,141,148,161,144,139,175,143,149,153,141,148,142,159,152,164,137,139,145,148,157,163,161,136,144,141,154,148,141,148,158,143,148,144,140,152,155,150,167,153,154,156,152,141,160,154,141,155,166,150,145,144,163,155,161,159,151,142,144,153,150,157,158,139,151,137,151,149,143,156,161,147,148,142,142,151,152,144,167,157,142,162,166,158,133,144,134,139,138,152,160,153,149,129,163,145,135,162,153,152,150,139,141,149,159,155,147,161,159,134,147,145,150,134,152,145,135,155,144,136,158,158,135,159,154,142,166,160,160,145,149,150,159,156,150,156,151,153,154,159,125,138,159,137,144,159,145,174,144,138,126,149,164,148,162,153,154,152,167,142,156,154,143,148,147,142,139,170,145,140,139,157,145,129,128,118,150,140,152,161,133,153,163,121,163,148,155,150,139,152,130,133,163,151,136,150,143,154,146,149,142,141,166,137,150,146,144,160,150,159,145,141,152,162,151,149,165,152,140,155,149,153,148,131,153,150,144,154,159,146,153,144,147,150,141,162,168,153,139,158,152,151,157,156,152,156,155,150,139,143,144,146,167,153,145,156,140,148,137,157,145,152,164,159,164,156,144,169,139,156,144,143,159,160,150,154,148,155,142,149,153,148,155,139,150,150,156,142,157,155,149,153,158,153,150,139,141,139,154,154,143,167,160,158,166,160,139,170,126,154,147,155,148,158,143,154,161,142,151,137,166,162,163,163,162,146,133,146,149,157,177,159,158,157,149,173,147,141,165,156,141,155,152,136,144,163,146,136,157,143,163,153,160,138,150,152,143,134,172,147,127,153,137,161,134,153,145,148,154,145,169,145,140,147,154,152,148,154,150,167,158,147,145,140,156,150,139,148,144,146,144,146,138,149,124,149,133,162,163,134,155,150,149,161,153,146,150,154,149,163,148,136,165,149,142,172,171,134,148,148,162,148,151,151,154,149,151,163,175,143,158,164,126,159,155,157,136,161,162,145,151,145,151,149,166,146,153,138,140,158,143,152,151,158,141,131,164,164,133,152,156,167,149,153,143,143,131,124,145,166,136,153,149,145,139,159,137,153,150,130,146,143,148,157,146,159,163,153,140,152,158,143,151,152,170,167,141,131,154,150,146,155,142,140,166,157,172,139,138,152,152,167,146,152,153,149,158,158,142,144,146,152,150,166,141,149,152,157,152,144,168,151,146,157,130,155,149,144,173,156,168,142,143,144,165,168,153,131,163,134,134,145,146,155,159,147,154,145,145,145,156,146,164,135,155,144,164,150,165,145,155,133,158,170,166,146,156,159,155,160,140,161,154,149,143,130,124,145,152,140,149,139,147,166,142,145,148,163,155,161,138,143,137,158,148,147,141,127,141,154,126,156,133,140,143,160,157,140,152,151,151,135,150,152,140,144,145,154,156,163,144,171,128,158,167,167,148,162,147,151,146,148,158,133,138,140,155,158,142,159,144,144,156,135,141,140,154,156,147,148,162,158,149,144,145,156,153,143,150,144,146,144,152,143,148,153,145,159,175,162,158,145,151,149,162,144,156,159,162,144,160,139,148,163,162,157,153,151,141,158,152,147,149,157,142,140,155,176,160,148,166,151,173,150,166,134,157,134,152,151,157,149,152,140,159,159,133,168,163,146,153,135,155,148,153,147,167,155,171,162,137,120,148,143,149,139,158,148,151,150,142,148,139,160,166,131,177,146,138,165,136,122,154,149,145,142,172,156,135,160,136,159,150,148,139,161,151,148,163,168,128,158,155,150,147,129,136,142,158,158,145,146,143,161,144,154,138,148,162,164,135,139,148,139,135,151,166,149,131,135,146,135,161,125,157,156,140,174,150,158,145,159,142,143,137,159,151,139,158,148,166,148,148,131,153,156,152,158,146,156,166,155,132,148,149,148,151,147,162,150,147,130,160,144,164,162,159,142,133,157,167,149,158,148,150,159,155,158,153,140,161,138,150,159,162,158,147,175,153,149,150,144,133,160,142,144,159,145,141,146,152,140,153,162,132,159,137,152,147,160,154,141,163,151,154,136,164,147,137,146,137,141,142,141,140,167,162,150,153,138,148,150,152,161,161,168,151,162,176,155,151,161,161,160,157,137,140,152,159,153,167,139,144,152,140,148,140,163,135,162,154,160,120,179,138,142,163,165,135,150,133,152,160,170,144,163,151,159,167,159,151,143,172,138,127,148,163,134,145,150,148,157,153,148,138,150,139,136,142,153,167,155,146,142,139,151,145,154,153,163,136,146,141,154,160,153,157,147,136,154,145,145,149,172,146,146,159,145,136,144,134,177,147,143,138,154,151,134,152,152,156,145,135,169,124,150,162,139,151,159,145,156,161,160,151,151,159,136,151,146,157,143,160,141,146,136,144,156,141,129,138,138,163,155,151,144,150,143,154,145,137,143,152,153,162,138,157,147,131,154,146,158,153,155,138,138,132,147,141,140,141,152,145,155,157,158,147,156,132,131,150,167,159,141,160,164,143,146,152,138,142,128,156,157,156,144,145,144,146,151,139,150,144,154,150,162,163,137,143,145,160,138,155,155,142,142,152,130,124,137,154,147,156,166,150,141,164,148,148,133,143,156,142,141,139,152,155,153,150,162,152,147,153,157,151,153,140,140,148,148,154,143,160,143,154,159,136,160,154,145,158,143,158,168,157,163,149,159,143,135,155,161,172,137,147,126,166,146,168,160,139,162,148,154,157,141,161,140,144,172,146,151,161,145,161,139,133,153,143,147,145,152,153,157,150,150,131,125,154,145,147,164,144,154,159,170,143,154,149,165,166,136,130,160,151,162,168,135,148,160,169,161,143,161,150,163,147,152,151,152,139,158,154,143,151,146,146,138,148,145,135,147,146,163,161,161,144,155,138,137,139,148,142,138,151,112,156,154,155,150,138,156,167,149,168,160,157,154,169,151,154,139,143,147,150,138,136,154,152,143,160,149,142,147,154,143,159,138,169,143,149,138,139,135,145,154,137,138,135,134,163,154,135,146,142,139,134,162,153,159,154,127,163,144,148,133,146,145,148,151,143,141,139,156,154,155,147,145,151,144,154,150,147,137,161,142,145,147,152,125,150,169,144,148,168,154,142,156,161,147,158,165,152,146,154,165,159,151,131,159,155,139,155,148,151,160,132,147,149,137,150,150,156,152,167,162,146,151,141,163,146,133,138,156,144,160,146,149,146,141,152,147,149,158,141,150,146,141,152,142,148,138,147,133,144,146,138,166,129,140,155,149,155,145,153,145,145,153,141,169,150,152,149,147,141,141,147,149,146,153,153,161,152,145,151,158,148,146,154,146,156,161,162,143,148,143,145,149,147,137,152,173,164,155,156,173,160,152,137,138,159,162,156,149,146,148,139,147,152,141,138,168,149,140,145,156,143,154,141,131,143,135,121,144,141,141,156,145,158,148,153,143,167,159,142,158,137,150,167,149,163,157,160,156,148,151,144,149,140,145,137,148,154,136,149,150,161,134,155,143,147,156,122,142,165,163,149,150,151,144,150,143,132,146,143,153,134,152,174,147,149,148,138,156,180,155,153,136,146,130,167,138,161,147,146,159,156,139,151,163,151,139,130,154,162,142,153,148,142,146,140,146,136,134,170,155,149,155,148,157,139,157,169,156,162,144,146,156,139,153,143,154,129,158,154,144,155,128,157,155,135,129,134,143,137,138,160,149,124,137,137,138,145,167,140,159,144,151,150,156,153,144,145,139,153,159,144,155,138,152,164,157,147,161,149,158,148,147,148,158,146,159,147,134,143,147,146,141,134,159,153,143,153,146,143,141,151,144,138,151,145,157,156,123,157,158,140,147,140,137,140,145,147,163,141,149,145,137,158,154,143,144,154,148,168,147,127,145,158,144,141,147,153,134,169,161,143,136,137,147,147,160,142,147,160,153,137,152,159,136,158,159,134,143,157,136,141,152,162,158,150,146,148,140,161,137,154,144,150,144,161,175,139,147,167,146,154,163,128,152,152,136,156,150,138,158,140,168,138,161,134,149,142,158,139,143,141,174,154,143,160,148,147,157,147,155,153,142,148,144,143,156,148,148,140,152,157,174,147,146,152,134,147,154,148,145,174,140,158,128,145,164,159,165,155,147,156,147,157,152,149,170,133,142,157,132,148,136,143,150,146,140,137,150,157,140,139,159,165,148,161,153,160,158,145,157,168,142,149,145,156,140,162,155,156,160,149,153,157,173,148,160,157,151,148,149,140,158,142,145,160,156,158,152,146,160,143,150,145,150,151,148,145,145,141,159,142,158,163,150,136,129,138,146,144,167,152,161,148,156,157,151,158,149,140,167,128,143,154,147,158,155,142,165,169,159,155,145,158,149,138,157,163,150,155,136,135,149,157,151,154,143,142,139,140,144,141,147,144,139,162,146,132,132,146,157,154,141,149,160,150,163,141,162,149,150,131,154,166,155,150,165,166,126,156,163,155,143,160,150,146,184,149,144,144,131,143,161,145,146,143,141,159,160,141,152,160,151,128,140,154,154,135,156,159,142,141,150,125,140,141,156,151,143,160,145,164,149,150,123,163,160,143,154,139,155,155,148,161,164,141,154,137,162,146,143,145,164,146,161,166,144,154,156,143,150,160,162,156,142,158,152,153,150,158,159,159,150,144,147,154,149,153,158,132,163,157,153,144,161,128,153,153,148,144,156,159,146,140,156,143,147,165,143,152,165,150,147,123,147,150,154,154,141,143,150,154,151,153,150,146,160,163,159,147,174,150,134,159,139,165,149,142,158,140,150,159,137,171,163,148,150,145,163,143,162,142,132,147,150,157,158,146,135,147,147,158,142,147,154,135,151,175,152,151,156,154,152,172,150,150,135,146,144,160,136,148,136,158,140,127,139,149,175,143,156,163,152,145,152,143,138,138,138,137,153,157,159,155,162,143,148,146,140,159,152,159,142,145,141,178,153,134,154,140,143,157,146,152,160,134,150,158,156,165,152,164,151,162,140,158,164,162,154,137,162,150,136,146,129,139,177,145,163,157,163,162,151,155,159,158,121,148,153,148,154,164,148,140,154,143,149,141,145,150,159,155,163,145,162,141,159,136,156,144,152,129,147,161,143,157,143,159,151,128,150,158,159,147,143,148,144,145,155,131,152,152,140,142,155,149,151,137,152,144,149,168,157,151,153,159,158,159,151,144,142,150,144,150,137,143,144,149,141,141,152,154,167,162,134,148,158,157,162,143,141,165,144,145,154,143,146,149,160,141,148,145,157,159,152,149,144,166,151,146,169,153,142,166,142,141,145,162,139,155,166,133,169,151,166,152,144,132,143,131,146,161,136,163,144,150,166,148,148,156,139,174,145,148,142,155,157,140,140,145,140,172,151,165,145,159,137,157,157,147,158,145,161,148,144,151,150,156,141,141,166,137,134,155,142,143,156,125,143,149,155,151,140,141,132,162,140,138,145,150,160,141,158,144,144,178,157,174,163,155,153,154,152,170,151,162,157,153,152,151,155,132,141,150,135,150,151,164,152,158,145,156,144,151,144,135,160,158,156,141,151,151,147,165,142,161,137,138,141,138,154,157,159,129,152,158,160,174,144,159,170,133,142,154,167,159,143,143,156,149,135,133,143,165,155,155,150,142,154,147,155,137,149,151,149,158,146,145,156,151,142,152,142,137,138,160,140,142,143,157,150,143,158,154,136,156,156,129,175,142,153,149,142,161,141,166,159,157,162,155,147,164,152,145,142,170,153,137,124,156,142,123,154,158,153,139,133,166,142,142,164,142,144,169,152,142,158,147,160,150,148,127,148,146,149,138,146,147,154,161,161,137,136,149,157,156,152,152,144,144,155,167,151,142,165,149,155,156,151,139,142,134,145,147,164,157,159,153,147,146,153,153,160,126,157,145,145,144,134,150,157,146,154,145,170,153,176,171,161,151,138,166,178,140,151,146,137,155,146,152,155,162,146,157,148,151,139,150,137,140,142,161,142,145,150,140,158,150,142,150,154,143,144,146,158,153,149,146,160,144,169,148,146,152,123,160,147,136,168,148,144,148,141,164,147,144,156,140,163,165,145,157,148,151,147,157,150,142,158,142,139,147,120,144,138,151,161,162,139,166,142,155,139,140,159,154,154,138,133,147,158,159,145,107,161,154,148,136,159,155,160,157,137,132,158,155,152,141,141,151,153,151,142,152,151,141,160,168,140,128,163,120,159,157,154,151,161,151,167,154,135,154,166,155,158,161,154,154,160,154,155,162,146,154,145,152,148,147,143,145,135,156,167,167,172,148,164,146,150,147,163,140,149,149,132,144,156,128,137,145,151,144,145,153,154,139,164,130,144,146,137,141,134,160,160,157,154,150,168,166,153,150,164,153,139,145,138,149,149,141,122,153,137,137,159,166,154,133,135,144,161,169,143,166,162,133,156,169,157,154,155,148,163,149,153,155,134,152,147,155,140,141,150,144,138,145,176,139,154,141,146,144,137,153,140,152,142,133,144,135,162,147,146,148,157,138,163,145,131,152,170,158,175,128,148,154,160,152,153,172,152,134,173,160,155,146,161,141,146,141,141,151,153,161,159,149,145,142,143,137,146,140,153,153,150,138,155,148,158,160,137,153,145,149,165,156,148,161,144,162,145,135,141,154,126,151,157,156,139,147,159,150,147,145,147,170,168,152,150,170,169,144,157,158,158,147,139,164,146,158,150,144,151,147,165,143,149,138,153,146,155,171,162,149,134,141,157,144,162,150,162,162,138,131,137,164,177,164,152,128,138,143,153,155,140,160,147,132,155,139,150,163,165,151,140,148,159,150,156,158,153,151,152,157,149,163,131,153,163,150,147,156,145,148,157,150,151,154,162,147,180,141,155,150,142,148,154,145,154,147,147,168,157,133,164,141,154,150,138,136,154,131,170,156,149,162,153,157,144,166,156,146,141,151,165,131,141,172,139,156,146,151,179,145,150,166,138,156,158,144,158,162,142,161,169,153,147,155,160,158,144,151,167,145,159,139,153,150,153,156,144,150,145,141,168,138,123,152,140,163,150,144,128,150,149,155,134,165,147,151,165,158,165,153,154,155,147,140,135,148,139,147,148,149,144,157,133,142,149,154,139,141,143,162,157,149,154,150,149,156,139,131,146,143,140,164,146,155,154,149,177,148,162,158,146,150,168,153,146,158,146,143,137,144,147,142,143,149,149,148,140,166,147,166,136,153,155,154,142,145,151,154,132,143,150,164,147,141,141,167,148,141,148,143,148,154,162,140,148,156,156,173,146,147,146,145,147,145,156,154,168,166,144,126,149,161,145,142,142,161,150,160,147,144,141,140,156,146,137,125,161,140,158,138,144,154,156,148,163,140,156,169,147,164,139,169,143,142,151,158,146,148,141,162,164,161,158,146,146,148,154,164,168,156,137,148,142,144,151,141,151,156,135,149,165,152,141,155,149,151,144,157,137,145,151,157,155,127,153,146,152,152,164,169,131,157,127,149,139,153,148,150,135,142,158,160,160,134,141,144,140,145,165,150,129,153,167,155,143,133,149,161,146,155,160,162,149,156,133,162,140,145,151,135,158,149,148,135,143,137,141,151,153,149,141,155,156,138,138,155,151,158,150,145,132,147,150,126,141,141,148,153,146,153,149,149,135,151,166,141,150,145,142,155,168,160,159,166,138,144,154,133,149,147,142,151,141,143,162,162,143,163,152,149,150,167,142,153,150,148,144,141,141,157,150,146,148,152,159,156,138,153,153,146,142,144,168,138,144,150,150,133,144,152,146,144,144,166,149,140,167,145,149,170,152,148,122,137,146,149,138,160,158,158,161,146,139,167,144,163,135,146,151,158,149,152,155,152,134,141,155,153,171,147,164,146,142,161,142,145,148,164,132,172,166,168,150,163,152,147,147,161,132,155,136,165,161,160,144,152,156,159,148,147,149,152,159,134,141,146,158,147,151,161,143,143,152,148,158,162,144,146,145,137,150,143,167,151,141,163,168,159,158,160,156,163,146,150,145,148,145,166,156,145,147,139,140,141,163,138,154,150,124,143,147,133,144,166,160,137,162,158,136,144,144,158,152,134,158,156,139,146,158,136,164,164,154,153,152,163,145,165,149,150,134,153,160,132,158,162,143,146,161,148,157,165,146,124,153,158,149,149,185,137,156,152,158,155,160,145,154,156,145,144,157,151,154,147,161,156,160,154,152,144,167,159,162,141,136,137,148,161,142,155,146,165,149,147,156,131,153,141,148,165,165,140,152,146,150,157,156,140,168,164,164,163,129,162,157,159,131,162,139,147,143,142,149,144,142,138,144,141,141,150,154,153,150,153,153,128,156,155,164,157,146,148,137,163,140,148,137,148,161,157,171,151,160,170,137,145,155,158,145,153,161,155,173,151,136,153,144,151,156,144,138,134,144,154,153,140,148,131,151,135,145,158,142,164,157,148,163,135,145,167,170,146,159,129,146,142,161,153,145,160,168,142,164,122,159,156,154,148,156,157,144,154,135,148,152,141,146,126,160,163,138,137,142,149,151,155,147,159,163,162,144,129,145,153,134,148,143,148,148,158,134,163,158,152,139,134,163,150,156,155,178,148,139,145,165,153,137,134,131,143,144,152,158,145,149,151,143,160,160,146,149,151,146,135,142,148,143,155,161,137,135,137,176,153,158,166,160,158,142,139,160,154,158,159,156,145,153,162,135,155,139,138,147,155,151,145,156,139,173,141,131,137,143,148,133,172,155,127,155,149,150,154,128,159,158,156,156,140,136,138,159,164,134,151,140,145,146,141,154,164,161,145,158,144,158,146,145,146,160,149,142,152,149,142,173,155,152,142,155,160,149,151,149,132,141,166,141,170,131,148,156,157,164,147,148,150,151,146,151,135,152,146,133,145,148,147,144,147,150,165,151,163,153,158,167,161,160,143,148,157,161,148,129,140,183,161,150,137,139,148,163,146,137,145,150,161,145,154,154,131,132,155,142,155,179,138,159,149,128,150,160,148,151,167,150,153,151,153,157,153,171,158,155,142,167,140,158,147,143,148,151,142,169,148,162,148,143,162,157,151,134,132,135,144,133,152,161,160,154,160,155,151,144,145,143,157,149,130,159,142,151,157,147,130,150,155,138,139,152,167,168,142,153,169,146,160,155,132,153,139,163,128,153,145,155,139,157,142,164,121,147,144,147,153,160,149,161,136,127,162,148,168,155,152,160,143,163,148,153,153,133,154,167,143,155,175,164,169,160,164,153,173,158,143,159,152,144,134,157,153,143,162,148,152,153,160,147,142,145,151,167,147,158,150,170,163,147,128,161,144,161,142,161,158,163,158,159,136,149,139,145,159,154,166,166,145,154,144,146,144,151,156,133,153,162,143,135,139,174,152,161,151,130,131,165,162,152,167,137,157,148,160,132,156,140,165,140,156,152,155,142,172,152,147,152,150,150,161,149,152,132,151,128,143,135,145,155,150,156,144,139,159,163,128,145,143,163,152,138,135,164,148,144,141,153,161,147,152,173,157,154,152,167,151,137,162,148,144,141,167,141,160,139,144,156,144,142,173,152,150,162,146,148,158,150,153,144,160,133,139,160,151,156,142,159,156,157,164,152,157,147,145,133,142,149,150,142,138,151,139,169,155,160,151,134,146,140,149,145,138,153,145,137,155,156,164,149,161,150,153,166,130,133,139,154,152,140,154,163,132,144,157,174,149,150,143,150,155,167,139,137,145,135,150,139,139,172,145,147,144,146,156,146,131,154,154,158,143,170,163,145,146,142,144,149,145,144,169,141,160,146,172,152,158,152,130,187,158,139,164,144,146,134,140,149,123,149,159,146,157,143,157,135,150,148,143,132,145,144,149,141,138,135,152,141,144,138,140,158,148,138,144,164,142,161,160,158,169,166,146,154,133,157,140,137,151,146,145,145,135,148,155,158,145,152,143,134,141,161,166,134,144,139,159,167,158,147,161,157,134,142,151,158,129,142,154,138,161,136,141,153,150,156,153,149,147,143,150,150,133,157,169,144,167,146,133,167,133,135,156,156,143,152,140,153,146,150,142,168,152,160,150,148,160,138,143,143,146,133,155,147,141,145,159,157,150,142,139,126,149,147,140,163,147,133,156,164,155,144,149,143,157,168,146,147,169,142,137,177,149,171,149,144,164,150,161,155,163,162,147,128,149,152,142,156,154,156,159,148,144,153,131,152,156,174,132,161,144,145,161,134,155,150,157,156,139,155,160,131,135,155,160,155,138,154,138,155,147,156,150,138,147,164,136,141,142,147,146,163,166,158,139,145,151,133,160,152,138,144,157,166,157,156,142,155,134,137,129,157,143,163,141,138,146,159,159,162,170,147,160,146,132,154,137,187,155,146,147,154,169,171,158,153,166,133,144,145,142,154,163,133,135,150,152,155,154,159,147,143,156,150,148,142,136,149,144,166,143,153,138,154,149,155,147,152,155,167,133,147,131,158,144,149,143,154,148,152,161,136,140,145,157,163,161,146,157,156,156,160,161,148,149,146,156,151,136,155,164,142,150,148,143,129,158,138,139,148,136,134,173,163,157,143,164,149,162,151,153,155,120,157,142,150,141,132,131,133,152,143,132,149,153,149,146,146,180,150,154,143,140,146,146,148,146,137,152,162,154,155,156,152,157,144,149,147,155,134,138,149,143,147,153,140,143,149,153,149,170,147,156,144,158,155,165,143,132,148,150,137,148,144,135,155,141,152,156,166,140,153,149,157,150,164,172,138,162,149,130,172,140,143,149,159,149,152,153,143,147,155,144,154,153,175,157,138,154,126,156,140,158,158,120,151,174,147,154,143,157,163,171,163,168,165,132,135,164,170,139,134,146,144,161,148,152,158,155,129,144,162,140,142,152,144,153,160,151,133,142,153,169,159,159,167,157,131,155,140,154,140,157,153,146,159,148,153,147,158,138,156,141,153,138,149,145,157,156,151,175,151,143,134,143,149,149,168,154,160,152,144,143,158,138,143,159,149,168,168,151,143,170,144,153,175,148,167,157,146,170,150,152,152,142,154,136,141,145,143,155,151,144,147,142,133,152,163,152,143,135,131,157,147,162,148,122,156,155,149,131,140,153,149,170,143,160,140,147,135,156,146,149,133,115,135,155,144,159,148,153,152,156,158,148,148,158,146,160,149,144,162,146,144,141,157,159,153,155,128,151,163,144,138,167,161,151,166,147,176,160,149,142,158,164,137,153,153,136,143,136,150,151,159,141,140,157,153,150,145,151,170,145,169,142,156,154,155,161,148,149,129,162,136,138,177,165,147,143,141,142,147,145,163,151,163,168,145,150,157,138,147,149,144,151,153,148,145,150,154,133,147,138,159,146,145,131,153,159,151,144,143,158,148,157,164,153,148,152,139,144,154,152,152,139,146,138,156,152,163,163,159,143,144,136,166,157,157,141,134,158,146,146,135,165,144,159,147,140,145,151,137,152,146,152,149,161,145,141,149,147,147,157,147,145,149,140,155,144,141,150,154,135,149,152,153,148,128,155,163,159,153,151,148,152,164,143,143,126,119,144,135,146,139,145,139,162,132,145,155,163,140,159,159,137,156,159,143,119,159,164,130,177,144,162,142,131,133,171,157,127,157
134,157,148,138,139,168,145,159,135,157,154,148,142,141,138,147,148,157,150,147,132,146,148,149,142,141,158,137,139,158,142,139,142,151,146,136,142,153,156,147,147,154,154,140,150,146,150,146,150,167,137,131,145,171,156,146,158,144,134,150,137,155,152,155,138,151,151,146,160,146,147,150,129,144,159,158,158,140,138,168,162,137,138,146,162,164,160,136,149,161,145,141,151,144,149,156,153,137,168,146,135,126,169,153,158,134,165,154,137,170,136,152,130,156,154,156,157,166,153,156,145,150,156,134,163,150,162,141,159,154,136,141,149,165,154,150,156,152,147,151,160,147,155,148,156,161,152,159,144,152,154,151,155,155,143,152,139,171,171,158,144,145,140,140,152,177,149,165,129,137,142,158,150,153,152,142,138,157,152,165,150,144,140,157,176,150,116,140,120,151,141,119,165,158,152,149,170,156,148,123,146,145,150,154,147,143,150,150,153,159,137,148,141,162,139,148,130,153,168,141,152,155,147,156,151,152,144,163,150,132,158,129,142,145,165,144,141,140,140,171,135,172,157,151,152,149,148,149,156,165,157,156,149,139,155,158,168,149,129,159,156,141,147,158,139,162,145,142,152,156,146,141,143,158,163,146,165,143,146,128,134,145,145,148,152,151,146,157,147,156,158,149,155,158,159,139,155,157,156,153,162,143,150,156,173,153,135,143,151,145,132,145,147,145,145,151,139,162,162,155,145,157,142,163,147,145,141,163,160,149,129,152,150,163,151,154,158,149,155,134,153,154,150,156,152,151,172,176,155,146,166,156,148,142,139,153,168,147,150,149,134,147,135,158,146,163,137,146,165,143,140,158,131,142,165,129,130,138,145,139,154,150,156,134,159,162,162,142,152,158,163,154,156,133,156,156,169,177,152,129,144,148,163,169,155,157,142,141,155,142,152,136,136,167,143,152,161,157,141,140,165,155,146,160,167,120,143,146,134,149,148,158,160,165,140,157,128,162,165,151,139,138,156,155,146,139,166,163,159,153,131,142,150,157,153,137,156,143,142,162,141,161,141,149,163,167,148,148,139,147,147,113,149,160,162,135,161,154,141,160,140,156,153,158,158,157,146,151,144,167,176,153,139,152,144,132,159,147,151,149,155,153,136,163,154,157,151,164,141,145,160,149,134,146,141,170,154,141,133,144,133,169,143,153,133,119,137,151,152,152,130,164,155,140,142,153,165,173,145,146,156,149,131,157,149,140,146,154,148,162,143,158,158,145,156,157,142,158,151,134,145,154,131,143,166,138,144,137,141,155,146,160,149,144,158,143,146,155,158,147,158,158,139,157,146,155,148,156,166,161,159,156,163,156,150,157,146,155,150,145,141,155,145,158,157,160,151,142,162,155,149,145,148,144,145,140,149,141,161,135,134,144,140,160,168,148,141,134,136,158,145,149,151,144,143,131,140,143,150,130,156,146,175,149,126,150,148,137,149,136,154,144,160,140,143,171,166,147,148,155,139,144,145,142,136,152,156,135,144,137,136,142,148,133,163,140,127,144,145,141,160,162,127,151,148,142,140,138,155,160,160,118,158,146,151,137,150,149,158,140,152,163,136,167,139,167,157,152,147,156,148,137,143,145,166,163,145,169,147,142,147,162,149,147,167,126,160,151,147,149,135,148,148,145,141,165,155,132,157,165,143,141,146,137,139,145,162,134,149,141,155,158,133,145,144,152,150,167,143,144,154,135,143,166,174,142,152,137,146,139,156,163,146,157,156,148,164,144,169,152,145,146,150,145,128,148,156,163,142,150,156,163,161,155,147,147,151,132,142,155,168,144,156,163,170,146,148,164,139,162,148,131,149,152,163,136,147,154,150,167,148,150,155,143,147,154,149,138,166,156,153,140,168,151,148,141,151,158,165,156,144,145,142,147,166,152,169,165,153,138,135,143,144,166,166,142,145,166,158,161,149,150,147,144,157,155,167,144,164,140,179,141,134,151,143,162,141,141,131,134,149,140,148,130,164,152,152,162,139,153,147,151,154,183,171,155,149,148,143,159,151,146,151,149,153,149,152,161,150,150,166,135,151,158,156,150,152,175,152,164,140,145,162,161,165,143,166,148,154,154,135,147,133,133,139,153,151,155,152,155,133,151,162,145,140,162,164,167,150,146,132,156,146,148,148,153,130,144,146,148,148,161,139,138,139,143,155,152,136,141,151,140,162,168,156,147,148,151,150,147,148,149,158,154,148,152,152,163,161,146,153,142,147,158,134,160,153,141,138,161,154,152,144,155,133,149,170,150,155,156,158,143,143,146,150,135,147,159,158,150,139,141,163,144,160,141,145,156,160,130,165,149,151,165,141,150,143,161,130,149,137,151,161,147,148,159,170,128,149,161,154,140,145,137,172,166,140,146,159,137,154,155,153,156,165,139,154,142,150,147,148,154,148,134,157,147,152,142,135,152,147,143,155,159,142,147,161,132,145,158,141,154,143,150,156,144,162,155,145,152,125,163,136,146,153,142,131,143,146,152,152,155,149,146,142,157,149,139,142,172,153,145,160,151,150,148,153,140,141,161,153,141,142,148,142,153,152,149,151,146,139,147,135,130,134,159,159,157,149,139,159,163,152,169,145,149,150,156,152,159,161,148,141,142,162,128,137,138,149,155,129,160,150,153,142,147,142,150,153,172,135,167,159,151,159,143,150,156,141,138,159,138,154,161,141,136,141,146,143,148,164,144,132,144,161,152,139,142,161,141,153,159,143,157,168,179,140,145,137,147,163,171,161,133,154,164,154,156,138,159,147,152,159,148,147,141,154,151,156,153,173,139,143,145,159,170,150,151,148,144,154,145,148,145,146,153,154,143,171,165,137,159,135,134,141,169,137,133,148,171,151,162,136,148,155,165,152,135,153,126,157,146,153,155,139,165,167,161,159,161,170,162,158,145,157,161,156,150,150,127,156,155,142,147,155,151,158,151,153,148,167,154,158,140,149,142,120,179,141,148,147,149,153,170,153,147,147,154,162,157,153,144,159,147,141,151,145,146,146,130,150,150,169,161,154,157,149,181,159,136,171,146,167,152,145,144,153,167,140,149,142,160,141,132,153,166,149,153,149,146,130,156,151,155,144,149,169,151,128,159,131,168,136,153,152,139,151,171,145,144,145,137,149,150,137,159,146,139,149,157,156,157,140,125,157,147,145,148,150,146,153,151,145,140,153,171,138,161,146,148,151,156,162,169,150,156,152,156,144,138,147,150,159,127,150,134,153,153,142,147,151,128,138,171,146,148,137,141,148,155,139,158,156,138,154,158,152,139,141,151,167,144,148,141,170,168,149,171,148,140,147,151,164,159,150,156,144,158,141,150,160,144,148,158,142,159,146,140,148,151,136,138,147,164,148,147,154,159,146,155,157,166,139,144,160,152,148,147,153,142,135,153,149,123,154,152,134,167,164,157,144,155,165,152,160,157,159,149,159,153,149,153,144,159,140,148,147,158,144,144,140,141,156,142,153,141,127,150,144,155,168,144,156,153,159,149,143,130,136,147,147,147,133,144,140,163,131,147,154,134,176,134,158,144,147,152,169,142,135,155,145,146,168,153,145,149,146,167,147,136,139,154,154,137,134,149,155,149,143,136,158,155,157,161,168,139,142,137,136,159,145,142,155,159,143,154,158,141,158,139,152,155,154,160,143,145,141,131,147,158,161,139,150,143,156,148,148,157,156,149,152,150,160,138,143,166,145,153,143,135,137,153,152,159,156,139,160,140,134,164,137,143,134,155,154,153,153,144,155,155,157,158,152,142,151,144,143,159,136,149,141,147,142,154,157,154,141,162,155,151,151,160,147,141,138,146,149,153,161,169,132,156,163,159,153,149,156,157,155,159,148,146,159,154,143,139,142,139,154,160,160,141,146,165,159,138,141,151,153,154,150,150,157,153,148,153,163,143,150,161,143,149,164,142,154,164,155,156,146,155,142,147,153,144,152,173,143,143,135,154,158,154,160,173,146,167,166,154,146,142,149,150,161,149,151,138,159,172,141,153,163,161,155,165,173,155,147,173,152,129,147,120,147,139,135,156,150,147,156,161,157,159,151,149,143,154,146,146,161,153,147,144,152,156,142,151,160,156,154,140,127,165,149,154,149,155,159,139,136,160,139,158,153,137,156,150,142,159,151,166,142,156,152,155,144,153,146,158,152,143,146,157,163,154,152,162,140,149,143,147,157,145,156,154,141,133,147,144,172,152,137,135,176,168,166,155,147,142,158,147,154,139,167,142,145,171,133,141,160,140,139,157,159,149,149,131,156,150,164,158,142,144,169,158,152,136,172,154,168,161,141,152,160,153,159,151,146,149,154,143,132,145,157,150,130,148,149,142,134,147,152,138,153,148,163,145,167,172,147,173,128,159,144,137,153,153,159,158,148,153,146,146,141,146,168,156,150,146,137,149,166,145,153,143,148,175,153,139,159,133,167,150,145,133,162,147,155,144,142,157,137,152,146,151,153,157,145,165,161,156,169,165,136,144,150,155,149,134,149,151,132,143,165,129,157,148,159,134,144,154,147,160,162,159,147,171,145,176,139,144,153,148,151,143,149,171,176,150,134,152,142,137,159,158,162,159,142,154,159,145,169,135,159,146,141,133,161,157,140,129,154,139,151,160,150,169,135,155,146,149,150,155,151,144,166,149,139,142,154,153,146,165,149,160,148,155,155,151,154,159,150,150,169,164,135,152,145,149,162,142,140,144,153,145,154,151,158,139,169,142,129,177,149,151,142,167,162,165,164,143,164,140,159,171,152,146,153,135,164,152,144,152,166,147,125,157,149,163,154,153,142,156,148,154,124,154,143,133,149,131,171,142,155,145,143,153,142,157,136,168,136,155,159,166,133,148,157,153,145,153,172,138,149,163,155,141,149,138,163,154,139,138,153,145,159,144,161,150,160,154,153,144,165,146,156,157,149,135,147,168,153,156,140,161,157,160,144,148,163,143,159,168,148,155,141,158,136,154,156,165,150,155,146,155,149,143,146,145,127,155,137,138,131,153,157,136,139,156,131,158,159,137,155,138,155,157,148,136,164,158,155,133,140,146,151,146,156,145,144,154,155,140,169,147,171,138,159,160,141,166,153,134,140,158,138,149,151,161,142,167,144,155,154,145,131,140,149,151,145,167,142,140,147,155,154,144,151,157,161,131,168,154,158,146,159,173,143,156,142,148,158,148,146,129,157,148,156,151,157,139,151,151,152,146,142,150,164,146,145,161,144,166,139,156,176,148,150,144,163,158,131,157,158,171,137,134,142,153,142,147,159,161,162,158,164,145,164,156,158,141,144,139,167,142,153,141,158,154,144,166,152,153,163,143,158,160,162,157,151,145,156,137,147,153,151,153,156,143,144,141,133,149,144,153,144,150,162,143,149,141,149,137,147,156,156,160,154,135,146,158,138,157,144,160,141,142,167,133,144,155,142,156,146,147,146,139,144,127,146,153,141,138,137,138,143,165,142,148,155,146,136,166,144,163,139,164,150,151,150,135,140,157,148,129,150,140,159,157,159,166,150,159,150,156,138,141,162,156,139,185,159,153,132,161,148,161,138,174,157,133,141,152,153,140,157,133,164,156,164,159,158,153,147,155,152,159,150,142,137,140,164,142,171,165,159,157,162,144,142,154,154,165,156,140,151,140,147,167,140,142,137,136,138,125,152,139,164,142,146,137,138,160,131,140,155,165,139,158,142,138,158,144,153,146,149,158,155,147,144,160,141,153,138,150,145,144,155,149,124,141,156,190,144,164,158,157,148,155,132,146,148,151,151,144,145,142,155,157,144,152,150,144,154,157,147,144,148,149,143,144,149,140,162,150,147,157,148,139,155,156,160,146,147,156,134,151,139,146,161,159,158,143,150,156,133,158,171,160,168,135,162,149,144,152,161,163,141,145,144,153,156,145,160,155,144,163,150,142,143,152,143,143,154,151,150,162,148,157,137,146,144,148,139,171,135,134,151,140,154,147,143,145,155,145,154,161,147,153,142,152,140,151,149,144,133,161,148,147,147,177,157,144,174,156,151,155,154,140,145,146,139,156,162,153,155,147,141,153,144,157,166,150,138,166,143,143,146,131,162,145,152,156,158,138,154,151,157,158,153,138,153,134,154,162,157,147,139,141,155,157,167,132,157,160,168,148,145,151,142,148,148,149,153,168,146,142,135,136,144,173,128,146,154,147,158,149,140,155,139,159,153,130,150,152,148,150,141,128,140,158,161,157,148,142,155,149,156,152,163,153,150,163,134,151,139,155,151,131,146,147,158,152,163,157,147,133,153,142,137,155,149,155,140,156,141,148,128,156,165,155,147,153,169,149,159,158,140,165,148,144,145,145,149,147,149,138,138,151,140,157,149,146,149,145,147,149,135,136,140,145,151,150,138,154,147,146,149,159,147,184,143,150,150,159,157,139,150,143,142,143,137,158,155,157,142,150,165,161,149,162,147,144,151,153,140,139,142,148,146,146,155,131,162,152,140,164,156,138,145,162,158,139,146,125,138,157,164,154,146,155,163,134,143,127,139,145,147,132,175,147,145,157,152,146,164,153,158,151,153,157,151,144,159,145,142,129,144,153,143,146,164,153,152,144,150,154,136,142,138,143,148,133,144,133,169,159,162,150,131,156,154,136,128,146,156,146,162,163,144,119,158,145,141,161,148,147,158,144,159,155,135,141,154,165,134,147,138,146,158,159,145,150,141,123,150,138,161,159,153,141,149,150,141,119,157,156,155,151,171,128,143,153,151,156,150,159,146,134,156,154,137,164,142,148,136,159,148,170,166,154,138,154,146,146,168,138,139,151,148,141,161,159,143,141,166,148,156,152,163,165,144,149,143,153,137,165,128,134,159,141,179,168,132,145,162,171,149,177,148,157,143,158,163,162,141,147,143,148,159,160,148,152,155,159,150,147,153,157,143,147,149,169,162,167,144,152,172,148,156,149,153,147,149,154,156,155,148,165,141,151,156,149,149,135,157,144,145,140,138,159,155,146,170,141,131,161,168,146,126,159,156,145,151,161,174,148,150,136,153,145,152,152,168,138,158,170,160,137,142,149,149,141,128,147,154,159,147,150,158,155,151,144,131,178,142,170,149,153,144,150,145,152,148,154,163,161,140,168,161,146,129,143,149,168,144,142,149,141,148,135,169,146,155,146,130,162,147,128,153,163,148,143,154,161,158,162,156,136,152,173,158,147,148,157,151,145,150,162,158,141,156,147,144,137,152,137,153,147,165,163,157,162,135,144,151,165,148,144,141,147,134,145,145,158,139,145,143,157,152,160,141,145,142,150,150,146,151,136,156,148,133,143,153,157,143,141,153,125,153,149,142,137,153,143,170,153,150,151,160,162,141,151,148,133,155,132,162,160,153,141,164,148,158,162,167,149,156,143,151,146,135,153,145,151,136,144,140,155,164,127,152,150,145,163,150,138,152,140,150,137,173,155,159,162,156,148,143,140,137,128,145,145,139,170,143,157,139,156,138,159,140,156,163,146,146,137,147,162,146,144,160,149,153,126,153,141,151,160,152,154,150,154,153,150,141,154,152,144,154,153,141,129,154,147,147,125,152,151,167,148,142,141,136,143,145,175,146,146,138,141,157,159,163,153,146,153,135,150,162,150,157,148,164,146,151,136,138,140,137,155,144,161,170,151,152,132,160,137,153,151,132,137,144,155,155,157,130,143,139,150,153,156,145,157,160,150,149,154,139,154,143,140,138,145,154,134,149,162,146,165,160,141,151,130,159,135,149,153,129,155,151,147,148,162,151,137,136,154,151,147,157,149,135,150,137,142,159,163,137,141,152,149,152,146,130,150,147,154,141,162,147,148,149,152,152,139,154,139,153,139,153,161,134,145,134,162,147,140,167,161,157,138,152,151,155,143,143,149,133,151,141,161,145,164,157,149,160,137,144,150,155,154,149,137,143,156,169,162,132,158,145,158,123,153,154,150,162,145,143,140,153,153,154,149,155,134,161,149,159,155,144,149,164,153,147,126,143,157,143,140,147,149,175,150,160,161,151,126,150,134,157,152,146,162,157,163,136,138,133,141,152,144,139,136,142,125,161,132,144,154,158,166,170,160,150,175,170,146,148,149,150,163,157,141,144,143,147,132,149,165,163,150,155,136,157,149,151,158,148,165,148,156,150,151,132,156,156,154,152,145,158,162,147,153,162,151,149,157,152,139,169,161,149,148,145,154,157,147,153,134,165,142,133,154,159,157,176,133,156,150,167,162,158,145,157,145,149,157,141,151,148,135,155,157,158,159,151,157,130,151,154,145,160,166,150,160,158,173,131,142,147,147,148,163,131,143,147,159,162,165,154,145,135,150,158,157,143,142,157,136,145,150,142,155,147,150,150,131,143,146,154,139,141,151,156,156,154,149,138,138,165,169,134,158,153,140,153,146,147,147,162,143,144,153,148,153,149,149,120,145,138,153,142,141,144,143,133,159,152,132,146,150,152,138,146,176,145,142,147,149,163,128,139,159,160,163,145,144,140,136,158,145,132,137,135,131,150,149,149,144,147,153,155,138,140,144,144,161,161,156,150,140,159,155,159,167,150,158,129,149,148,156,146,136,142,152,148,147,137,140,152,147,165,146,143,145,159,138,135,150,157,149,144,157,157,154,145,155,158,151,153,144,163,126,166,161,162,137,129,145,139,144,140,127,146,149,152,144,150,152,160,139,154,140,136,134,143,152,160,142,162,177,158,146,144,170,159,144,146,163,141,147,144,152,142,154,147,162,158,139,167,166,159,161,157,152,158,176,151,163,147,131,156,139,154,156,144,154,164,163,141,137,140,145,151,153,166,146,143,152,147,164,146,155,148,142,144,151,147,156,147,140,143,138,143,144,160,149,161,155,166,155,156,143,157,143,164,136,147,156,152,187,153,140,150,130,166,141,146,155,158,141,147,139,145,130,175,157,123,143,154,151,144,145,161,146,162,153,139,165,156,167,167,147,139,152,146,158,162,149,158,154,156,151,165,147,128,155,147,141,162,147,159,141,150,143,161,137,167,137,136,147,149,165,144,148,160,153,133,148,148,145,136,166,154,139,140,158,143,157,130,147,150,146,154,146,146,162,152,151,151,137,142,155,156,161,162,144,142,146,136,169,149,166,147,142,154,150,146,158,168,139,167,168,153,154,154,151,142,152,140,142,138,156,158,160,150,166,142,147,150,143,144,144,157,144,135,151,155,145,150,158,166,158,161,160,147,146,138,165,153,160,176,142,154,155,140,159,144,151,153,148,148,157,142,145,123,149,150,146,139,143,147,153,155,156,135,158,158,165,163,142,136,139,158,150,146,147,157,156,133,148,163,159,141,162,157,136,145,134,162,145,148,154,151,152,140,154,162,157,152,154,144,143,137,142,149,165,162,160,161,150,150,136,152,136,147,137,152,141,155,142,168,153,140,152,144,156,149,154,151,147,153,155,152,157,129,154,166,157,153,149,141,149,144,157,139,133,151,148,157,149,144,131,135,154,139,142,143,170,133,146,142,159,153,131,150,172,142,140,150,153,146,160,158,157,139,154,158,168,146,156,152,155,157,157,146,160,152,140,132,155,145,161,159,144,164,163,148,176,142,167,162,149,143,157,157,173,160,163,138,147,153,161,158,151,166,153,149,141,147,165,140,151,149,153,166,153,164,147,144,144,141,135,147,149,156,151,137,156,171,144,155,153,162,131,138,151,144,148,135,158,158,154,155,151,151,141,143,143,142,147,168,158,160,149,155,156,150,131,149,152,139,160,148,155,146,143,163,149,170,144,135,144,145,143,153,140,162,152,145,135,149,158,146,146,182,162,169,141,165,145,165,137,140,132,156,145,148,141,155,168,149,148,149,139,147,146,151,153,128,155,159,164,142,165,151,146,136,138,144,140,130,132,160,140,150,138,153,123,168,152,154,156,149,150,149,155,145,146,147,146,141,138,143,146,153,146,162,162,155,167,165,137,140,165,138,163,138,159,147,161,155,143,157,144,151,151,128,156,165,155,147,160,165,152,166,161,153,133,131,148,179,149,165,158,143,160,147,141,140,130,149,140,146,140,151,134,151,149,167,143,152,155,169,167,145,143,163,143,163,154,137,145,162,130,150,153,142,146,151,160,150,148,150,142,142,167,162,153,157,141,160,158,172,143,145,147,139,142,145,159,136,162,147,148,162,148,163,152,158,152,168,177,140,159,146,140,148,137,149,147,161,151,154,144,151,147,138,149,158,156,161,159,148,149,131,156,154,152,148,155,161,144,154,136,137,143,164,147,144,134,135,157,153,151,154,140,148,157,147,137,134,157,138,150,131,160,149,147,168,158,150,149,157,128,131,145,167,145,149,157,144,148,147,140,150,161,159,154,144,144,157,157,138,153,130,142,143,151,150,162,154,171,147,143,150,131,162,167,151,141,156,147,140,149,149,174,142,147,172,150,143,158,160,145,150,160,151,146,148,145,143,154,132,131,141,153,171,140,155,159,169,146,159,133,158,152,157,159,144,139,140,163,157,132,135,160,158,146,143,145,139,138,153,150,151,139,148,154,142,145,143,159,153,148,145,142,158,151,148,140,151,149,154,135,163,148,128,134,158,162,139,145,156,126,137,135,154,144,146,144,155,153,145,159,154,167,163,149,158,144,165,160,154,159,154,154,158,145,169,173,160,140,165,135,153,147,167,151,141,128,167,160,137,154,156,144,160,154,149,132,170,152,150,132,138,156,157,155,156,169,156,141,144,144,153,144,134,156,159,148,154,150,152,164,160,145,146,150,131,149,141,144,126,148,154,156,150,160,152,149,139,146,145,136,148,144,163,146,148,151,159,151,151,147,157,141,158,165,145,162,156,158,141,162,165,151,146,156,158,142,136,134,135,146,149,144,146,149,167,168,148,137,146,139,133,141,125,160,138,139,133,158,154,147,174,165,143,162,156,138,166,175,165,140,164,143,126,139,139,163,139,141,145,150,156,151,144,143,146,138,164,149,145,145,124,152,154,155,178,157,162,144,125,150,143,142,156,145,153,129,169,151,168,158,155,161,138,136,151,151,148,159,160,134,150,167,150,145,136,158,143,159,151,145,146,165,133,143,156,137,144,144,144,155,147,151,148,162,134,152,138,151,157,142,148,137,145,154,143,154,146,153,163,152,170,168,145,134,146,153,146,143,166,152,163,154,136,155,151,132,155,146,175,167,148,140,147,149,165,156,148,140,131,141,159,150,134,152,150,149,155,137,167,138,152,139,127,157,125,139,142,159,132,160,151,162,144,167,155,146,146,163,150,136,157,154,143,151,143,146,129,153,155,132,131,145,161,140,148,150,168,141,148,163,150,151,132,137,164,144,148,166,156,168,153,160,140,155,152,140,157,162,144,131,145,151,159,153,138,146,149,155,149,156,149,145,140,148,156,137,147,173,146,153,151,149,143,135,155,132,144,169,142,140,147,153,147,139,135,153,147,143,144,141,162,145,143,145,115,167,148,156,140,154,142,172,138,129,147,157,139,150,163,133,161,146,136,157,163,143,134,137,148,149,139,142,157,157,147,144,148,146,163,161,143,149,144,134,131,150,145,174,157,136,162,159,161,151,164,160,156,150,155,151,141,170,136,161,153,151,142,140,164,147,149,122,150,147,161,149,147,160,143,144,152,138,137,144,144,141,147,145,150,154,132,145,156,155,146,135,150,127,148,147,140,144,152,145,139,132,142,156,157,159,144,143,145,133,141,163,178,154,157,162,148,151,147,149,154,161,142,161,142,143,171,157,141,166,146,139,157,144,153,142,155,152,150,146,136,146,145,145,144,148,137,135,139,152,146,171,159,150,139,157,162,167,162,151,150,141,170,143,152,137,132,160,139,172,147,144,150,142,151,145,160,153,148,134,163,142,144,174,143,132,154,141,153,158,145,158,160,152,140,166,158,150,139,159,132,155,170,144,165,150,170,134,157,121,159,153,137,147,142,172,153,145,152,157,135,122,158,147,153,153,133,159,147,150,149,144,168,159,138,136,146,171,135,138,174,133,155,160,142,143,146,154,155,152,129,155,146,142,142,150,149,150,141,144,142,155,138,161,159,132,147,149,130,139,148,162,160,138,156,132,148,146,155,161,170,154,143,154,159,161,146,143,141,161,135,139,162,157,154,161,165,163,159,137,138,156,141,148,161,140,145,145,182,167,134,148,153,150,166,146,144,157,161,146,151,143,159,140,150,161,151,156,173,146,133,138,174,137,163,141,138,141,145,142,159,155,155,137,136,141,162,147,155,155,151,169,150,167,162,164,151,147,130,156,168,149,147,149,141,156,148,134,140,173,152,150,146,153,146,137,150,158,149,159,162,167,145,146,154,165,154,148,139,137,155,151,151,148,169,148,151,156,142,149,154,131,145,146,147,148,144,151,155,138,148,144,145,139,140,153,129,150,152,138,165,140,148,162,150,145,159,155,155,146,141,156,148,145,164,167,142,138,131,155,157,141,144,148,130,150,147,138,136,150,149,138,154,143,147,156,162,146,147,142,148,177,161,142,157,156,139,159,154,148,155,132,149,146,158,166,155,158,149,155,144,141,152,145,144,131,157,154,168,159,136,133,145,158,138,150,159,156,141,152,154,127,144,149,147,165,159,147,147,150,152,161,157,160,149,157,144,156,142,151,157,154,141,168,151,137,149,145,173,156,150,123,152,152,152,162,148,149,161,138,147,156,132,145,168,149,156,154,174,159,149,141,143,153,141,132,142,163,134,143,135,163,136,158,140,154,172,150,144,136,144,146,167,166,147,146,145,157,139,151,143,153,142,136,150,143,163,146,143,149,151,148,152,145,139,160,140,141,132,154,159,159,175,164,117,146,150,151,135,141,132,165,152,146,158,144,140,131,139,146,151,141,134,136,148,145,144,158,156,145,160,162,161,157,144,152,152,155,173,159,141,132,155,145,164,163,155,148,168,160,159,147,153,149,141,175,141,152,130,134,163,153,135,159,166,139,143,145,125,165,138,151,140,139,170,151,149,144,160,159,147,149,142,149,157,158,161,154,144,154,146,163,153,137,142,148,151,141,152,143,149,151,151,134,144,147,128,155,150,145,140,159,159,172,134,155,140,139,154,154,165,137,147,164,154,146,155,127,163,149,162,137,162,156,143,159,152,160,144,155,158,143,149,154,167,162,148,146,145,140,149,153,139,135,152,145,151,147,154,160,138,149,136,150,133,160,185,150,151,149,152,146,149,158,165,152,137,139,147,157,142,160,140,160,167,151,152,145,156,153,170,158,144,139,156,155,145,146,144,157,152,144,164,140,154,172,152,154,149,145,158,157,174,158,146,143,156,141,146,150,157,152,145,153,154,135,179,134,150,135,157,142,143,161,158,147,177,145,137,144,153,154,162,140,158,179,154,148,160,154,144,160,172,152,158,162,142,115,144,164,145,141,138,158,170,140,168,145,147,162,146,136,149,155,154,151,147,148,152,148,143,161,122,148,134,143,142,142,163,150,153,165,160,142,158,150,150,164,151,169,138,132,139,166,146,141,133,141,152,137,157,160,147,154,141,162,155,130,154,158,147,152,141,159,138,147,151,142,150,159,135,172,144,134,140,165,132,140,159,159,150,156,153,159,162,145,149,151,149,143,140,165,145,164,129,133,148,176,153,145,159,158,160,172,143,149,150,141,146,159,154,153,136,132,174,142,141,144,135,137,141,136,138,138,138,160,141,162,139,156,155,159,145,151,144,155,171,165,150,155,160,156,163,158,146,136,139,166,142,157,146,147,152,138,141,167,147,170,159,157,149,141,157,132,157,149,139,153,156,135,143,153,141,120,146,156,175,139,148,146,162,134,134,142,149,147,153,163,144,144,154,142,158,157,137,161,141,144,128,146,148,155,140,161,160,125,159,137,131,133,141,145,136,143,133,133,148,158,157,140,133,144,138,161,162,145,154,143,159,156,160,150,135,136,138,167,163,144,158,162,137,161,152,180,136,146,145,159,154,150,150,144,138,152,148,160,150,152,149,143,160,148,142,160,144,178,146,151,154,163,145,137,153,136,145,130,136,138,149,144,147,136,151,162,136,149,145,140,148,155,148,155,172,146,145,156,152,141,134,152,150,160,157,143,164,171,148,159,153,160,157,166,135,151,136,159,151,170,147,137,133,149,140,144,149,160,152,149,137,153,168,157,143,151,167,150,158,149,166,160,156,160,139,156,172,154,158,138,153,171,142,154,141,148,168,137,139,151,145,140,153,150,152,154,151,134,167,159,154,168,149,154,169,145,156,163,139,151,150,155,154,146,147,159,154,152,160,142,143,127,141,130,161,154,143,151,147,146,145,138,150,139,146,173,157,157,151,152,150,136,168,154,146,155,153,151,154,150,135,144,144,155,166,148,152,150,150,146,147,135,147,142,135,157,148,140,162,171,149,123,169,134,139,136,140,155,135,143,149,151,156,147,151,148,165,142,145,150,138,156,141,139,168,157,148,138,129,146,151,141,145,148,144,158,159,130,146,143,152,150,144,136,145,165,156,145,121,139,138,141,160,161,149,147,144,156,154,148,150,139,145,141,148,142,142,162,141,150,165,149,168,151,151,156,141,143,133,140,144,154,150,145,138,148,147,145,165,142,136,182,152,148,157,145,153,154,149,153,155,134,165,129,150,151,147,136,138,147,140,146,160,137,156,133,161,153,137,143,161,152,161,167,135,148,136,146,142,154,154,157,148,152,139,126,150,168,159,181,149,141,152,161,137,122,147,160,145,148,161,160,140,178,151,159,160,134,156,147,139,153,165,143,155,154,164,128,148,160,134,165,139,175,144,135,164,171,153,160,162,161,158,154,146,155,135,163,155,136,150,156,140,145,147,158,134,157,157,164,157,162,140,147,154,125,138,145,139,145,157,148,138,132,158,149,164,151,154,160,146,140,160,153,153,161,135,142,141,162,157,158,155,154,160,152,154,139,157,132,136,146,149,152,174,130,152,143,140,161,156,143,143,173,160,161,144,137,124,159,158,141,146,158,143,141,153,139,149,159,157,165,157,151,147,150,147,160,165,155,141,153,144,161,162,139,136,166,154,138,151,137,157,138,157,143,147,147,136,167,158,153,159,144,159,159,150,138,160,143,139,141,159,160,165,167,136,132,168,152,151,149,135,174,151,139,159,144,165,161,159,144,153,140,145,157,160,158,144,138,157,145,144,128,149,136,136,143,152,165,158,141,148,158,150,125,158,161,162,153,150,140,157,152,158,146,154,157,144,140,159,137,153,149,142,156,151,146,157,125,143,144,140,177,150,140,152,147,155,148,147,156,157,155,142,166,160,140,147,142,156,152,136,145,133,144,161,148,154,168,146,166,150,140,132,157,144,157,152,157,137,170,162,153,163,150,147,143,144,147,171,145,153,164,162,140,157,143,146,146,168,157,155,139,151,168,142,140,146,153,151,170,158,143,145,148,157,144,175,140,155,159,150,142,155,150,142,147,164,154,136,152,159,147,155,164,138,162,149,143,141,158,162,154,141,133,149,151,160,151,153,153,151,158,138,150,138,166,160,142,159,142,151,167,151,134,148,124,157,150,154,133,152,140,165,157,156,134,140,150,144,144,159,153,159,143,143,150,149,152,139,146,154,147,151,162,155,135,143,156,163,163,153,152,139,150,134,128,149,146,151,167,154,154,145,154,148,155,139,140,157,141,144,155,155,150,173,158,131,167,157,147,135,152,141,156,169,161,154,163,134,146,152,141,163,142,157,138,148,147,167,149,148,147,153,153,134,123,156,171,151,154,147,149,148,156,144,149,160,158,147,133,164,155,165,166,168,132,147,140,156,154,140,167,144,152,154,143,153,160,144,142,146,147,151,159,157,152,150,153,143,152,164,134,152,157,131,163,153,166,144,136,153,147,156,147,144,154,143,147,142,151,143,144,162,165,154,163,143,159,161,137,152,150,135,147,156,144,148,155,150,156,155,127,140,157,164,144,148,151,145,142,168,145,159,148,139,167,158,151,151,133,142,154,162,144,142,146,168,132,172,142,153,145,158,145,145,145,159,137,148,141,148,172,160,159,150,137,161,163,139,149,127,162,137,143,139,153,133,158,160,147,135,140,158,142,147,135,149,166,161,142,146,155,163,139,165,145,136,138,138,157,157,142,151,162,142,152,154,173,168,149,155,144,169,162,141,153,138,153,151,131,151,147,145,172,141,173,150,144,148,156,165,149,165,144,161,152,147,142,141,142,144,140,139,130,158,148,158,140,139,156,155,158,126,145,149,148,144,130,143,160,178,144,140,156,154,145,157,148,148,136,146,136,165,149,149,149,145,158,134,154,145,155,147,155,155,164,146,147,144,158,139,149,152,165,154,158,141,149,144,159,162,156,148,142,152,153,129,148,150,160,148,134,139,148,151,133,156,160,140,143,160,132,158,142,149,167,150,142,148,144,134,120,135,161,137,136,145,146,132,156,142,140,148,145,127,144,142,152,143,163,147,170,150,157,142,151,159,137,163,160,161,145,147,153,145,124,160,170,145,162,161,154,148,139,142,152,163,169,161,146,163,144,145,133,158,157,160,142,144,168,170,147,134,133,168,164,145,146,155,154,122,137,171,141,130,155,160,133,136,140,126,119,142,146,161,158,154,159,164,143,151,140,142,154,143,155,144,159,160,160,153,124,146,137,164,155,150,152,154,179,145,148,134,156,137,163,141,149,162,142,168,156,152,157,154,152,145,152,160,151,161,149,148,149,163,145,155,157,145,148,157,156,150,155,145,155,143,132,144,152,164,154,129,137,165,133,151,153,147,162,160,141,143,138,124,146,147,145,148,169,147,144,138,164,161,164,147,146,163,157,147,147,146,148,159,138,158,162,164,154,152,151,148,153,139,151,137,161,152,130,134,148,173,129,163,159,166,145,159,176,157,156,148,146,149,136,151,125,132,143,124,135,155,146,156,145,157,165,159,137,165,135,136,159,142,164,152,163,162,132,147,151,146,155,163,153,130,155,142,142,140,160,175,149,152,156,159,157,158,140,149,145,151,140,141,138,160,166,159,146,138,150,151,146,145,163,140,153,150,149,141,157,136,148,147,158,149,160,144,128,162,129,149,163,148,136,158,157,155,161,151,166,156,144,162,160,147,163,158,151,135,144,155,164,143,142,155,151,135,133,139,177,150,140,128,161,129,137,155,141,163,148,152,160,164,141,144,154,155,152,160,158,151,167,163,157,162,149,163,135,146,134,150,153,159,158,140,154,156,150,141,154,159,153,143,140,131,135,149,152,154,158,150,154,138,137,152,151,161,159,162,123,157,166,165,142,152,158,138,153,159,143,156,142,169,151,161,171,141,162,157,146,151,153,149,138,144,160,168,156,167,152,157,145,147,138,139,139,147,142,156,157,147,146,154,151,149,167,162,142,150,152,154,160,150,151,123,155,148,162,139,154,134,156,149,160,139,162,142,156,137,156,147,131,128,150,141,157,132,155,162,130,145,159,149,160,161,162,143,130,148,156,134,144,160,150,146,129,137,142,156,154,134,142,151,153,145,159,151,138,153,159,153,156,148,143,144,151,146,140,154,163,153,173,157,140,147,152,150,161,139,139,159,150,143,152,160,139,145,152,142,150,161,142,167,147,162,153,157,164,140,154,150,133,169,150,150,133,153,128,148,139,176,148,127,132,173,147,165,160,160,159,141,164,156,147,152,132,148,150,153,152,163,157,139,163,141,157,149,158,132,149,143,137,154,148,166,134,143,141,161,166,152,149,156,144,154,170,147,151,156,168,159,160,163,163,131,134,147,157,142,150,142,146,148,156,143,165,137,141,143,173,155,154,129,161,163,146,151,156,124,142,144,164,146,163,148,150,146,145,139,165,150,149,140,132,147,156,154,137,144,152,148,139,139,149,162,140,167,158,143,151,151,151,150,143,156,151,155,150,134,158,158,168,137,164,159,149,138,165,152,138,171,152,153,150,141,139,144,152,164,137,153,142,145,158,156,150,145,146,147,148,143,150,156,140,160,142,163,151,142,132,160,150,156,148,168,149,144,153,144,142,156,146,157,150,151,151,146,159,147,150,159,136,157,147,146,141,138,145,137,149,154,132,158,146,133,149,156,154,156,164,142,154,159,150,148,153,150,150,148,154,141,161,150,145,154,154,155,142,136,148,133,148,146,144,150,153,158,155,149,151,138,147,135,134,157,153,143,137,160,148,157,151,164,135,135,157,126,143,159,137,162,153,158,158,157,139,164,142,151,156,142,164,152,154,166,145,142,157,137,152,149,147,156,147,145,140,156,158,140,151,164,150,161,138,147,136,144,143,144,143,141,167,173,156,153,154,134,153,161,144,142,145,155,159,150,148,149,161,157,155,147,153,146,143,146,157,167,155,161,142,143,159,162,170,150,133,143,145,128,143,141,155,167,154,131,162,161,131,154,137,138,170,164,166,145,149,150,157,135,156,146,141,138,157,151,138,139,147,148,164,152,155,144,178,140,151,158,156,145,157,148,141,133,132,165,144,144,164,148,136,149,154,127,149,147,134,128,137,149,138,144,145,152,142,147,141,135,151,143,147,146,156,148,157,137,153,154,155,134,157,157,128,139,160,157,152,154,154,162,174,151,149,129,148,144,157,133,152,164,154,145,141,138,157,153,137,144,157,125,148,148,160,146,157,140,158,159,151,154,158,140,163,156,138,139,139,143,156,149,151,157,151,152,132,148,137,157,149,143,161,143,166,166,135,153,137,153,146,131,152,150,148,157,144,151,164,150,154,159,138,160,166,158,141,152,156,143,156,140,147,158,141,155,136,138,143,156,140,148,149,146,152,133,144,152,144,162,139,151,167,157,120,145,141,156,143,158,158,136,155,142,131,153,159,150,157,138,139,134,147,144,156,149,144,148,134,161,138,152,144,152,165,145,171,140,150,156,160,146,143,139,150,135,149,144,164,150,141,160,154,140,146,153,161,158,162,155,156,142,144,147,162,140,148,150,154,142,145,151,148,153,133,156,139,156,141,147,160,143,155,159,135,148,142,158,145,165,152,148,162,148,141,145,140,150,148,155,145,172,147,144,144,154,162,158,156,155,143,156,145,147,165,170,157,134,135,171,151,133,148,164,157,160,147,155,153,141,145,141,146,163,160,151,152,150,142,146,147,146,152,158,147,177,164,149,158,150,155,150,143,152,172,143,159,160,144,162,158,153,141,142,156,174,154,131,150,158,144,123,144,166,147,150,153,134,153,146,148,146,160,138,156,164,153,150,169,138,159,147,141,162,152,154,149,155,151,148,142,153,151,165,138,152,137,154,142,144,154,141,144,144,159,152,153,144,159,149,155,131,137,157,150,140,134,147,160,153,156,149,150,140,141,152,145,149,154,144,134,139,143,161,147,160,148,132,138,150,138,159,145,147,156,152,157,135,164,150,157,136,140,148,153,167,126,141,151,130,172,141,165,146,155,153,155,140,132,160,158,150,174,155,152,128,154,150,129,148,159,143,151,133,159,148,149,148,137,150,150,170,150,156,154,139,152,138,152,165,153,149,149,150,160,151,139,148,156,149,137,139,144,164,142,162,138,154,166,166,155,154,149,147,155,157,160,148,142,143,147,135,144,120,151,153,151,148,152,145,142,145,157,141,152,161,152,148,149,162,144,164,133,140,142,152,157,157,131,151,147,152,147,144,151,152,154,154,156,141,145,161,151,153,139,157,157,136,156,146,167,159,160,167,152,150,143,161,166,150,159,168,156,144,157,140,164,145,139,148,150,162,155,164,140,148,150,151,139,152,143,146,144,139,160,150,145,149,163,150,166,137,138,161,156,168,161,138,144,166,146,153,143,154,155,147,129,155,143,153,159,153,155,142,163,152,156,156,148,160,150,159,124,147,144,144,155,156,148,155,156,159,164,143,156,148,127,145,159,140,158,138,158,148,170,135,139,163,165,161,146,149,151,143,143,144,161,152,148,165,132,157,114,159,150,154,140,142,151,155,169,171,157,145,158,151,148,142,146,154,157,151,161,153,151,137,162,159,122,146,148,137,141,164,145,147,142,143,153,163,160,156,166,135,149,151,153,161,173,147,177,143,144,146,144,147,153,144,149,131,139,172,157,150,149,155,161,158,144,160,163,141,137,139,149,169,146,151,148,154,163,138,146,160,151,151,153,136,154,171,157,158,163,162,150,141,150,166,168,171,145,152,132,169,156,150,144,147,153,151,159,170,147,151,136,149,145,159,148,141,148,137,153,157,129,158,137,146,163,150,150,147,137,147,167,142,124,139,149,164,130,127,152,140,156,149,138,149,146,146,138,148,136,156,153,140,165,136,157,155,167,152,153,142,142,147,153,141,159,123,146,156,160,133,154,140,145,155,153,163,154,148,140,158,165,139,157,157,135,149,147,142,161,158,147,140,139,168,162,146,151,157,159,150,160,138,149,152,140,145,162,147,147,144,158,148,146,146,151,162,149,155,158,168,163,151,162,151,148,148,170,155,168,147,146,135,139,148,141,145,151,157,141,137,139,179,147,159,154,162,148,164,150,134,160,132,152,144,142,148,130,156,145,144,153,138,140,159,154,158,161,131,154,156,154,140,161,143,136,151,137,150,146,145,152,134,153,148,150,138,138,124,136,139,135,150,144,151,161,135,155,140,157,142,155,148,143,149,149,147,148,147,162,166,145,138,162,147,157,147,147,134,151,151,172,156,139,148,154,136,154,149,162,174,158,165,157,162,156,149,140,147,149,137,142,168,151,141,146,147,146,139,144,135,147,127,140,174,160,150,150,155,141,157,140,155,147,137,140,154,143,148,160,147,140,160,131,155,142,129,145,134,150,150,149,151,154,145,158,159,156,159,154,142,149,148,134,160,129,163,143,147,171,155,172,145,144,176,130,133,169,155,145,171,152,155,150,162,149,159,156,161,135,150,135,147,157,165,135,149,133,157,128,143,134,163,142,156,151,156,159,133,160,163,140,152,134,140,150,153,165,143,142,142,165,152,137,139,142,143,157,151,176,146,150,166,163,153,138,154,142,148,142,156,173,171,140,139,178,156,155,148,136,157,151,165,145,162,147,156,154,142,152,164,152,140,142,163,153,140,162,145,169,153,142,154,150,143,139,159,133,134,164,165,128,128,136,138,157,139,143,151,144,132,161,150,159,142,145,149,166,157,148,134,147,155,154,140,144,145,145,145,145,161,162,149,146,149,149,144,151,133,137,152,152,122,158,154,154,141,148,152,156,135,165,138,159,146,161,147,157,155,142,138,165,143,160,159,163,152,156,146,150,142,154,150,145,162,142,140,155,150,156,150,139,147,142,137,164,147,142,140,154,163,132,145,149,147,143,157,162,141,145,127,145,129,163,149,157,148,148,138,145,156,147,139,132,158,154,151,155,149,157,145,152,147,162,157,143,148,144,137,146,131,171,149,153,164,152,137,126,163,141,133,149,137,159,142,147,141,141,167,162,146,147,150,149,149,160,157,143,157,133,141,163,156,150,138,154,149,137,137,139,149,137,159,163,149,142,160,145,148,157,149,157,155,162,133,157,139,160,144,152,153,146,150,124,161,157,156,143,155,150,167,148,140,134,145,153,159,148,153,165,138,149,149,142,154,141,142,146,147,172,151,146,157,153,137,141,152,151,153,135,128,151,165,146,136,142,138,161,153,149,143,127,141,166,160,146,156,149,141,159,156,141,146,164,140,152,159,153,140,165,160,154,164,165,140,157,157,156,165,167,152,148,153,170,141,143,141,160,136,175,134,145,123,140,148,155,166,159,145,150,150,145,144,146,148,145,155,139,161,152,157,135,140,156,140,134,139,146,145,154,143,155,165,142,152,163,142,147,147,147,149,145,158,145,154,145,138,142,156,144,152,142,152,163,158,157,142,155,135,145,155,155,149,166,149,165,164,134,155,169,156,142,133,162,151,167,149,159,161,151,142,154,139,144,147,145,163,163,157,152,153,138,147,147,181,145,144,150,147,160,145,160,154,157,148,145,170,149,148,145,143,161,155,154,164,170,150,150,163,141,157,156,174,159,158,165,148,146,150,154,149,160,156,174,151,149,161,149,143,136,134,158,149,143,131,166,146,142,147,160,153,144,145,144,147,144,151,156,148,142,143,152,146,171,141,129,144,155,152,130,150,155,147,153,166,146,149,149,152,151,167,149,132,142,154,135,142,163,152,160,166,140,152,161,143,150,143,148,147,150,131,158,163,145,156,159,133,158,169,163,138,150,145,138,143,151,179,161,154,151,134,144,138,159,157,157,154,158,153,159,158,148,154,173,153,145,165,142,147,159,161,132,155,156,149,132,150,170,133,166,137,144,165,138,131,141,147,152,155,163,145,158,157,146,156,145,158,163,169,125,165,151,163,175,149,150,145,163,142,127,152,157,165,141,141,150,168,129,139,160,149,134,142,146,126,170,152,129,161,143,162,145,171,148,135,139,145,148,169,127,148,160,149,160,146,154,150,160,152,151,143,145,150,157,151,166,147,144,147,146,140,150,156,159,140,138,159,158,158,128,144,160,160,155,179,144,138,141,152,132,154,159,154,148,147,169,134,144,139,141,171,158,146,139,156,137,149,142,135,160,151,136,148,146,150,164,149,144
166,171,160,140,164,160,159,150,158,140,157,140,145,135,151,149,143,141,168,157,167,165,141,148,151,156,160,158,143,148,153,140,149,163,154,147,132,153,145,151,154,155,147,137,150,149,142,144,139,139,154,159,152,140,142,150,150,158,149,152,144,156,130,151,163,154,155,150,154,135,140,146,146,150,163,152,131,149,154,134,149,185,155,151,148,145,163,153,139,135,165,143,150,146,143,136,177,135,161,166,144,153,150,166,153,155,136,161,146,141,150,148,158,126,163,143,149,160,157,162,165,149,154,158,148,138,144,166,145,158,138,150,158,154,158,143,146,137,163,140,162,150,167,145,152,147,154,138,153,150,125,154,154,149,163,151,164,142,170,144,144,153,157,145,167,157,154,151,155,134,156,144,144,155,142,154,157,140,155,155,148,143,158,155,158,151,147,140,126,139,149,149,170,149,150,145,140,152,143,142,157,135,148,146,160,141,153,159,150,147,170,140,143,149,150,162,142,145,162,146,149,138,144,115,155,151,136,157,148,141,176,165,137,132,154,150,153,160,133,150,140,145,154,152,130,151,133,154,147,152,159,142,166,160,147,150,164,165,157,147,145,157,151,154,142,162,153,145,137,150,151,146,147,161,155,137,139,143,153,132,129,155,160,162,153,163,141,143,122,158,147,166,143,143,175,165,136,147,148,145,167,133,145,148,163,158,174,150,139,159,157,154,150,163,144,154,136,144,144,146,151,150,146,167,148,133,158,156,143,143,150,152,139,152,162,152,150,147,147,143,160,156,143,143,168,144,150,152,143,151,141,158,151,139,146,154,155,156,143,131,145,149,145,133,150,151,147,144,147,150,168,174,154,158,143,163,144,133,145,144,149,144,166,164,152,132,152,138,149,141,139,139,144,154,145,156,149,149,159,142,157,140,145,140,142,138,159,140,150,138,136,167,146,152,136,163,159,149,156,149,132,156,156,147,153,136,150,160,144,160,151,161,155,154,134,149,164,148,158,153,161,139,166,148,162,146,148,150,150,158,157,139,156,164,128,141,148,160,145,146,174,148,147,133,139,169,145,141,135,131,157,162,147,145,151,163,145,141,153,154,156,140,163,134,146,145,159,128,139,177,146,153,144,133,144,148,146,159,141,137,134,147,153,137,144,155,171,142,147,166,156,159,135,141,160,158,151,146,150,146,139,125,146,156,135,136,153,159,148,157,137,163,163,158,147,153,144,153,146,144,138,146,151,151,140,144,139,159,136,157,154,157,161,159,172,145,163,150,147,145,157,162,179,140,153,145,145,157,158,129,158,167,150,128,165,144,144,141,150,145,139,145,150,143,140,146,140,142,144,161,138,143,150,145,165,163,151,151,145,136,143,153,142,148,152,146,146,146,141,137,142,162,146,163,141,149,147,152,152,141,143,154,171,154,151,162,150,161,168,147,128,147,156,157,135,143,140,149,155,149,148,147,138,155,149,150,139,142,143,156,162,143,138,151,148,158,144,156,147,158,138,148,163,149,142,167,170,143,140,143,149,159,147,165,131,168,137,153,156,148,154,153,139,140,145,152,148,155,173,142,128,147,161,161,145,140,159,162,147,149,155,150,132,149,152,137,134,161,155,136,140,137,148,135,153,123,142,164,136,154,160,142,143,144,146,150,151,152,127,141,130,143,138,141,153,140,144,151,153,159,165,151,140,133,127,150,150,150,136,155,152,147,123,140,161,147,145,142,118,165,153,150,146,153,152,149,161,157,146,159,138,154,152,171,170,127,166,156,159,140,152,148,140,147,148,140,136,123,165,158,144,152,139,153,138,160,154,147,147,161,157,146,150,165,148,167,149,154,159,169,155,172,139,151,159,146,133,146,150,140,146,161,155,160,166,156,154,138,156,139,152,147,155,158,172,161,166,155,152,140,138,146,164,153,149,147,140,158,160,145,159,150,144,157,149,143,141,146,153,148,159,150,162,141,138,137,144,147,150,142,143,149,146,161,154,153,157,159,129,146,142,146,151,156,146,122,150,146,145,134,168,164,154,152,153,151,146,137,154,150,147,138,165,153,155,152,166,159,148,163,167,144,149,151,164,157,129,138,127,162,160,164,157,147,148,145,134,159,144,146,136,155,149,131,134,147,135,133,157,157,136,158,152,162,157,142,144,165,153,154,158,139,142,145,153,175,140,153,140,169,165,144,137,139,152,145,148,149,150,135,177,143,138,154,149,142,141,146,146,157,159,156,153,150,144,153,148,146,151,145,131,152,151,153,156,165,162,145,132,160,137,154,150,129,146,149,151,148,151,140,156,147,154,148,140,138,146,153,144,133,156,147,148,157,140,161,151,151,138,142,151,139,148,168,162,117,147,157,152,133,146,158,172,143,163,149,167,157,140,154,169,147,157,138,163,170,148,146,164,154,131,148,156,155,163,172,159,158,154,158,141,146,147,140,154,152,157,168,168,165,148,164,144,145,155,148,163,143,133,166,161,138,156,141,170,150,147,149,159,142,146,163,137,155,163,154,152,128,156,156,149,150,156,150,147,146,149,139,129,136,162,154,172,140,153,157,154,139,156,160,148,146,147,150,165,164,158,146,157,148,144,148,156,146,148,145,161,151,133,166,147,157,132,139,143,137,148,131,160,136,154,156,138,163,146,154,161,165,167,139,157,143,140,150,148,135,152,146,160,158,153,152,164,154,152,145,154,148,155,166,156,135,157,142,146,143,149,145,144,140,161,147,145,157,140,156,161,155,127,145,142,157,147,143,150,159,157,153,148,137,147,136,133,158,153,135,164,151,152,173,164,158,135,140,153,153,129,152,165,161,147,156,156,135,151,163,150,156,143,150,139,156,161,162,152,143,154,141,151,139,130,135,153,155,127,159,147,145,157,161,165,154,140,167,145,143,168,161,155,129,136,159,140,149,153,161,143,147,141,149,162,136,149,150,138,154,159,156,138,149,144,136,170,155,144,145,147,127,156,138,141,142,166,135,156,149,143,157,150,144,161,160,158,152,142,145,148,161,148,155,152,146,146,148,140,154,145,146,157,130,153,145,148,149,146,120,165,150,155,163,158,148,157,157,142,143,156,137,145,146,154,152,162,143,162,153,147,153,158,147,150,154,147,135,151,141,151,153,154,162,144,156,157,151,157,144,158,168,155,158,154,152,146,163,141,128,144,156,166,148,166,129,152,161,155,153,160,149,138,150,149,151,135,162,151,144,138,156,142,141,154,145,145,153,157,141,160,151,136,146,160,139,130,149,154,153,137,137,174,139,162,142,154,147,161,152,151,142,145,138,161,169,143,163,145,144,151,145,131,149,146,146,163,140,140,148,147,145,144,154,145,161,145,141,146,166,154,151,165,159,150,149,139,167,136,168,139,148,143,138,166,145,167,145,147,138,140,153,155,138,150,171,145,151,133,142,147,152,163,135,161,160,153,147,171,150,148,162,153,158,164,163,160,178,149,136,160,138,157,148,152,153,160,146,153,155,153,152,153,154,154,157,146,151,149,140,139,158,138,155,129,154,144,124,147,163,151,137,136,137,165,156,137,134,167,158,174,133,138,145,143,157,159,158,150,161,152,149,152,155,165,157,170,144,164,147,141,142,158,148,152,157,151,140,149,137,133,155,158,149,154,162,150,139,152,157,151,148,159,143,132,142,157,162,149,148,138,149,159,140,132,141,157,155,158,141,164,153,154,133,138,146,135,161,145,155,136,143,148,153,161,159,146,153,160,155,156,136,132,142,150,156,142,143,160,147,154,135,158,143,152,165,142,126,141,151,165,147,165,150,144,143,154,152,140,151,166,156,158,151,135,160,155,156,130,152,159,148,150,158,155,154,160,151,163,144,145,142,137,145,151,140,160,129,141,159,150,156,146,132,156,148,166,138,145,148,145,150,151,129,148,130,120,140,153,162,143,159,163,163,144,142,158,140,155,147,148,151,141,148,153,158,148,146,137,151,147,174,157,132,131,164,158,166,160,158,147,145,176,159,144,154,146,147,142,142,154,142,142,136,151,161,155,148,160,149,146,152,141,159,151,129,155,157,137,147,116,159,159,137,152,136,159,157,141,156,158,148,139,160,166,140,165,120,149,174,143,160,136,152,172,172,133,156,152,169,142,182,145,140,141,145,159,148,159,145,158,150,120,151,163,140,164,149,144,153,147,166,150,140,148,167,154,161,169,155,137,146,139,147,158,157,151,128,156,142,137,155,161,134,148,158,140,168,149,147,147,158,152,133,142,149,156,139,145,144,155,166,165,157,150,157,151,143,159,158,159,143,141,144,155,146,163,156,141,146,153,151,150,135,155,151,147,142,147,138,166,135,143,141,132,139,148,153,157,146,148,157,157,136,148,149,145,135,124,146,127,137,126,166,160,152,152,165,148,144,167,152,137,152,148,146,156,152,142,153,147,146,159,161,157,145,145,145,148,153,149,143,150,142,159,146,140,153,160,154,158,145,136,132,159,154,149,155,149,144,142,158,128,155,136,160,145,158,143,144,148,152,162,134,128,135,153,175,168,153,154,156,169,161,158,153,153,137,151,153,133,146,160,139,156,137,171,164,159,149,153,155,145,164,143,163,131,149,141,154,150,161,169,149,138,144,146,149,137,159,154,187,133,140,146,165,152,143,144,159,144,161,150,164,151,166,161,162,155,150,142,147,150,132,147,177,152,143,180,130,146,156,152,127,138,144,130,142,153,145,136,139,170,160,159,133,155,140,142,134,161,162,144,165,144,166,137,141,152,167,154,148,122,147,150,141,150,156,155,123,140,133,144,141,162,148,163,147,153,151,155,137,164,152,171,136,160,147,163,152,145,142,158,153,153,131,150,137,147,162,148,143,159,159,158,147,168,157,144,148,154,160,145,141,151,154,141,132,161,136,155,143,145,135,153,166,142,133,147,152,160,146,143,170,151,164,165,156,158,149,141,149,146,174,153,160,144,161,166,158,152,153,137,155,147,138,141,150,151,175,152,150,142,132,146,165,160,161,149,162,154,168,143,167,128,133,158,157,145,152,137,170,138,162,156,153,160,133,152,132,156,137,138,158,157,146,146,174,151,156,145,163,162,149,154,167,138,159,164,160,141,138,138,156,142,154,152,141,150,146,141,124,145,142,159,161,158,147,158,144,144,139,156,150,153,152,144,158,176,142,149,156,149,148,165,158,170,156,164,141,146,143,145,147,156,165,133,150,155,143,172,166,161,176,154,165,146,161,148,164,130,154,157,132,135,166,168,143,124,152,137,159,148,148,161,150,143,136,156,135,140,151,151,161,136,145,144,161,125,163,171,154,145,154,138,152,146,146,163,169,148,140,142,129,130,154,147,156,157,146,143,143,148,156,143,127,154,158,149,149,153,164,138,151,136,162,142,173,160,160,154,152,151,172,139,132,149,159,140,145,157,169,149,167,138,152,150,148,148,153,140,156,148,162,151,153,151,167,162,160,161,166,152,158,136,146,140,167,140,151,135,144,139,162,168,162,151,150,160,137,140,144,154,159,151,138,162,157,133,155,127,153,152,155,160,136,162,135,145,161,147,145,134,145,157,139,149,155,151,131,158,153,153,153,160,171,166,148,137,151,156,156,142,151,149,141,137,157,147,160,160,136,128,169,151,154,154,142,144,146,153,157,158,144,143,163,165,156,156,144,156,138,144,124,138,136,148,129,155,161,143,153,154,168,148,159,159,131,144,155,151,146,179,171,148,152,151,151,152,160,164,166,167,141,157,159,144,167,155,141,138,155,169,143,131,157,157,138,150,149,144,156,172,147,138,146,156,161,150,155,142,150,136,137,164,157,145,148,156,171,139,136,147,137,153,148,148,164,143,147,147,158,155,154,155,151,146,158,151,166,150,161,138,146,161,143,171,160,147,154,173,159,171,153,140,140,135,129,158,164,133,155,147,166,145,153,146,133,150,138,131,157,148,127,175,145,158,149,159,140,171,148,147,157,138,160,148,146,156,154,148,156,148,130,155,143,140,142,147,146,149,149,156,142,160,133,148,143,140,168,157,142,156,165,151,142,153,133,156,153,141,166,150,150,152,139,151,145,144,160,134,167,154,164,140,152,138,140,143,153,145,135,140,159,142,169,166,144,151,150,155,145,161,145,150,153,162,163,133,160,157,155,144,156,164,152,170,149,142,152,144,164,144,155,154,171,145,150,144,148,151,174,155,146,156,168,162,168,147,164,140,164,141,137,157,159,160,155,164,148,170,149,156,157,161,150,153,147,140,140,140,128,136,149,158,158,149,141,131,158,152,150,160,155,154,148,148,145,145,154,136,164,154,141,149,141,158,136,155,170,157,145,151,149,165,161,163,155,154,141,154,152,167,157,147,150,148,148,131,131,144,140,135,144,150,141,166,163,176,142,159,156,146,152,151,160,147,125,141,173,151,150,143,155,154,129,160,155,148,150,139,159,136,152,141,150,144,148,140,135,159,162,173,167,145,136,142,161,145,138,156,148,155,150,113,141,133,155,164,162,155,152,151,163,144,170,165,143,150,149,152,154,135,156,156,139,157,138,150,160,147,158,157,152,148,147,161,151,147,150,145,152,168,146,171,155,155,148,160,154,145,133,144,145,148,150,144,140,156,161,162,149,157,155,160,145,150,142,138,151,148,149,151,145,163,146,141,153,159,137,149,153,153,155,143,158,147,172,145,147,155,143,161,144,153,141,152,162,175,153,157,136,154,149,171,145,142,125,139,149,144,128,155,164,123,145,151,160,133,146,150,142,156,168,163,136,152,150,151,149,156,148,159,141,140,158,137,139,158,153,143,149,144,147,136,139,165,139,144,152,172,136,139,144,160,132,133,141,158,161,153,167,149,149,153,165,146,151,147,142,151,155,144,155,159,147,161,154,153,147,144,158,165,163,173,152,149,136,139,134,148,128,146,142,146,142,174,169,144,161,145,142,164,160,156,162,145,151,167,141,143,145,130,156,153,145,144,162,127,165,156,158,159,132,152,148,154,142,148,143,138,145,148,150,140,154,151,155,154,158,148,144,155,143,142,165,151,164,138,150,140,127,156,145,130,136,153,148,133,146,144,150,158,155,166,155,147,150,165,156,155,140,151,161,163,141,135,148,151,141,149,161,149,157,161,145,147,160,150,155,162,140,157,142,143,164,144,135,156,140,157,148,158,133,134,142,161,138,142,135,144,139,140,152,136,139,151,151,158,141,160,131,141,155,148,121,176,138,151,142,150,143,160,148,156,153,144,143,143,146,146,153,150,164,162,141,137,137,134,138,152,157,125,167,153,152,154,153,148,157,140,170,135,150,139,144,144,143,147,151,145,151,154,152,157,150,167,155,146,153,147,157,153,153,165,164,141,152,143,157,144,147,153,152,155,154,146,145,153,134,136,151,142,160,151,157,155,157,154,138,142,140,148,141,151,141,144,146,150,156,141,144,153,142,137,150,158,132,143,164,142,149,150,131,175,162,139,144,147,143,173,139,157,147,138,164,151,158,155,172,142,139,155,137,142,159,161,136,142,162,150,143,145,154,141,153,159,145,159,131,120,152,145,166,176,159,150,156,154,143,143,149,146,134,155,157,146,144,154,133,160,160,152,163,140,145,152,156,156,153,149,147,147,161,147,161,161,161,152,152,152,153,131,148,139,150,157,153,154,160,150,152,164,128,150,140,139,150,147,144,159,148,145,149,147,144,146,144,137,152,143,162,139,165,158,153,172,156,157,163,166,160,146,152,155,151,159,145,149,136,156,155,156,152,152,152,162,156,152,141,147,150,143,132,132,153,150,145,154,137,155,149,148,143,131,150,156,148,154,138,148,142,134,163,150,149,156,142,159,171,171,139,176,160,119,152,127,147,136,151,153,151,155,154,164,150,147,149,155,150,143,145,154,144,146,140,155,127,147,147,140,154,161,154,155,144,142,159,162,151,151,147,168,140,151,147,150,138,158,163,155,139,149,166,164,155,164,153,157,168,138,141,144,152,144,165,165,139,153,159,141,154,156,151,147,125,141,143,168,144,158,144,137,147,154,144,143,146,157,148,156,153,167,164,144,144,140,159,160,148,149,144,146,140,139,154,161,161,153,155,164,148,146,149,152,147,134,158,159,158,155,141,140,144,148,154,165,146,134,151,132,143,142,136,143,143,153,155,143,152,155,159,142,150,164,146,169,155,156,147,155,132,143,151,143,160,142,139,149,143,149,150,159,158,142,167,154,155,161,159,166,142,125,134,138,149,148,142,144,149,146,137,151,145,140,143,144,161,153,156,147,158,138,164,165,145,140,142,145,149,145,143,157,157,167,146,150,159,163,140,143,142,134,155,161,151,152,139,143,167,167,155,150,144,150,148,144,152,161,171,149,144,159,154,140,163,137,147,144,137,141,160,141,148,136,144,156,155,135,146,156,161,147,170,136,140,147,146,146,152,156,156,162,173,159,155,139,152,156,148,147,141,162,145,154,158,157,143,147,145,156,156,160,140,145,122,145,160,147,160,174,146,132,155,150,175,140,158,135,166,150,140,159,140,138,160,157,133,149,159,144,142,144,159,153,148,149,155,150,144,143,154,127,150,152,147,158,163,140,156,155,137,142,144,152,143,135,155,158,147,168,140,147,157,147,147,153,146,152,147,129,147,143,140,155,148,148,146,130,159,138,155,153,151,147,132,142,137,129,157,140,151,146,152,145,130,175,151,144,130,122,158,177,141,139,141,156,155,152,164,152,165,152,164,137,165,138,151,156,155,142,143,148,160,156,135,141,159,161,159,138,142,144,168,145,153,154,149,152,150,147,156,158,140,153,154,151,154,154,141,150,154,135,166,150,149,145,146,138,145,161,154,142,158,156,159,155,149,153,148,149,146,159,143,161,162,148,146,142,147,148,144,145,150,159,139,159,136,161,157,135,157,146,136,137,139,136,153,139,138,158,150,132,161,126,152,138,145,153,144,151,162,166,137,165,172,143,144,155,163,158,150,145,129,152,152,153,146,138,130,156,145,159,154,138,141,129,152,160,152,156,142,131,154,132,149,160,138,160,132,155,164,167,149,162,156,156,151,152,153,151,137,159,160,155,141,156,152,149,146,151,144,155,149,155,162,136,147,151,149,161,152,162,155,146,153,142,154,136,159,133,146,159,134,165,161,140,151,144,159,159,126,129,151,153,134,150,140,150,158,150,161,151,138,154,165,147,151,164,151,148,163,133,148,132,156,149,161,141,146,155,137,160,144,122,159,129,148,142,141,136,157,160,163,161,158,150,149,150,149,148,151,144,134,148,163,158,150,151,150,150,164,131,158,145,142,166,136,163,146,140,143,139,148,147,142,136,148,161,153,148,154,166,168,136,164,169,147,153,153,152,144,154,151,154,174,147,141,150,138,151,146,149,155,141,148,145,166,153,156,150,154,147,147,134,154,152,164,164,157,136,165,142,155,167,158,149,146,161,139,140,154,162,148,162,155,150,149,161,147,152,155,158,141,141,154,159,162,146,159,147,151,155,149,164,158,145,162,128,156,148,145,143,150,160,150,136,164,140,146,154,137,137,160,144,166,149,139,164,149,169,158,154,144,149,142,127,154,154,168,145,164,154,151,165,149,157,158,155,142,148,140,142,152,161,145,166,155,150,137,143,159,145,136,135,146,154,155,143,139,154,158,143,163,159,147,143,132,132,146,153,137,152,159,146,154,141,156,169,157,155,162,184,160,146,161,155,147,161,152,143,142,153,145,141,146,151,150,134,153,151,150,150,152,141,148,141,161,148,152,162,145,154,153,137,154,165,135,135,140,144,171,159,152,150,146,154,145,141,129,147,156,154,159,151,154,156,157,157,132,142,157,148,141,143,139,151,155,173,153,145,164,140,155,160,160,152,148,134,149,146,153,151,139,147,153,151,143,160,141,164,146,156,146,144,147,129,167,161,167,158,150,135,153,140,154,134,162,155,142,134,164,150,150,178,131,152,165,153,141,138,149,142,161,160,154,135,168,147,156,165,141,147,135,149,140,134,149,133,164,135,164,150,150,145,156,156,130,133,150,140,168,158,136,165,159,164,156,150,151,153,147,158,152,148,145,153,152,148,138,137,148,147,146,149,152,157,140,151,145,144,154,165,154,152,146,154,140,158,144,129,128,153,134,139,154,155,164,152,145,151,161,139,138,133,157,165,147,141,148,146,147,149,159,168,139,151,147,149,134,162,143,152,140,153,142,161,144,146,170,161,163,147,152,130,159,157,140,142,156,159,153,159,164,160,153,152,152,154,180,148,169,151,153,148,168,142,129,147,151,127,146,159,141,151,145,150,157,149,149,149,144,154,157,131,144,144,137,146,150,171,158,146,159,146,155,148,148,151,161,168,149,149,151,159,130,138,150,148,141,136,149,164,143,136,154,160,137,151,142,148,159,140,146,136,144,142,140,151,149,153,133,144,150,136,148,155,168,134,160,157,152,162,142,147,158,152,160,132,148,143,149,171,148,149,144,163,161,161,141,151,152,148,148,133,129,144,154,156,159,148,136,163,132,137,148,154,142,145,155,153,147,148,157,144,162,143,155,160,149,145,144,136,154,144,142,167,141,130,152,144,141,156,159,164,155,157,152,148,146,140,139,160,136,140,159,159,122,124,149,170,158,150,137,152,132,156,141,149,161,151,148,159,138,153,148,137,147,154,158,152,142,137,175,146,145,149,137,166,152,141,144,143,155,158,161,155,144,160,140,153,144,170,146,141,161,159,142,146,146,154,145,155,156,132,158,148,119,129,146,147,168,167,155,158,161,139,161,153,154,146,142,170,161,163,145,147,140,149,152,168,157,155,121,141,155,144,165,141,144,171,150,165,147,151,159,153,143,144,157,152,151,141,142,130,143,146,152,147,152,135,135,144,160,150,158,146,144,151,145,150,153,162,158,159,161,139,152,139,160,148,150,134,148,163,156,156,165,143,141,154,147,142,161,153,145,148,151,152,148,140,148,137,148,140,156,153,152,146,142,166,163,131,140,145,161,138,160,130,145,146,151,155,140,153,140,155,156,143,140,157,144,138,150,155,137,158,134,140,157,143,154,154,155,142,152,159,155,155,133,155,169,155,162,176,150,153,140,142,132,133,167,139,150,165,143,144,144,153,147,146,133,146,140,132,152,148,153,146,153,150,133,158,129,156,146,136,147,146,133,148,151,146,158,157,153,155,144,148,120,177,153,133,147,157,154,162,138,161,134,153,142,155,155,143,144,141,149,156,152,157,136,151,164,144,151,132,151,154,161,156,167,145,137,138,145,160,143,139,145,156,147,143,132,156,159,139,170,148,149,131,143,141,140,135,148,141,144,158,160,154,154,158,153,162,133,158,134,149,155,131,138,132,151,154,150,144,153,138,144,158,148,154,148,145,157,140,147,166,140,142,141,146,144,139,143,131,156,135,145,145,167,143,149,143,167,148,136,146,146,130,146,160,143,140,162,144,132,143,170,165,160,145,162,139,158,153,151,157,142,159,144,153,158,131,154,141,148,145,148,154,163,147,147,152,154,150,161,158,148,151,151,163,152,154,152,144,143,140,143,148,153,141,163,153,141,130,171,144,147,143,153,144,148,156,163,149,134,165,154,161,144,146,148,137,152,156,147,138,152,159,166,167,127,132,137,141,149,163,155,149,177,150,162,162,149,156,129,160,165,170,143,150,160,148,150,152,151,168,142,150,156,162,154,150,145,161,142,145,144,172,153,131,167,150,138,142,147,151,157,146,148,158,147,146,165,141,170,145,137,150,161,164,149,145,143,139,143,142,144,154,155,160,137,131,157,164,143,152,156,145,158,140,164,157,150,155,149,155,156,144,143,137,149,140,153,154,151,133,154,158,146,143,145,168,162,154,136,136,151,166,148,151,124,145,143,138,144,157,143,148,152,143,162,143,141,140,159,151,132,155,161,142,170,170,148,151,157,152,154,139,179,149,141,147,165,157,151,154,136,148,160,156,163,156,163,153,131,142,145,145,151,151,158,156,159,150,140,131,152,162,144,131,130,161,155,153,135,165,144,144,143,159,158,143,149,149,142,163,155,169,157,159,145,139,148,161,142,147,133,155,163,158,136,133,140,158,158,139,171,154,152,140,153,152,156,146,151,143,153,151,167,140,155,141,161,143,145,150,153,144,175,140,153,157,132,136,171,140,180,156,147,134,155,146,151,165,178,153,143,139,144,159,155,148,144,132,169,150,156,152,162,142,150,150,156,171,166,149,156,154,142,156,134,154,157,142,148,145,141,145,150,142,157,146,144,146,140,142,130,163,152,148,152,159,141,157,160,154,152,134,157,144,147,152,148,144,152,147,137,144,147,146,150,139,141,149,143,149,127,166,162,144,154,160,149,164,149,142,162,146,155,149,158,148,165,141,159,159,147,154,157,150,144,135,141,145,134,145,163,152,145,163,138,147,148,160,160,145,154,159,152,154,149,144,153,160,156,155,140,145,150,146,154,153,134,148,164,154,146,145,148,138,152,149,147,142,137,130,163,140,165,139,167,147,159,161,158,143,150,154,142,151,159,130,159,137,153,151,143,143,129,143,137,157,146,136,152,157,136,153,141,142,145,132,168,143,147,161,153,171,156,151,160,145,165,137,143,179,149,141,158,152,150,141,147,150,131,149,129,171,165,149,146,140,154,152,147,146,157,167,153,135,134,152,160,153,160,160,158,135,141,137,148,161,145,157,150,145,147,148,163,151,151,154,167,171,148,167,138,152,144,136,139,137,147,154,154,138,136,150,144,139,149,150,147,157,149,150,154,149,177,177,119,145,162,140,156,126,159,133,147,150,161,132,152,147,152,156,156,133,162,156,152,168,157,141,150,140,134,136,156,120,137,144,150,166,157,149,151,136,137,145,157,158,139,155,136,158,147,131,156,139,148,132,151,138,139,156,144,142,162,156,136,138,151,154,148,149,143,152,142,155,135,159,116,151,165,161,148,149,161,141,155,134,183,163,146,142,172,140,152,138,156,139,140,118,146,143,143,151,150,140,151,147,171,142,124,147,136,150,147,137,131,146,179,144,160,145,155,145,131,146,143,149,144,161,141,171,145,145,173,150,145,158,158,149,165,144,157,148,161,141,160,148,158,135,145,147,162,160,162,157,137,142,155,164,158,150,158,142,138,156,171,173,148,154,154,150,140,169,136,160,141,152,159,147,145,141,144,154,150,147,163,144,152,150,148,163,140,145,156,154,134,151,151,144,151,151,157,144,147,146,148,136,147,167,143,144,144,165,142,157,148,141,147,151,144,147,141,150,142,131,163,146,142,157,171,133,127,147,154,135,142,157,151,153,137,168,132,155,162,150,157,159,143,159,145,157,151,148,141,139,143,154,142,150,151,150,162,163,145,127,172,148,157,135,142,148,137,134,144,145,153,152,152,154,144,141,133,144,161,149,135,153,131,152,139,164,147,153,151,144,148,145,158,148,134,154,156,137,152,167,136,152,143,144,148,139,163,141,148,139,132,161,144,155,139,136,137,152,142,159,140,161,138,159,157,134,146,158,149,167,166,159,164,147,141,162,153,160,171,139,154,135,155,143,133,157,165,159,157,161,137,148,169,146,139,138,149,162,137,135,157,147,144,149,168,152,144,169,148,149,141,151,173,175,163,150,147,149,147,146,150,160,162,150,150,160,145,154,144,160,140,168,142,147,160,166,140,146,142,156,135,149,141,126,158,167,143,147,137,144,139,138,139,145,168,143,157,160,152,145,143,134,175,126,142,147,134,133,150,149,155,147,141,147,127,159,145,151,143,140,145,155,161,141,130,146,146,166,157,137,161,145,144,151,163,151,152,153,153,155,141,169,144,148,146,151,155,162,131,170,159,144,135,148,148,147,156,145,151,155,167,169,150,156,133,156,148,133,143,153,162,124,139,146,170,149,161,137,154,153,146,160,166,147,148,154,152,166,141,163,148,160,167,168,158,135,163,171,160,160,143,148,171,157,157,141,142,159,166,130,158,146,137,138,141,170,149,157,142,147,163,140,165,158,137,155,144,162,118,162,143,163,170,138,150,141,156,142,128,141,152,138,153,155,142,136,150,149,146,150,153,151,158,134,153,164,147,134,151,156,149,148,161,156,158,165,153,161,150,156,152,145,147,143,160,146,160,140,142,162,139,159,141,143,155,152,137,155,153,144,159,115,146,146,141,135,144,148,139,144,141,158,152,138,142,155,141,156,145,159,162,145,154,160,153,133,148,177,161,140,144,134,152,153,166,135,149,135,138,147,152,144,147,142,161,156,140,146,152,168,134,155,134,165,159,156,151,145,143,148,139,153,147,150,141,136,166,136,157,161,159,147,145,137,164,175,154,158,154,160,136,140,167,143,152,140,128,154,143,142,151,148,141,143,138,135,161,141,131,146,149,153,159,137,138,146,148,156,147,159,152,157,160,156,150,157,150,163,156,148,137,170,144,144,141,159,147,131,169,153,149,147,139,150,151,162,152,147,150,144,172,159,157,151,166,148,149,158,134,155,145,138,154,144,126,157,162,138,160,146,143,150,143,162,167,147,152,154,139,164,152,151,162,126,142,165,149,145,147,135,157,140,142,148,165,142,154,148,172,155,150,145,133,154,156,143,151,161,151,156,159,148,132,143,143,161,144,144,151,155,147,159,157,144,149,139,133,129,146,143,144,172,149,163,154,164,142,163,157,149,152,168,158,148,147,146,160,149,149,158,168,145,156,155,157,139,147,147,146,154,155,152,147,167,158,152,167,146,157,154,149,149,162,167,118,140,153,148,159,145,141,153,136,155,139,149,127,158,137,149,155,147,151,145,140,155,146,152,144,154,172,159,128,151,157,131,133,153,141,159,149,155,163,154,166,145,149,157,139,147,135,149,151,144,165,137,180,143,165,153,155,146,130,135,155,164,136,136,141,146,154,134,148,150,142,167,147,160,151,131,164,166,151,153,142,150,151,131,139,130,155,140,133,161,165,145,164,151,152,153,140,149,166,164,143,153,169,142,154,147,148,141,151,140,147,171,131,164,159,165,152,141,167,151,146,140,143,139,158,150,150,138,136,159,152,161,152,149,154,143,155,150,172,140,163,146,150,167,137,154,152,153,154,152,134,147,156,137,145,140,126,148,149,145,165,143,140,163,135,156,132,176,162,165,163,139,150,140,146,153,141,160,153,162,162,146,139,150,138,145,132,124,137,149,155,133,150,133,171,139,155,154,174,148,131,154,152,147,154,159,143,159,152,129,156,160,136,146,139,157,153,152,154,151,159,132,147,132,152,155,142,186,158,153,142,165,155,166,156,148,146,155,172,158,148,129,142,149,147,162,150,129,130,132,141,150,148,141,159,160,153,136,151,147,148,139,146,139,160,146,144,136,168,154,143,163,147,164,170,137,155,141,137,150,154,145,129,149,144,146,156,159,147,143,138,160,166,118,150,165,139,141,139,153,161,144,155,159,152,142,155,145,143,144,137,134,151,157,156,151,139,132,155,144,156,159,150,159,162,150,148,136,132,136,152,143,155,160,126,152,146,145,166,145,148,158,135,158,144,175,151,161,154,153,159,143,157,160,156,156,135,163,141,146,150,144,131,178,152,152,162,160,160,145,153,156,146,149,144,154,143,161,156,149,152,138,147,151,148,155,156,156,156,140,125,160,145,154,174,155,153,161,152,152,147,143,139,150,160,161,135,157,125,123,139,151,159,144,132,152,168,150,166,147,156,172,159,141,143,139,135,163,143,143,163,159,154,160,147,146,145,145,146,148,147,146,144,163,144,146,159,153,149,150,155,160,154,139,178,143,162,145,151,148,164,153,163,152,154,140,161,150,151,141,137,162,179,139,149,151,139,137,132,143,155,138,136,138,165,147,152,148,165,148,159,136,147,148,144,156,166,149,152,147,163,137,165,150,148,154,147,152,149,160,150,147,146,167,149,162,156,143,156,152,143,147,142,159,144,137,146,143,139,163,132,166,156,153,147,150,161,138,164,122,159,138,151,153,148,131,157,151,167,158,157,152,156,147,152,134,147,149,156,141,150,165,148,151,142,138,143,148,155,151,149,149,165,154,142,151,153,158,140,135,163,151,151,158,169,130,153,152,136,141,137,154,149,132,172,150,148,166,135,141,131,155,165,163,152,146,164,157,166,143,142,145,155,143,157,138,155,160,141,158,146,159,153,160,152,171,147,129,146,153,148,147,157,156,150,140,157,151,140,137,141,157,165,164,123,159,143,154,151,156,147,158,162,149,143,148,140,160,142,145,158,144,129,138,154,147,157,169,147,146,141,141,159,152,157,162,152,138,155,149,157,148,142,136,156,166,140,159,134,154,157,159,135,139,161,166,151,132,167,174,154,146,134,142,146,149,158,144,137,157,149,153,165,144,155,145,135,150,158,142,136,150,138,155,136,149,138,138,147,144,158,140,158,143,124,151,155,152,141,152,163,150,152,160,154,146,124,144,148,145,152,146,160,142,161,148,132,154,157,137,141,162,143,154,159,158,148,142,149,152,165,135,147,162,138,157,135,150,138,153,166,155,142,152,137,146,155,148,145,165,152,132,146,135,148,153,136,150,119,156,146,159,133,155,151,146,150,147,150,141,149,166,139,166,153,171,148,126,145,154,139,147,136,152,160,145,158,145,156,147,148,130,146,153,170,148,137,134,155,159,142,168,157,135,146,160,177,162,148,137,171,145,152,147,152,138,150,141,145,159,156,150,137,154,129,156,130,142,155,149,148,149,170,139,162,154,156,156,132,126,144,143,146,150,159,136,151,152,141,167,139,145,180,169,152,135,154,151,166,144,156,148,137,151,146,129,166,158,161,153,151,151,154,155,157,156,155,163,173,147,160,136,145,152,144,148,167,159,147,135,158,148,136,142,165,151,137,155,141,138,171,159,132,154,154,143,148,155,152,144,148,148,156,147,161,132,173,144,175,153,123,134,147,163,158,172,149,153,175,171,155,159,159,155,157,144,139,144,144,148,138,162,143,146,126,155,161,147,151,154,160,151,155,170,152,156,153,135,146,168,157,163,154,145,151,149,147,158,161,151,151,127,144,144,146,141,151,135,139,154,148,142,155,141,176,154,150,159,146,162,148,140,144,160,148,160,154,151,138,139,147,162,147,143,148,145,155,163,140,153,163,141,161,148,150,144,147,153,138,150,162,145,132,170,136,136,163,168,150,156,144,161,155,143,157,159,146,161,151,144,155,139,149,149,163,158,159,137,145,145,145,136,155,166,142,162,145,172,163,153,151,142,126,141,151,149,149,154,143,132,159,151,129,149,141,174,135,133,164,168,156,148,160,142,132,161,164,137,147,158,141,155,141,153,141,161,150,144,150,146,167,159,149,144,152,154,148,148,150,154,162,145,159,184,136,144,129,133,163,148,156,143,148,144,146,148,154,126,147,141,173,135,167,148,135,149,135,132,137,147,133,141,139,145,148,147,134,158,148,138,152,136,156,149,147,133,159,171,139,164,149,155,155,155,162,145,155,155,153,151,131,159,160,151,150,172,159,147,157,132,134,163,158,130,144,147,149,177,147,164,148,169,144,147,146,163,136,150,163,142,145,135,146,143,145,165,134,154,144,160,169,149,171,146,144,138,155,141,153,151,139,175,157,170,141,155,150,157,162,138,143,158,146,161,134,137,131,144,144,146,162,144,133,160,145,153,157,182,150,154,136,163,149,147,143,163,162,140,169,150,171,141,169,147,159,134,135,123,167,148,155,141,150,145,155,154,134,140,132,162,144,135,157,148,146,159,145,160,151,148,149,149,149,152,148,126,145,144,157,133,152,136,147,154,156,116,138,117,125,150,131,157,151,150,154,143,155,166,144,141,153,152,139,164,155,144,133,149,144,168,141,168,147,161,143,144,155,135,150,150,148,142,164,158,142,159,140,146,153,136,142,146,137,132,149,150,155,130,148,152,158,153,139,150,152,163,155,154,148,147,131,133,147,155,144,167,146,164,151,170,140,147,150,165,136,139,145,149,140,167,149,149,145,143,161,149,130,131,145,162,158,135,168,144,140,156,167,164,144,152,152,143,138,155,153,144,145,164,145,143,145,146,158,137,138,159,146,141,147,155,165,151,160,142,143,162,163,140,140,144,153,138,147,133,156,151,145,140,164,152,142,140,144,158,160,162,137,135,141,157,155,153,155,144,150,134,157,137,132,148,138,155,163,148,153,141,136,138,165,144,139,147,161,139,166,142,143,150,170,144,152,135,149,161,142,140,143,150,154,149,144,134,157,165,148,158,159,152,138,173,163,140,146,145,147,138,167,140,157,128,138,135,145,140,151,162,143,160,157,140,139,148,142,157,156,138,145,137,140,162,155,142,143,154,154,171,144,150,159,160,176,151,165,127,158,157,161,162,145,162,149,139,141,163,131,139,157,159,156,159,143,169,146,143,160,144,145,139,158,144,154,167,152,162,152,177,149,153,156,158,139,155,171,150,150,163,161,146,140,146,144,155,149,160,155,150,139,145,153,176,166,157,155,170,144,141,151,157,150,156,162,173,163,161,143,140,143,155,138,169,158,157,127,143,139,146,148,157,161,144,150,142,164,155,148,155,139,137,128,140,156,121,153,139,166,137,154,159,148,151,168,164,151,144,139,153,144,150,159,157,141,145,155,158,154,162,162,158,157,146,134,138,145,155,149,151,139,147,137,135,149,141,162,128,174,152,151,168,144,141,156,164,148,168,137,165,150,157,131,145,162,169,142,147,162,127,147,163,153,134,146,133,158,146,133,148,146,154,156,144,150,148,159,154,146,162,153,151,148,160,151,141,134,145,157,145,138,158,138,148,150,146,160,144,153,158,148,162,139,136,131,150,153,151,147,135,147,129,156,157,132,142,162,188,150,157,155,153,156,147,164,146,145,162,159,152,140,150,156,151,160,161,143,148,150,158,153,147,141,135,144,158,141,132,132,150,154,144,129,145,146,139,145,155,143,148,153,153,163,149,164,148,151,159,159,146,150,140,159,156,138,149,127,158,157,148,152,150,155,148,151,142,145,150,168,149,160,162,138,165,138,139,166,143,130,129,150,144,144,160,155,156,171,138,164,139,137,146,143,164,141,137,145,137,161,144,158,139,169,153,144,158,140,156,149,156,152,145,135,132,165,144,172,136,149,141,155,158,169,143,156,129,158,155,155,139,148,163,132,171,141,165,152,163,155,163,150,148,156,144,135,148,167,149,141,149,140,137,151,156,152,154,162,129,136,165,157,146,155,172,170,157,149,163,163,161,154,126,163,152,163,173,151,144,149,143,155,143,157,161,161,157,150,146,161,145,141,164,146,156,152,151,160,140,156,134,163,154,157,156,150,159,139,162,174,154,145,154,152,141,168,140,169,149,144,164,165,156,136,155,153,162,168,154,138,147,171,156,150,152,137,149,134,150,148,158,165,171,170,149,154,151,153,134,144,167,151,154,136,151,137,156,154,164,145,162,150,155,145,155,163,133,150,146,154,134,134,143,155,153,142,153,163,138,147,165,137,147,124,162,130,137,173,136,145,148,151,166,155,160,147,145,151,145,142,151,146,121,161,128,152,146,173,144,148,149,135,121,153,148,132,158,139,136,143,149,149,124,136,148,148,164,156,152,155,145,155,128,143,142,149,137,153,140,142,151,142,150,153,156,141,137,130,135,131,135,125,137,162,136,139,145,160,147,148,147,131,135,150,154,167,152,153,140,169,144,163,145,166,143,143,148,140,154,154,167,155,148,148,130,151,165,138,140,155,135,130,145,156,162,144,168,153,138,137,167,153,149,136,162,161,141,156,145,147,143,163,136,138,143,144,143,151,134,178,140,147,139,145,159,159,151,147,162,142,162,139,155,158,150,127,159,165,157,162,152,158,167,165,144,145,152,135,157,149,134,149,153,172,151,160,162,140,146,146,144,152,147,144,144,147,157,143,150,158,160,150,157,144,146,153,167,148,144,147,146,134,136,140,159,151,156,139,151,154,170,160,163,149,164,163,144,141,142,157,144,155,155,159,128,152,154,143,148,141,150,160,149,171,137,138,128,153,157,147,157,160,147,155,144,161,146,128,152,129,148,149,159,155,135,133,137,130,145,166,128,143,156,153,149,143,153,154,171,153,146,153,123,141,137,136,144,139,153,162,146,155,162,160,163,140,162,142,157,148,149,152,162,159,153,152,143,172,141,141,155,131,147,144,161,146,131,150,156,148,129,138,146,136,165,165,166,154,144,159,144,135,173,169,137,146,151,152,156,158,161,160,148,157,163,142,151,152,134,152,146,162,140,146,171,138,153,151,145,138,125,153,160,154,153,143,144,153,158,147,157,143,151,153,145,152,147,140,163,170,165,164,150,162,135,157,153,157,144,145,149,139,159,154,139,168,143,162,148,156,155,150,151,140,151,142,138,128,137,129,152,150,133,144,131,147,132,162,153,160,137,154,179,131,158,153,168,146,164,152,132,138,157,142,139,157,149,139,136,150,169,132,171,149,159,149,174,168,155,156,134,148,151,153,126,146,133,138,169,145,147,146,137,142,154,155,158,145,126,162,134,159,156,152,143,144,150,148,151,159,155,158,158,156,148,165,149,150,167,150,166,144,154,141,154,145,155,136,132,145,149,155,142,167,145,151,136,145,173,142,143,149,160,144,152,137,157,165,158,141,145,173,155,156,171,149,156,144,145,158,148,154,142,142,143,146,136,144,146,138,163,145,143,143,161,148,150,138,142,156,146,152,154,127,134,145,140,162,160,157,154,141,154,164,149,145,141,155,143,153,142,151,129,149,138,158,139,164,180,142,151,130,145,137,141,145,146,152,155,150,164,148,141,153,166,150,145,156,137,126,155,151,150,163,143,148,143,138,150,159,135,157,142,157,134,142,133,150,148,158,149,148,145,142,149,132,148,161,149,144,157,148,141,160,151,154,160,157,146,144,146,157,165,148,153,146,147,149,160,149,144,150,144,162,146,142,136,140,162,170,159,151,147,149,134,160,162,152,146,152,156,160,135,144,153,147,139,153,151,162,138,132,141,137,146,142,145,155,150,151,145,141,120,164,163,138,137,147,152,134,141,162,152,159,153,165,157,167,127,162,148,156,153,153,153,170,151,152,135,147,160,146,149,148,145,154,160,151,134,159,162,146,163,151,145,154,151,148,141,151,119,145,157,135,168,149,128,145,170,132,152,145,150,152,140,144,152,157,153,151,157,140,160,160,141,142,153,172,148,147,149,134,139,143,165,147,143,153,145,147,148,134,165,130,152,171,155,156,158,151,158,143,150,162,153,130,137,154,146,146,136,150,130,143,145,154,165,144,159,151,152,129,169,150,138,132,154,127,149,155,139,154,139,135,133,156,148,145,160,134,141,160,131,164,155,155,151,146,161,142,136,147,146,148,164,163,151,159,149,148,149,143,145,156,146,151,138,146,163,144,162,149,145,146,162,150,135,153,160,150,135,151,149,146,151,159,153,160,161,159,149,164,146,140,142,144,175,143,134,154,148,156,158,143,154,122,151,150,146,133,139,136,131,133,139,161,143,143,145,131,153,154,158,164,148,178,129,164,137,141,157,156,146,156,146,149,168,151,142,154,144,135,169,166,141,136,140,150,161,145,138,163,166,127,141,137,156,151,149,143,131,163,146,149,141,167,150,141,152,168,145,138,146,154,131,141,150,142,156,120,142,139,158,135,170,149,166,147,147,150,130,138,151,166,152,160,156,151,162,148,124,163,154,160,164,164,147,146,157,170,146,154,150,150,135,146,147,125,155,137,163,143,134,135,150,142,149,156,143,151,165,157,149,157,142,161,158,168,161,132,148,153,140,141,145,127,136,146,155,139,156,145,142,141,138,151,139,132,166,157,155,148,153,135,138,146,145,171,148,155,143,163,142,153,151,139,143,143,147,155,165,151,158,150,147,138,144,148,146,143,164,157,165,160,139,151,142,151,154,160,151,163,160,154,140,158,151,161,134,154,159,134,161,150,159,143,151,159,152,151,145,153,147,139,149,149,152,157,141,142,156,142,161,151,137,154,174,153,148,134,160,158,162,145,145,140,131,148,160,156,165,157,136,156,144,153,156,144,143,138,156,143,153,162,145,145,153,154,166,150,140,147,159,163,153,150,166,147,168,139,135,162,155,140,141,148,140,149,136,141,162,140,136,146,166,161,122,155,154,151,152,148,144,146,135,155,153,148,133,147,164,138,146,165,150,154,161,144,158,145,146,155,149,135,148,148,161,145,143,146,151,142,146,138,147,156,154,129,134,154,159,149,158,156,140,130,134,147,141,149,157,145,142,149,147,160,130,156,142,134,158,155,147,143,145,135,161,157,124,156,150,135,140,160,160,130,161,153,155,153,157,165,143,159,152,140,159,141,148,155,137,151,148,132,139,152,145,157,153,134,168,148,122,145,147,161,138,148,164,152,144,144,126,171,149,155,142,155,148,169,157,161,148,151,155,139,147,153,145,141,143,149,136,141,147,143,150,140,153,138,155,146,152,154,144,157,153,157,154,157,149,155,160,144,155,148,154,150,138,156,142,138,144,159,149,150,151,141,161,145,135,149,143,163,126,145,155,143,157,135,156,162,155,144,146,143,148,149,159,162,136,135,137,161,159,164,151,141,154,146,166,145,149,151,143,173,143,172,177,157,144,143
161,163,150,120,155,159,150,147,159,152,137,145,141,141,148,156,142,147,155,157,148,151,158,144,135,159,152,141,153,135,169,154,150,143,167,175,156,139,157,156,151,148,159,125,149,159,136,153,152,146,163,133,147,143,155,157,174,148,140,157,149,143,158,139,162,136,140,142,144,147,150,150,160,152,150,147,133,172,156,139,142,135,152,159,165,155,139,148,159,146,153,148,156,162,153,160,148,140,168,146,154,156,162,135,158,154,176,134,150,147,160,160,148,153,149,153,146,167,160,155,165,154,141,145,147,160,150,146,134,161,174,153,160,147,153,145,151,136,159,151,134,140,146,136,169,151,141,147,145,155,154,158,155,150,166,161,140,165,140,142,142,144,148,154,155,153,132,148,157,145,143,154,149,149,126,161,146,162,148,143,134,138,147,141,151,146,147,162,155,152,141,132,151,143,176,151,153,155,143,152,134,145,159,153,127,163,143,157,155,162,155,140,151,155,139,152,145,133,157,149,160,156,162,158,144,149,126,155,174,140,156,136,154,158,142,153,154,153,160,154,157,150,177,143,152,157,148,140,155,150,147,137,151,162,143,152,150,155,154,149,135,158,134,165,141,153,170,164,164,146,158,155,151,153,143,151,144,149,142,148,151,163,129,136,143,135,148,120,152,147,150,142,144,157,130,140,155,157,165,148,149,156,159,146,171,140,160,145,152,167,152,129,154,152,156,147,161,147,160,171,146,141,126,139,155,159,150,161,140,146,139,175,159,157,151,172,157,149,153,141,147,167,132,157,145,137,143,139,157,152,135,172,171,144,149,146,147,163,157,144,136,155,143,149,145,152,151,140,170,162,132,147,129,145,165,151,141,157,162,138,146,154,145,156,152,157,151,144,149,149,153,156,138,173,145,152,141,145,170,156,153,143,139,145,132,141,143,149,147,153,149,137,164,164,146,139,150,142,140,146,143,158,150,137,155,146,149,158,131,136,148,149,162,149,147,154,143,135,156,132,150,131,160,155,155,131,156,150,150,154,153,145,142,152,155,141,145,142,152,147,149,152,124,135,126,164,152,147,158,161,143,144,146,174,149,139,157,131,137,150,149,152,157,156,148,150,157,145,155,152,155,157,164,156,145,134,162,145,137,132,155,153,152,157,150,159,140,143,145,139,172,146,150,150,160,141,148,164,147,160,136,147,160,151,137,138,146,152,158,141,140,161,148,169,168,154,165,148,129,138,151,154,146,166,140,145,132,153,150,174,164,147,173,125,154,151,154,159,156,135,158,158,155,166,161,141,141,156,139,150,160,136,144,164,156,165,138,160,163,141,140,144,137,146,154,147,153,160,138,150,151,127,145,152,167,138,156,156,140,146,159,150,159,143,138,166,157,137,167,138,143,159,164,139,143,146,144,147,155,147,157,146,158,150,141,159,141,135,147,146,155,137,154,160,151,157,141,143,153,129,152,143,148,149,159,167,149,153,148,149,149,171,149,152,164,148,145,143,166,154,142,140,142,153,134,121,142,144,146,164,144,148,143,152,146,160,165,138,138,140,141,145,152,135,139,158,155,163,150,150,136,161,151,166,165,163,161,135,159,160,154,153,130,142,155,159,160,136,138,158,144,139,127,140,179,141,148,139,179,154,149,146,150,131,140,143,161,147,174,164,148,148,151,140,153,133,158,162,155,138,144,149,150,156,152,150,148,152,118,150,166,155,142,150,163,157,142,148,153,147,136,146,152,140,158,141,148,162,135,152,167,159,135,151,158,150,156,154,142,132,166,143,167,142,135,155,144,157,146,143,157,161,156,167,139,167,156,154,161,148,153,141,155,151,154,153,148,153,146,145,156,129,141,160,167,146,149,136,158,172,163,169,144,140,145,137,166,161,146,151,140,148,131,148,157,157,142,165,144,148,154,158,156,167,168,135,165,142,171,150,143,135,134,144,154,156,144,148,142,145,151,149,160,143,167,148,151,169,137,146,145,167,154,144,123,156,133,164,146,131,159,163,149,144,147,154,148,143,143,151,153,126,144,162,143,139,159,133,135,165,140,148,156,153,137,142,164,134,146,132,160,151,142,138,145,156,155,145,158,152,131,144,136,152,144,156,144,145,166,151,152,143,166,155,142,142,155,153,152,156,142,159,150,142,138,136,152,140,154,153,149,133,163,159,159,155,137,131,146,146,150,143,149,134,160,149,157,144,146,142,157,160,166,142,139,148,151,164,144,149,141,145,152,141,128,130,147,164,153,141,154,161,150,149,168,156,177,146,145,150,149,144,135,123,151,153,148,144,161,131,151,144,154,148,144,145,168,156,165,153,149,142,156,164,165,143,165,171,149,155,146,153,142,153,158,158,152,151,141,157,135,159,142,160,141,139,148,159,165,168,154,150,142,142,147,163,163,146,124,125,153,144,139,166,165,145,145,146,164,152,157,141,153,141,137,142,159,156,159,151,139,130,164,157,148,140,148,148,161,155,138,133,157,149,148,143,167,167,166,164,147,129,161,152,141,152,156,154,149,141,138,179,131,144,148,149,150,142,147,161,147,159,172,151,146,157,137,157,168,158,132,138,156,172,144,145,158,135,153,149,150,141,147,153,147,137,163,153,141,149,141,147,151,141,147,145,145,146,141,145,159,171,142,134,166,155,143,153,146,151,170,155,129,161,146,146,161,145,157,151,163,149,159,133,142,158,133,166,147,156,161,144,159,151,132,147,159,154,135,160,149,149,136,162,143,141,152,160,149,131,143,142,146,139,134,150,157,137,135,135,156,146,162,140,146,154,164,152,147,153,153,164,145,137,146,159,165,152,156,176,145,125,151,148,149,144,145,152,139,145,156,148,146,140,149,162,150,138,150,155,132,153,151,130,153,163,153,167,140,148,152,145,133,132,145,146,156,146,166,177,148,164,156,160,146,145,138,163,153,157,141,167,161,139,145,161,152,146,142,173,157,139,169,151,150,138,148,136,146,143,149,148,131,164,141,152,140,154,133,170,155,164,145,145,150,149,150,155,152,139,140,142,144,167,163,168,154,155,129,143,152,140,153,158,135,152,152,149,160,164,145,144,136,156,145,150,162,156,137,147,152,145,155,157,150,144,141,159,145,145,147,146,136,150,149,135,162,137,161,140,163,144,136,166,125,147,155,139,168,136,154,150,152,132,153,137,149,143,138,161,152,145,151,155,155,143,161,160,148,143,148,139,162,152,158,154,147,155,150,153,146,145,135,158,149,151,165,155,158,166,143,137,145,163,172,149,156,165,154,154,158,157,140,137,147,140,150,160,157,154,143,133,152,159,168,159,151,140,148,154,138,150,141,153,156,129,162,161,161,160,157,158,142,162,136,157,136,153,153,159,138,148,156,166,154,152,149,132,162,150,153,170,150,135,154,144,151,161,128,142,144,154,143,152,141,157,136,152,145,150,172,154,140,154,139,151,158,164,152,159,140,151,148,143,117,139,128,153,159,170,155,147,135,163,148,153,169,134,145,146,131,157,138,150,158,141,151,163,161,154,147,137,154,142,157,143,145,124,147,165,158,133,154,159,143,135,140,158,144,142,153,156,152,155,153,145,151,165,144,166,150,134,155,152,157,159,143,136,147,146,150,181,151,145,142,143,145,143,147,133,149,158,160,152,154,149,139,162,152,148,158,139,132,161,153,155,150,150,149,160,150,174,139,164,135,151,166,148,136,128,140,148,140,168,153,158,157,149,136,140,146,137,140,148,154,145,147,151,139,151,141,146,150,154,163,156,144,131,152,175,159,173,150,127,157,138,159,149,160,154,143,155,139,133,157,138,139,150,139,142,160,157,135,150,155,143,153,154,153,135,150,153,149,140,135,166,141,143,155,162,170,140,145,144,147,144,159,158,157,161,158,148,152,147,152,150,159,140,173,161,151,165,159,137,157,138,160,149,143,156,147,149,148,166,136,144,140,146,170,142,143,160,160,158,174,152,162,146,129,158,158,153,148,162,140,159,153,146,161,154,142,149,148,128,146,142,147,143,158,136,157,155,155,156,180,161,140,167,158,141,161,150,141,142,146,154,153,154,147,168,155,153,145,146,136,148,162,143,137,155,139,152,141,130,149,144,157,152,143,142,158,153,150,162,150,142,140,143,156,166,155,165,130,152,155,150,146,139,152,155,150,148,164,167,156,132,135,139,139,141,155,156,158,149,152,150,141,151,156,157,156,154,142,142,158,145,136,150,147,147,139,120,153,144,139,141,133,151,141,146,154,144,143,140,154,133,143,140,152,162,149,155,152,159,139,148,137,143,105,163,134,139,153,171,139,164,170,161,158,129,137,140,169,145,149,151,143,148,155,154,141,143,169,156,161,142,143,154,145,151,164,158,152,151,138,150,141,134,157,129,135,147,150,136,152,159,161,134,152,155,152,168,147,156,164,142,147,130,149,149,142,138,138,138,148,149,145,146,140,152,147,152,141,144,152,163,135,140,147,146,154,152,150,154,157,147,149,149,159,132,147,147,147,136,142,154,142,144,153,155,141,173,159,141,137,156,146,136,149,145,158,166,156,142,127,153,159,139,146,156,151,131,145,147,151,127,161,168,147,171,136,154,158,159,154,141,146,145,150,139,139,138,153,173,146,155,154,149,155,159,134,156,165,168,162,140,169,126,131,142,144,149,152,163,140,133,143,159,147,142,153,166,133,177,150,149,152,145,160,138,149,147,151,132,157,153,164,164,154,159,142,150,151,144,147,132,145,124,172,163,145,138,133,138,148,147,133,125,155,143,162,146,137,162,161,141,165,164,158,157,157,153,157,166,137,156,154,151,150,157,148,177,129,144,147,146,147,140,142,142,149,151,157,129,171,148,143,153,163,164,143,146,142,159,166,155,132,163,155,148,166,151,153,157,144,147,165,152,142,144,147,153,153,157,153,153,156,151,161,145,168,155,145,166,146,136,154,140,153,147,142,155,152,150,151,134,142,149,148,131,132,144,155,126,145,159,137,149,158,150,155,123,156,150,127,146,149,143,158,145,160,161,141,138,173,159,143,139,142,154,150,150,143,148,141,154,145,161,137,149,153,146,155,147,136,153,143,139,155,159,149,143,157,144,159,152,135,130,144,137,154,177,128,144,148,139,150,138,167,148,148,137,143,138,131,135,153,144,156,149,170,155,148,151,137,158,154,152,150,148,153,152,143,141,160,145,162,140,141,148,142,156,141,149,146,143,157,151,135,148,159,152,144,159,143,151,150,140,154,165,147,140,143,146,147,155,153,159,152,126,151,141,164,159,148,143,146,165,141,140,160,149,124,160,130,148,152,143,163,141,142,141,153,158,152,154,161,149,140,142,152,168,143,145,163,138,154,134,147,133,142,157,174,140,158,150,149,167,146,157,149,149,148,132,156,140,146,169,152,142,141,156,155,154,169,138,133,155,151,142,156,161,170,164,157,155,149,152,157,144,150,141,139,143,141,143,144,145,150,163,148,166,141,135,144,145,157,152,141,169,126,144,168,150,146,167,141,153,150,141,156,152,136,153,139,147,156,142,139,147,164,151,154,143,155,158,166,166,149,145,143,145,157,138,132,165,138,131,155,142,153,157,156,157,162,158,143,155,165,154,156,148,152,131,156,130,149,136,152,145,153,152,150,163,143,171,144,157,152,152,134,148,153,139,161,160,166,151,145,135,151,142,137,140,137,136,141,155,155,150,152,167,149,159,158,148,145,155,156,148,153,138,157,156,163,152,148,153,144,140,151,131,166,153,158,149,142,155,138,146,157,150,151,160,133,141,173,154,152,140,145,150,150,144,160,128,158,132,149,145,148,153,151,151,146,153,156,151,146,138,139,146,163,147,162,165,151,143,159,166,144,158,146,150,146,144,148,142,138,152,163,146,139,163,146,136,155,136,160,157,184,155,156,163,155,152,145,165,141,128,151,147,145,163,162,143,167,142,137,121,130,151,150,146,160,142,155,145,160,136,155,142,148,168,151,136,144,151,136,158,160,159,158,153,146,170,137,139,149,150,149,156,154,151,141,139,160,155,144,136,160,157,144,147,154,143,160,156,149,168,156,138,130,140,164,147,168,147,140,139,149,160,149,174,136,141,156,165,147,134,167,160,140,150,143,159,143,155,143,154,146,155,157,151,155,165,153,149,147,161,157,163,145,152,136,157,141,143,153,164,146,147,151,141,158,149,166,138,155,160,146,147,134,156,144,163,149,151,145,149,153,134,153,142,142,158,140,155,153,162,135,160,145,161,151,156,183,164,169,155,135,152,138,162,158,153,170,146,143,154,158,148,145,140,153,142,154,156,164,163,148,147,164,176,148,148,162,169,151,140,155,138,132,157,149,161,157,147,156,145,150,132,159,141,152,149,158,142,152,167,142,141,153,146,138,157,149,146,134,142,148,165,157,140,151,138,143,132,134,146,132,139,135,146,153,145,147,138,138,133,183,160,149,138,152,147,144,152,140,144,147,161,119,167,149,163,154,154,134,153,126,141,143,133,153,151,151,162,166,148,141,149,134,152,151,147,157,132,149,167,135,141,139,145,135,145,134,144,152,157,141,149,161,151,137,159,148,141,163,165,152,157,147,158,155,143,152,143,154,152,158,149,151,172,138,142,168,145,148,162,156,164,143,169,157,150,143,160,146,150,160,156,151,146,138,131,153,153,161,141,156,151,165,151,142,134,138,142,149,156,160,155,151,135,166,146,151,152,155,146,164,146,151,153,159,147,157,150,157,158,130,170,133,144,169,147,153,142,176,154,145,173,136,156,146,156,169,162,138,163,154,167,139,165,134,167,144,170,139,149,170,139,154,152,138,155,154,134,150,153,145,149,164,158,148,136,143,155,152,149,139,153,150,151,147,152,157,159,157,146,146,142,138,145,146,150,151,141,174,157,138,147,138,150,138,142,142,146,150,158,144,152,146,155,157,157,151,143,155,144,168,143,120,132,143,150,156,156,150,138,159,152,161,145,140,154,147,148,153,140,142,142,145,145,128,166,150,159,145,141,148,148,136,164,163,147,148,162,152,147,127,162,140,159,136,156,140,157,157,151,146,136,152,144,148,136,156,144,143,151,142,138,145,156,149,151,143,144,160,141,141,152,145,173,159,148,148,132,155,158,154,149,166,163,144,158,163,146,127,158,153,149,146,158,134,145,153,143,160,154,160,140,144,156,153,165,150,149,146,145,152,153,161,148,155,129,168,146,143,147,148,121,161,150,146,159,149,152,160,154,149,143,134,155,156,145,155,136,136,168,153,151,154,162,155,144,155,155,165,166,162,127,152,154,133,145,161,157,167,139,164,145,137,157,158,150,156,144,150,162,155,153,139,144,156,141,144,141,139,147,150,157,157,134,152,138,133,174,148,166,152,154,154,152,160,149,140,158,135,159,163,149,159,153,150,155,171,126,140,151,157,151,151,158,149,127,149,146,161,141,150,166,149,164,149,166,157,139,155,152,145,144,157,160,145,166,129,150,163,144,146,134,151,149,161,153,140,164,136,141,124,145,161,149,164,132,143,150,137,178,158,141,147,153,150,152,143,154,146,142,145,140,157,157,151,153,143,154,145,142,144,141,156,150,151,151,151,145,153,158,135,128,142,135,140,145,142,146,145,150,170,162,155,163,156,157,139,111,146,164,156,171,132,165,141,140,134,154,154,163,169,145,143,156,151,165,161,140,144,143,143,144,161,143,141,137,138,135,149,160,148,135,161,149,160,149,143,136,156,138,144,147,155,138,132,145,145,127,165,137,149,158,150,146,154,138,153,163,134,138,169,161,144,132,136,172,139,136,140,145,157,165,139,157,164,143,155,155,161,152,153,142,135,165,148,148,154,142,162,164,140,124,127,169,125,152,150,153,148,148,165,155,141,145,156,151,160,138,147,154,136,161,137,157,138,148,163,156,155,151,133,143,119,158,155,144,151,151,129,153,145,161,140,162,152,119,167,142,136,152,153,158,165,154,142,142,162,152,158,141,143,168,146,140,146,134,152,149,142,161,160,146,163,150,149,153,145,135,166,160,135,162,144,135,144,147,145,154,135,151,166,140,156,161,140,139,159,137,141,144,148,165,154,138,126,148,152,153,157,154,150,158,149,134,151,160,141,137,149,153,163,164,150,149,146,138,149,140,141,164,132,142,147,160,160,161,134,141,148,158,153,147,168,159,163,121,162,154,148,156,135,149,159,162,159,149,167,154,143,153,136,159,158,142,143,149,132,145,159,149,146,143,146,151,156,135,139,143,149,149,145,139,154,139,145,150,169,162,155,155,129,162,154,148,141,165,158,163,136,147,168,164,143,152,145,161,141,159,142,144,144,149,151,158,144,137,141,152,162,161,143,148,142,160,137,136,144,147,142,157,145,118,146,154,155,161,173,133,154,139,146,164,146,145,154,166,155,129,163,139,151,151,156,152,157,151,145,164,140,137,148,154,140,145,160,146,173,145,143,152,150,155,148,163,134,166,151,171,154,155,153,150,160,161,150,155,142,149,160,164,139,144,140,139,164,150,131,160,142,167,154,141,158,153,155,162,147,164,149,141,159,148,153,162,165,136,131,148,137,162,146,148,145,139,146,147,153,144,157,135,146,146,149,145,157,146,137,148,157,153,140,131,137,143,140,144,138,164,148,149,149,137,155,139,158,159,146,160,149,142,148,157,144,161,154,163,160,150,143,160,144,149,165,138,149,142,132,164,141,152,140,145,153,171,150,136,130,144,159,170,140,141,145,153,165,157,148,149,136,123,151,161,138,147,150,148,139,142,154,146,153,151,154,151,168,149,171,149,154,148,135,138,151,145,148,159,141,142,158,163,135,133,159,149,161,159,160,161,160,145,126,136,162,154,145,157,160,160,146,148,165,119,161,158,137,165,133,147,142,148,137,149,148,141,165,138,154,142,135,158,147,153,157,139,148,140,141,145,148,154,152,155,150,142,139,156,142,154,148,161,153,154,145,143,140,154,168,143,165,147,141,148,143,156,142,125,144,149,159,141,150,162,161,148,154,151,146,151,144,153,140,151,156,143,130,161,132,151,143,133,169,136,134,158,141,146,159,162,149,168,129,154,142,144,159,155,171,143,152,149,156,126,169,138,140,152,143,158,148,160,157,157,125,143,150,164,162,135,138,153,157,132,145,160,132,148,155,151,147,151,152,144,150,155,143,158,159,164,161,157,155,152,122,144,163,165,165,135,133,142,167,151,149,145,170,165,147,161,154,149,143,144,151,145,137,152,157,151,150,139,155,142,143,163,149,128,136,158,152,152,179,160,155,144,161,148,146,126,166,160,144,157,171,137,161,143,140,143,141,148,144,155,144,144,148,144,151,144,156,171,148,147,152,154,144,136,165,140,126,158,146,162,150,140,136,152,149,181,144,157,146,158,146,162,143,149,161,151,148,143,129,146,149,130,166,148,157,159,156,155,141,145,157,154,149,140,161,149,158,142,158,146,158,160,162,149,136,138,171,134,147,155,148,138,133,156,138,132,155,138,136,148,168,132,151,132,158,139,147,137,151,158,153,140,164,124,154,149,174,150,142,170,153,152,140,149,171,145,164,137,130,140,132,134,152,145,144,145,157,149,138,141,154,154,151,141,137,154,144,151,149,135,147,153,140,162,155,144,150,150,159,140,159,142,159,144,163,123,147,158,136,156,158,151,147,140,151,146,138,160,155,157,146,142,165,145,149,163,164,161,161,141,156,138,116,162,145,143,155,142,136,153,151,146,168,162,162,146,146,163,146,164,144,138,160,140,141,152,154,149,150,150,140,141,159,150,152,172,153,162,170,155,146,149,138,145,157,158,164,156,144,141,150,142,150,151,167,143,163,157,135,142,159,134,157,144,175,135,160,142,140,154,151,149,129,149,167,138,150,156,161,181,141,148,156,162,148,145,160,138,136,138,152,159,158,147,142,149,140,140,176,148,161,135,135,141,141,146,144,143,157,150,147,168,150,156,152,154,138,156,144,161,135,152,143,135,154,152,148,157,161,155,147,138,146,148,135,150,149,154,153,154,142,145,152,151,148,157,163,150,131,145,166,141,154,148,165,144,128,162,172,165,170,141,151,148,174,147,146,156,159,157,153,151,157,165,155,156,147,158,162,136,149,149,155,142,157,149,126,136,148,157,125,142,149,160,154,152,140,134,166,135,132,136,135,166,141,149,143,159,135,154,137,149,166,133,152,151,157,159,150,151,134,148,174,152,169,144,160,160,147,152,144,164,152,141,144,146,140,141,157,161,153,152,165,160,170,169,155,145,155,135,165,133,140,158,137,147,145,137,134,155,129,126,147,153,133,152,139,149,149,145,150,152,148,161,131,156,154,136,158,155,158,167,153,160,147,153,134,163,151,149,134,161,152,157,155,157,148,146,137,141,161,135,143,172,146,133,149,142,150,145,141,139,178,138,162,162,138,125,149,151,143,165,155,160,150,144,152,153,140,137,171,154,157,153,165,139,145,147,156,153,143,149,145,149,146,127,139,131,144,145,151,146,143,136,137,139,152,149,146,153,136,144,161,151,150,181,151,147,140,158,159,141,142,176,138,136,142,139,151,150,145,163,154,161,165,154,142,153,154,139,134,140,133,154,135,165,158,155,159,162,148,172,143,150,141,142,150,162,146,132,159,157,160,154,122,146,158,157,159,142,150,144,153,137,158,159,150,154,153,141,166,150,143,157,147,157,131,150,152,154,149,147,144,153,157,155,137,134,163,153,145,142,146,151,150,162,142,162,159,154,163,148,137,138,131,151,154,122,153,152,148,159,146,156,165,158,145,146,162,125,150,148,127,130,149,139,145,142,150,162,152,147,144,140,148,159,137,161,157,149,158,174,136,153,153,144,151,141,136,121,138,140,170,144,153,149,141,153,164,149,153,153,163,153,148,140,152,160,146,160,151,141,162,142,136,162,154,148,158,156,152,154,137,154,153,150,156,144,137,150,134,152,152,166,131,148,142,135,149,146,151,128,138,157,162,150,144,156,162,146,149,160,132,157,149,145,137,150,139,146,157,159,140,127,161,165,178,147,151,165,150,152,149,144,141,158,136,133,154,123,156,138,146,161,162,143,148,145,159,140,165,144,158,142,153,157,146,140,144,162,155,163,114,178,165,164,149,147,153,151,136,144,138,153,143,142,153,141,158,142,146,174,156,130,152,155,139,174,152,142,143,155,149,161,158,138,156,161,145,141,137,143,164,140,141,162,145,152,144,156,171,143,154,175,155,134,149,168,138,152,157,146,129,146,164,150,133,145,151,135,151,164,177,140,145,157,175,142,148,147,151,151,157,144,148,152,152,142,160,147,157,134,147,132,138,155,131,156,150,145,145,149,155,148,159,158,142,151,152,148,178,162,141,134,159,173,150,138,126,153,163,140,164,140,163,156,152,135,159,174,134,157,163,148,128,143,147,159,152,153,174,152,143,178,146,147,138,149,151,140,153,144,151,158,126,153,132,163,154,138,155,148,132,157,158,164,154,147,150,144,150,151,154,127,133,149,161,151,136,142,149,152,148,156,151,150,151,158,146,142,153,140,145,148,150,161,163,146,154,163,142,133,148,156,138,147,154,161,136,157,144,157,141,150,144,143,140,134,145,161,156,157,136,142,151,151,169,156,146,149,157,135,139,148,153,145,159,141,153,150,158,123,161,155,140,150,139,160,140,169,164,141,157,168,158,137,178,147,142,157,148,154,135,128,163,146,139,152,146,126,156,154,129,136,159,151,144,153,141,158,148,170,143,151,157,155,171,153,162,155,161,129,159,163,147,143,144,154,129,155,160,156,161,146,146,125,144,145,156,148,158,171,153,159,143,141,150,163,140,156,144,154,138,141,149,150,154,158,142,135,155,136,141,155,147,159,125,150,154,162,140,141,154,139,145,140,152,144,140,147,146,153,178,156,154,144,139,149,157,150,162,142,154,163,138,158,148,160,124,142,155,150,166,158,153,163,145,149,162,156,149,133,158,156,147,140,142,151,163,154,158,144,155,182,145,131,155,153,149,156,138,167,145,131,143,150,145,141,158,149,167,147,160,169,153,143,140,164,134,168,142,152,145,176,152,136,142,132,152,153,152,168,155,155,139,142,139,178,153,141,162,137,136,156,147,160,156,150,146,161,160,159,140,143,143,149,147,174,147,153,139,167,142,145,142,155,134,159,158,148,148,149,159,161,132,148,151,140,166,153,141,146,145,151,146,149,152,140,158,162,138,155,151,152,146,149,128,180,147,159,149,148,152,149,169,143,149,133,153,149,146,145,139,157,139,145,151,146,126,164,130,143,162,166,159,143,155,133,159,143,146,157,146,149,145,138,172,162,138,138,140,129,157,155,159,161,129,132,134,148,147,146,146,145,149,148,144,152,147,137,135,146,138,160,142,157,142,162,173,153,173,166,148,144,153,161,152,168,170,160,144,153,158,141,149,160,152,141,150,140,166,131,159,155,142,142,137,167,164,167,155,134,140,144,157,138,145,168,152,131,157,160,153,142,146,158,151,157,146,171,144,159,148,156,149,140,154,157,169,165,128,131,153,153,153,141,153,155,155,168,136,121,155,143,152,151,145,164,166,155,142,140,144,147,148,144,138,174,144,155,143,151,134,154,157,164,130,137,141,140,157,172,148,165,140,171,144,151,147,156,153,142,152,145,153,161,136,140,151,158,150,137,141,139,154,146,159,161,155,146,150,147,159,145,152,154,139,150,148,156,154,150,155,153,132,143,152,149,128,148,138,151,151,144,134,147,147,138,138,157,140,128,146,155,143,142,156,152,138,160,144,131,138,136,152,157,152,148,131,138,160,143,173,165,142,131,150,152,157,138,165,148,154,144,159,144,138,148,141,145,153,144,149,140,153,151,141,161,131,154,152,165,143,146,147,158,144,154,146,154,171,144,152,157,135,154,144,137,160,127,142,134,129,143,162,148,144,149,141,147,136,151,148,150,152,129,159,131,137,144,145,153,141,152,157,145,156,147,153,173,146,171,137,126,136,137,152,145,153,151,150,154,136,139,146,160,174,154,146,152,145,132,140,160,162,138,146,165,174,158,156,153,140,146,165,145,143,149,165,147,154,147,163,168,146,153,168,155,155,148,160,139,145,146,157,154,142,147,164,140,145,148,148,137,150,155,152,143,132,152,152,140,170,163,139,142,155,142,156,141,161,152,160,143,154,168,164,165,142,174,143,155,151,151,146,146,148,152,171,135,139,158,145,155,151,136,145,144,156,159,145,135,151,163,145,153,170,144,143,142,168,131,150,150,135,141,147,157,142,150,134,131,162,160,146,149,145,153,139,165,141,154,153,140,139,144,140,153,142,170,143,123,131,153,150,153,153,145,165,148,160,145,144,157,135,147,148,149,138,169,148,145,153,140,143,136,137,153,146,132,161,149,137,148,155,146,157,137,133,148,145,141,161,143,130,145,140,141,141,144,148,169,137,144,149,136,136,163,146,153,165,158,141,160,159,142,145,154,143,121,154,150,151,155,154,133,150,151,138,142,148,144,140,151,166,151,156,146,145,149,151,146,135,120,181,138,147,150,164,154,162,128,157,156,161,160,160,150,150,156,151,164,143,145,145,146,135,140,148,164,158,142,163,170,162,149,143,148,144,151,167,136,139,145,156,161,159,145,150,134,140,150,144,128,134,150,166,152,140,150,149,147,164,144,134,151,144,144,132,142,146,144,156,147,151,152,154,156,156,147,157,144,176,163,146,136,134,155,165,127,153,155,137,160,144,157,145,164,142,140,144,175,161,148,142,150,143,150,140,141,156,147,142,153,137,152,133,157,151,162,151,155,160,140,142,133,139,148,148,156,154,148,156,162,167,140,158,152,147,147,153,157,168,138,178,162,152,151,145,157,131,157,178,155,159,149,138,166,142,143,165,152,145,151,157,142,145,147,155,152,141,133,163,143,153,149,148,148,153,147,159,161,151,142,154,153,140,142,130,172,159,144,147,136,136,151,144,142,156,136,149,156,173,158,127,155,143,146,161,151,154,145,151,154,157,139,157,128,163,140,156,131,161,144,138,159,160,151,161,166,148,165,139,156,153,141,150,130,147,140,131,140,161,153,154,137,147,137,147,145,154,147,143,181,150,151,133,159,174,155,157,159,168,151,149,157,148,152,168,145,157,154,141,141,149,157,129,136,137,152,148,150,150,139,163,139,158,147,128,135,150,143,143,139,159,146,158,146,144,152,154,151,155,148,123,153,154,145,161,143,164,147,149,139,144,147,168,151,158,137,145,144,139,140,129,144,160,141,157,147,149,147,157,145,144,141,155,157,142,136,160,161,157,140,162,146,142,148,157,150,171,156,159,161,154,155,149,145,159,155,159,166,153,169,159,151,145,160,166,152,156,161,144,159,152,159,146,147,161,147,147,169,135,138,148,151,151,157,146,153,152,167,154,168,154,148,141,160,166,153,160,151,152,147,153,147,159,151,171,155,159,156,152,140,160,138,165,142,144,142,162,150,158,145,139,130,167,163,150,144,156,151,147,142,162,162,134,158,153,145,150,151,126,147,159,164,151,139,131,147,158,167,148,150,148,159,155,148,159,138,151,151,147,140,136,140,150,164,162,146,155,138,163,159,149,161,146,149,146,152,143,142,138,137,139,156,168,161,147,168,161,156,155,157,164,148,144,180,161,143,172,146,137,163,148,144,142,163,153,140,140,154,134,166,135,144,156,145,151,136,147,139,153,159,163,151,160,174,147,138,122,141,141,141,150,148,123,145,136,143,138,145,153,144,140,160,147,159,148,128,140,141,154,157,149,184,163,127,167,148,141,153,155,158,147,151,142,154,147,159,150,149,154,157,132,145,146,153,132,146,151,146,126,155,152,146,163,156,128,160,152,140,157,168,158,154,122,158,157,140,145,159,158,162,152,154,156,167,142,164,137,141,157,136,166,149,157,154,146,142,165,144,137,156,141,148,149,143,134,127,147,144,140,161,132,142,164,156,146,162,149,147,158,172,137,143,143,137,155,163,149,141,130,150,158,152,139,153,156,163,149,149,144,153,143,152,160,158,160,151,144,139,147,147,142,136,123,149,172,113,158,151,146,131,144,128,160,139,166,145,140,141,151,157,139,134,153,149,137,153,148,150,156,153,161,165,140,146,143,145,159,139,155,131,136,172,146,172,157,146,153,144,142,143,153,151,164,162,149,146,146,146,136,134,149,148,149,159,149,153,160,149,144,153,131,163,167,158,142,156,158,140,147,149,134,151,154,130,148,157,158,136,158,145,156,160,149,163,151,141,144,156,147,149,138,148,148,149,143,151,140,131,146,161,162,168,168,148,140,136,158,154,146,137,144,156,155,152,151,151,162,132,145,163,140,141,154,153,124,156,149,117,162,172,148,161,153,150,144,147,157,147,141,159,134,126,159,161,155,165,146,125,159,154,139,160,145,141,146,149,161,159,149,157,154,142,142,145,143,155,148,123,150,126,142,128,150,152,146,140,134,138,149,136,156,129,165,144,160,133,150,153,152,142,157,148,144,147,144,150,146,148,160,163,148,138,154,146,157,147,160,151,145,136,151,144,146,143,147,163,143,143,162,165,165,143,143,147,143,142,136,167,145,136,156,149,132,151,169,148,170,162,139,151,163,159,147,148,160,147,141,153,142,150,165,152,145,152,148,142,169,153,138,173,147,175,158,147,135,144,150,137,161,151,134,148,159,137,145,155,152,169,146,151,144,144,154,144,143,147,154,139,155,148,140,152,138,145,144,145,137,146,145,170,160,148,161,138,158,156,139,139,152,160,140,146,149,160,145,164,140,158,142,134,145,146,142,142,167,128,157,150,142,173,156,152,161,149,152,149,138,163,154,159,139,149,146,162,159,168,158,166,155,145,158,149,164,149,132,152,157,157,135,148,154,144,156,147,165,143,165,145,133,142,157,146,145,133,137,157,139,146,149,167,148,157,148,130,151,164,136,149,151,150,164,159,139,157,156,157,147,153,149,155,147,144,144,161,141,145,146,139,158,156,148,155,146,148,157,156,137,137,153,145,162,146,144,157,159,142,162,139,149,149,150,161,172,141,155,142,146,164,155,151,162,148,143,166,157,165,154,145,152,168,154,150,150,152,136,170,173,155,144,146,141,131,164,166,132,142,146,163,164,146,160,144,152,160,158,133,135,150,138,144,152,140,147,158,136,165,141,142,148,153,168,163,156,168,144,160,155,167,156,149,162,149,143,130,169,142,138,151,153,150,146,154,156,145,151,143,139,153,164,152,153,147,146,136,156,158,126,139,146,160,144,154,144,148,141,152,155,147,165,159,139,143,144,146,157,147,141,148,153,150,169,180,148,124,149,156,138,151,181,141,156,148,162,152,155,149,157,137,127,142,158,121,138,146,152,141,148,182,128,147,160,140,137,148,139,162,144,132,162,157,158,139,156,159,150,152,153,139,148,142,148,158,160,148,172,130,137,174,148,136,143,153,152,134,149,156,169,128,148,158,133,156,158,149,138,150,159,151,156,163,153,155,163,154,154,150,145,155,147,169,144,163,150,162,152,158,145,178,158,146,161,143,147,171,159,140,145,149,141,151,157,155,132,138,149,145,146,157,158,142,152,159,155,166,162,154,141,148,141,146,159,135,139,140,135,147,158,133,152,161,155,131,149,168,159,164,154,166,164,165,150,132,153,151,162,157,134,151,153,148,153,151,138,135,150,144,147,150,144,154,183,176,164,160,155,160,148,131,139,154,150,131,161,163,167,142,175,155,144,154,150,143,174,154,143,154,176,156,182,153,147,155,137,163,137,152,145,147,149,154,145,153,140,153,148,148,148,143,151,146,151,136,168,152,141,147,142,151,142,168,143,141,142,157,165,137,152,157,132,153,146,148,156,139,146,147,154,147,144,137,143,145,153,152,137,156,146,147,154,152,148,147,141,147,146,142,155,132,160,158,155,146,144,156,152,157,165,149,153,160,175,154,158,159,146,159,157,158,153,138,143,151,156,137,154,137,161,158,140,145,134,146,138,150,158,131,155,152,147,134,144,126,148,140,159,142,147,150,144,149,168,149,155,135,149,138,132,152,150,155,139,148,154,135,164,149,143,149,169,152,138,132,142,123,146,155,144,140,150,151,138,139,139,172,155,151,139,148,141,150,149,148,143,168,129,147,147,145,153,126,139,159,151,171,151,166,139,146,141,150,149,159,153,150,158,137,145,164,151,166,155,147,173,138,144,147,159,156,139,143,149,131,144,139,164,164,144,166,160,145,145,144,146,163,167,134,150,169,154,154,146,154,172,155,142,157,142,156,148,175,156,141,164,160,168,160,142,139,159,148,138,152,162,164,143,137,154,144,151,139,171,150,129,165,143,160,134,153,149,152,144,155,138,139,153,142,149,152,167,166,157,137,161,143,150,158,140,145,137,168,159,151,145,152,141,156,148,153,164,156,159,160,149,140,142,151,165,156,136,140,162,141,148,148,139,178,161,142,157,138,154,146,141,150,155,161,147,155,167,152,161,145,159,154,147,141,165,161,151,151,128,160,163,161,145,152,148,145,170,162,143,162,144,133,162,149,168,145,154,138,161,146,166,151,166,168,164,152,142,142,149,165,143,141,143,145,138,169,136,144,135,137,130,149,155,166,135,159,165,137,153,144,156,153,141,135,166,148,147,154,157,133,156,151,175,160,151,163,136,153,144,150,135,152,167,143,136,148,149,167,143,136,128,164,154,145,160,155,152,170,135,137,148,140,141,147,145,142,138,149,153,139,149,147,153,142,164,146,138,175,155,153,140,138,147,126,142,131,149,157,134,132,149,148,165,158,157,154,152,173,160,153,153,149,156,159,152,153,163,155,138,131,139,143,154,170,145,143,144,143,138,163,136,145,143,145,159,171,145,148,146,143,155,158,154,154,162,144,151,124,151,136,147,156,156,141,162,156,128,155,155,161,142,155,146,158,158,142,154,143,141,151,135,141,141,127,138,140,153,158,150,135,147,165,134,146,155,157,140,159,154,144,157,146,151,147,150,157,154,149,138,153,149,161,141,141,133,137,163,140,143,163,164,163,137,155,175,165,147,142,138,157,148,139,149,148,130,150,151,153,165,151,133,147,164,154,152,149,171,147,150,138,151,153,165,139,139,172,152,147,157,166,126,132,148,133,140,140,122,156,139,156,147,137,153,146,143,155,149,151,156,151,148,150,139,131,159,156,156,151,152,140,142,143,153,144,153,153,158,154,147,161,143,159,165,150,162,148,143,149,146,141,144,145,173,142,148,147,154,149,157,157,149,149,142,150,154,126,138,132,162,138,156,163,144,137,149,161,153,152,150,153,151,153,157,144,159,140,155,156,148,142,158,161,135,136,131,154,166,152,153,145,146,151,142,149,145,158,136,160,157,157,157,160,143,164,140,151,157,160,148,150,149,143,141,156,148,166,155,140,169,156,142,136,160,137,137,152,145,162,159,145,129,162,159,164,137,134,146,137,141,130,142,139,120,159,161,167,135,167,155,160,147,159,140,141,164,151,153,156,153,155,134,159,147,138,146,156,141,142,161,149,170,140,127,137,151,156,157,145,147,129,154,168,151,146,132,147,148,161,148,147,134,162,157,133,137,129,161,163,148,154,147,141,174,159,157,159,157,166,158,142,150,157,134,156,151,170,147,154,169,152,144,147,150,174,146,136,134,159,129,147,144,155,144,127,159,149,141,137,150,147,171,146,154,156,155,138,133,152,143,133,144,138,134,141,152,154,163,153,167,149,114,161,153,134,151,163,145,144,155,140,153,166,124,162,163,163,144,149,155,147,150,149,163,148,160,157,144,153,149,143,148,144,161,151,147,149,149,153,168,171,148,160,138,144,168,138,158,130,146,131,143,133,146,167,147,147,147,129,147,154,160,155,160,161,168,126,137,161,119,155,152,136,155,155,159,137,159,149,152,142,157,140,141,153,158,127,160,159,157,150,148,156,164,150,147,137,160,140,154,154,163,160,157,145,146,128,164,144,147,146,149,152,151,141,167,144,134,175,145,156,134,158,147,138,150,162,150,142,156,133,139,146,147,156,149,146,156,145,143,146,152,150,159,145,162,158,138,159,155,154,147,159,151,131,151,138,157,148,156,157,159,154,174,164,144,163,145,137,153,146,141,165,160,152,152,146,151,153,140,142,151,163,139,124,155,148,145,154,144,139,172,144,116,133,152,146,142,152,151,165,148,158,147,142,166,157,140,170,137,133,149,156,150,137,151,159,161,154,145,152,152,162,151,160,137,155,132,161,159,146,147,140,158,145,158,152,153,137,139,155,162,140,164,152,132,162,156,143,145,140,163,142,143,144,141,147,156,160,161,149,154,134,138,156,143,144,149,164,151,164,153,163,161,161,169,131,150,153,140,149,169,155,130,144,154,148,162,144,143,157,142,142,147,141,166,151,141,175,155,147,138,149,146,133,154,152,143,154,141,131,161,160,141,159,150,131,148,161,139,155,139,147,158,164,155,161,146,151,133,154,153,157,147,155,156,155,161,153,144,156,155,155,167,135,140,162,163,149,139,127,154,149,148,157,152,167,148,139,134,122,149,160,138,162,141,147,160,172,154,135,156,143,143,149,157,159,149,168,149,152,158,160,133,157,136,158,143,148,148,163,152,167,147,137,151,158,155,137,156,146,131,151,156,156,144,157,162,139,142,162,159,146,149,149,140,135,150,142,129,155,132,160,140,176,167,164,139,149,161,145,139,159,154,135,145,133,159,146,170,145,154,160,162,147,154,160,144,143,140,143,146,150,137,158,148,151,162,150,137,153,147,171,131,166,152,148,143,146,132,137,132,150,141,163,144,153,141,141,145,129,124,143,126,137,153,161,157,145,153,150,155,159,149,142,154,154,152,164,158,144,157,156,150,158,145,151,145,160,166,159,136,144,155,157,137,154,150,152,142,127,139,146,150,159,163,143,156,163,132,133,155,143,161,152,149,133,146,132,167,125,139,149,159,151,143,137,133,144,157,141,158,155,140,166,127,151,140,156,168,152,137,135,145,150,157,143,141,167,134,144,145,141,155,154,174,148,157,152,149,141,160,155,147,144,139,144,143,152,160,169,153,149,174,160,165,134,158,139,151,157,149,161,175,149,161,136,149,143,157,138,139,161,157,149,138,142,153,160,153,170,156,144,136,148,144,178,138,141,149,133,128,134,154,143,151,147,149,155,154,159,139,153,153,148,165,147,139,133,152,147,159,147,141,158,161,150,146,174,140,180,152,141,142,167,142,132,144,160,139,160,148,137,146,146,126,169,160,152,144,146,153,139,142,148,152,136,137,154,155,159,135,127,143,158,143,147,146,153,136,153,159,158,144,160,155,143,148,171,147,150,155,157,145,137,156,148,147,141,133,145,162,167,145,161,163,147,141,138,137,134,147,154,140,158,145,154,148,145,138,144,164,151,187,149,135,138,151,139,152,145,168,153,156,147,155,164,147,164,148,139,158,156,148,140,142,164,145,150,156,167,165,152,158,146,144,128,142,154,151,141,146,157,163,148,156,145,144,147,148,162,149,160,150,153,153,135,150,159,184,150,159,150,143,141,162,165,149,141,149,144,148,144,140,139,140,146,159,136,145,155,150,172,140,145,147,142,151,170,144,154,149,154,159,152,145,170,137,150,140,158,177,129,144,155,146,151,153,146,146,153,156,146,144,146,149,154,139,150,149,150,150,146,157,159,141,146,151,143,150,142,157,142,151,153,159,142,140,141,132,147,156,142,139,162,155,160,157,150,151,145,153,145,126,142,132,157,147,161,159,159,145,145,162,155,158,150,154,158,160,157,147,147,140,155,138,168,173,136,159,133,168,166,159,136,142,158,130,132,165,161,165,164,136,149,143,155,158,159,162,134,150,151,155,147,159,140,149,153,136,149,168,140,162,135,166,143,162,145,139,128,154,154,157,146,156,164,139,145,177,147,153,138,146,140,137,149,138,148,132,138,148,153,145,137,153,156,159,136,143,141,144,152,158,150,159,151,166,149,161,136,134,148,150,157,146,146,134,159,141,163,150,158,161,138,151,150,156,151,138,150,157,166,141,145,150,160,151,122,174,156,143,140,151,128,127,146,154,152,156,144,184,151,157,156,138,144,157,142,157,148,142,154,154,146,152,156,136,149,144,139,140,124,151,167,149,148,146,154,139,146,160,158,142,156,140,132,157,128,143,152,146,155,167,148,148,134,157,154,151,127,162,168,157,162,167,162,143,148,145,131,140,136,149,150,151,149,148,155,146,146,138,142,155,149,145,142,139,156,141,155,144,150,152,149,148,146,146,149,151,137,148,172,136,144,168,167,124,153,155,160,165,180,151,166,134,149,157,135,130,163,148,161,153,143,150,158,137,146,154,146,151,152,162,140,151,142,158,153,165,145,159,150,136,142,156,141,133,139,160,162,168,160,165,138,168,156,165,146,157,158,149,163,142,172,153,158,165,146,138,154,154,147,140,166,128,165,161,148,176,132,141,162,155,159,161,138,141,157,161,150,137,142,160,144,134,146,168,154,140,154,137,159,134,138,153,165,144,161,161,157,136,140,162,157,157,144,156,169,153,151,148,152,146,152,169,160,152,141,139,158,149,143,149,142,159,153,138,156,160,159,155,154,146,161,150,138,152,150,157,163,171,168,135,148,141,150,144,157,139,157,157,151,148,167,152,143,169,147,159,152,161,147,138,171,156,150,135,142,164,162,144,144,140,140,140,133,166,160,154,146,126,161,153,140,143,163,151,142,153,161,155,175,137,152,162,165,152,148,159,155,139,134,136,168,135,128,152,154,158,159,141,154,144,130,144,154,157,137,141,142,161,155,146,143,162,133,147,159,147,143,148,144,138,136,153,156,130,163,146,137,150,134,169,144,138,154,164,147,150,153,138,144,152,155,147,148,170,152,170,145,142,143,156,141,152,149,142,152,124,153,136,151,140,137,142,145,142,125,137,152,140,150,141,152,171,156,144,153,169,142,170,159,142,157,131,136,142,134,154,156,162,172,162,142,144,151,143,162,159,166,164,148,142,162,147,144,160,154,135,134,148,149,171,133,141,163,139,155,144,154,142,142,161,143,152,155,143,148,150,142,139,144,154,161,148,131,147,151,152,145,147,141,147,142,169,135,161,151,141,163,136,148,141,148,138,146,141,143,150,148,135,150,146,137,162,154,143,125,175,163,169,130,144,148,191,146,141,170,165,136,145,135,140,147,142,145,129,152,159,151,146,148,130,147,162,133,154,149,136,163,149,146,136,155,159,151,147,138,162,155,163,149,145,146,139,148,151,148,131,176,136,162,141,141,150,139,138,162,138,146,140,147,165,159,145,143,165,128,164,188,152,158,142,145,159,144,164,157,147,160,154,138,134,171,157,159,152,150,163,149,147,147,132,158,143,151,133,140,155,145,158,159,151,144,143,138,149,149,153,144,153,138,135,153,161,134,151,170,173,132,156,156,161,148,154,150,147,162,128,140,137,143,151,138,139,150,125,144,151,165,148,142,154,140,136,142,173,143,156,148,133,148,155,151,143,146,136,145,153,149,152,150,156,156,160,145,156,149,154,157,132,140,146,139,150,147,152,159,148,137,137,151,159,148,144,139,155,165,160,153,142,143,165,158,144,145,163,153,142,143,159,153
152,145,134,155,151,145,139,154,162,144,134,141,154,153,164,143,158,143,137,130,159,159,162,170,150,155,162,139,167,167,141,153,129,154,162,152,159,154,138,144,136,143,138,156,135,159,154,160,139,147,147,154,160,155,146,150,159,151,156,131,147,153,164,147,148,133,155,147,159,178,138,146,180,136,163,152,164,160,151,147,156,160,140,140,131,157,158,139,133,129,153,135,134,142,141,175,152,149,150,149,131,130,161,156,152,139,152,167,148,162,145,177,154,157,171,164,137,151,164,161,154,160,139,139,163,162,144,161,142,144,138,165,156,146,148,140,138,149,152,141,135,149,147,142,164,162,158,157,134,167,147,154,151,126,150,154,161,156,141,170,149,153,155,127,144,149,141,146,146,143,158,144,151,136,157,158,148,165,147,147,137,154,152,141,144,135,130,161,133,171,141,135,149,134,159,153,147,149,139,139,143,149,151,153,148,123,135,142,146,146,148,174,135,147,141,149,160,148,139,144,144,152,150,143,143,153,147,150,153,148,168,137,149,148,145,144,149,135,161,163,149,128,165,140,172,132,134,147,146,150,149,136,162,140,154,149,148,144,136,150,130,124,140,149,154,156,151,159,142,134,143,163,161,152,148,167,148,149,144,134,141,158,134,143,147,142,163,158,138,153,158,152,135,164,154,151,151,143,139,141,167,155,157,139,160,159,149,136,150,149,154,176,152,151,146,143,135,136,146,146,129,151,144,141,157,147,149,141,161,137,134,148,143,154,159,165,142,157,153,164,156,160,153,159,145,149,138,160,144,162,136,149,168,158,131,154,148,137,152,155,137,135,153,159,155,145,146,119,147,145,142,166,150,167,136,155,174,157,146,136,142,137,159,158,147,161,133,143,138,149,152,144,150,147,147,149,146,143,145,150,147,160,161,143,160,154,145,144,143,163,152,152,130,151,135,154,154,143,154,140,145,158,133,143,154,153,157,135,159,151,136,152,150,162,163,157,139,150,143,158,142,141,163,133,166,135,129,149,161,165,136,163,158,149,159,162,143,138,158,150,139,163,148,131,160,115,140,156,156,150,165,158,162,170,151,162,142,140,139,148,134,155,160,155,137,164,164,144,173,132,162,157,137,123,143,140,159,158,137,143,156,141,158,156,123,139,158,154,135,149,141,164,158,135,148,141,151,157,154,160,136,162,140,136,152,134,155,164,158,164,151,153,158,158,132,146,150,156,155,144,148,164,143,138,136,159,150,148,149,152,151,155,142,154,156,154,136,150,178,173,154,148,151,159,147,155,158,139,145,147,163,146,144,152,133,154,131,166,157,152,164,148,138,156,151,145,148,151,154,166,145,143,148,133,154,142,146,150,153,135,146,146,162,149,156,146,145,154,147,149,149,151,132,166,153,156,160,144,140,132,145,150,138,166,152,139,151,150,141,157,140,144,150,148,163,161,153,141,147,174,153,147,145,133,161,127,146,161,129,151,149,160,147,144,165,151,149,159,150,159,146,164,144,141,148,147,159,145,146,166,135,141,137,154,142,147,152,146,157,157,139,140,146,138,157,164,139,163,147,162,148,152,142,141,150,146,162,163,163,140,147,168,167,153,155,158,146,140,162,138,145,161,150,152,154,148,140,150,150,144,157,139,153,174,142,145,160,151,142,162,157,149,124,148,142,163,147,149,149,137,147,145,141,140,156,154,125,150,160,145,145,170,159,152,148,156,141,147,157,147,160,140,153,151,181,154,152,144,151,173,140,140,153,157,126,153,156,160,142,158,136,139,155,147,132,154,143,182,139,151,153,148,149,145,155,127,161,143,135,152,155,135,152,154,165,139,146,139,156,154,161,168,125,140,144,132,155,167,137,150,140,156,152,143,146,147,139,138,157,148,151,156,145,161,137,161,158,147,136,134,135,153,139,146,155,137,134,155,160,153,155,173,153,147,143,148,156,132,152,161,149,145,143,147,152,132,124,137,152,151,151,146,149,144,140,160,147,144,137,148,134,144,157,154,150,145,150,146,143,133,141,129,144,162,157,135,157,151,145,140,127,146,151,154,155,169,127,146,151,144,137,147,160,149,162,151,155,150,154,159,143,129,144,143,166,156,151,153,152,148,157,144,144,143,145,140,163,157,136,137,145,130,141,145,148,147,139,165,156,148,136,165,153,150,127,135,163,143,150,146,156,136,146,150,160,141,135,151,156,150,158,146,148,148,164,158,172,159,139,143,150,141,147,154,171,147,134,136,147,136,155,159,147,160,146,164,158,150,157,161,140,152,149,150,142,157,139,137,124,160,159,159,154,131,138,140,146,144,138,140,144,148,159,129,155,127,160,146,147,149,151,162,160,142,150,138,154,147,150,143,161,155,152,149,157,163,148,149,141,158,177,168,152,141,136,146,138,137,167,149,154,163,146,152,171,150,153,156,135,150,159,161,142,167,142,135,138,155,144,150,156,150,129,149,145,153,128,144,147,138,133,140,156,143,148,143,153,160,155,156,166,138,144,140,142,153,135,168,147,157,142,143,148,166,178,146,154,151,136,135,158,135,135,136,152,134,141,138,157,156,157,144,156,131,147,153,164,163,143,154,160,155,171,125,153,153,148,140,160,159,169,149,150,147,151,149,157,146,147,144,145,123,149,156,156,142,160,159,160,152,132,128,151,173,156,147,152,148,152,149,169,141,138,154,152,157,148,143,153,147,154,139,151,149,143,145,145,158,137,138,149,150,146,144,147,148,127,151,160,149,156,148,152,145,137,150,141,153,151,164,160,153,147,140,165,137,139,141,138,154,139,149,154,138,143,151,151,147,137,154,167,148,144,144,129,148,156,139,161,150,156,147,158,157,152,160,150,144,139,158,141,148,158,145,157,157,148,148,147,142,155,155,159,142,143,155,148,157,142,134,143,125,144,145,156,122,157,144,164,149,148,145,138,148,121,141,158,148,163,158,159,136,144,144,139,142,152,157,142,147,140,153,166,152,142,153,156,150,155,136,156,157,149,164,151,150,141,165,151,159,144,159,142,157,161,149,175,144,156,142,138,150,149,150,154,151,150,142,142,147,134,160,142,131,136,158,142,172,140,149,163,154,141,141,139,136,154,156,151,171,161,151,146,145,134,140,149,149,165,145,152,148,147,132,160,154,151,150,140,140,167,140,144,138,158,159,135,139,161,158,135,160,157,163,150,156,138,142,141,161,165,132,166,155,137,153,119,166,161,154,155,146,160,142,156,145,160,145,156,141,149,131,140,138,157,163,165,156,155,155,144,144,152,147,148,141,137,151,153,157,150,143,141,171,163,147,157,157,139,155,166,152,155,148,163,151,170,152,148,138,145,153,164,158,150,144,157,154,160,149,139,145,132,145,164,161,136,143,149,163,134,149,157,171,157,144,140,158,150,165,141,142,147,142,163,143,162,147,163,151,155,150,139,168,149,168,140,152,157,160,152,161,151,153,151,158,134,142,145,152,150,154,127,150,136,157,134,160,159,148,130,150,156,147,152,147,171,160,158,145,141,145,165,157,163,158,161,130,138,146,151,159,147,160,128,148,169,160,150,162,152,154,144,149,133,161,176,130,167,153,162,156,147,158,152,144,157,143,138,150,148,155,151,148,147,153,145,167,138,141,148,164,151,145,150,130,152,142,156,159,166,135,144,152,156,140,136,155,141,159,141,159,179,146,144,163,145,142,152,161,160,147,160,134,153,152,133,148,151,152,145,137,138,147,151,148,148,160,136,153,136,136,139,151,159,153,163,157,149,153,131,147,160,163,159,146,158,140,178,152,154,171,176,148,143,163,145,151,145,130,160,139,151,138,164,135,176,156,152,155,154,130,153,139,156,137,148,148,143,158,151,156,153,147,138,149,142,143,140,151,138,145,162,155,156,152,135,162,152,146,156,149,145,156,164,149,148,170,152,173,138,157,149,160,135,142,151,166,147,168,146,142,118,134,152,152,141,161,155,143,158,156,142,143,124,143,132,151,148,150,155,138,148,151,145,157,154,142,140,131,164,140,144,147,150,129,142,153,151,146,140,137,142,162,144,128,166,139,153,148,143,146,154,155,146,168,140,172,158,171,148,144,159,138,159,161,149,147,157,157,159,136,139,145,147,151,146,140,151,160,129,156,156,149,156,168,134,156,158,132,168,150,139,140,136,143,149,160,159,148,148,173,150,149,166,137,152,165,157,141,162,168,161,150,137,147,156,148,146,149,146,148,146,147,160,156,132,148,154,145,154,162,146,135,153,153,153,144,151,136,135,145,142,156,161,142,154,151,149,158,148,153,140,135,159,166,150,176,146,153,135,161,152,132,149,154,155,153,140,142,156,157,141,164,156,150,144,132,146,145,166,149,162,147,161,138,160,157,149,158,145,155,144,149,138,150,135,147,157,153,146,173,154,149,168,143,164,137,143,151,142,163,144,136,137,141,136,164,157,146,164,158,145,169,152,154,155,161,163,169,164,151,150,154,152,158,138,130,144,155,152,138,131,138,164,158,144,133,162,166,150,143,162,154,149,140,136,166,155,141,150,144,149,152,151,147,145,136,155,144,154,141,140,160,152,156,151,146,130,158,157,139,151,152,161,137,155,154,159,146,140,143,146,131,161,150,124,136,139,156,155,148,133,144,146,158,149,164,138,146,137,149,155,149,145,162,150,152,158,129,151,144,142,146,157,132,160,155,152,151,149,145,166,140,137,133,158,160,145,162,151,132,162,143,152,150,157,158,143,149,156,160,159,145,135,157,159,159,145,144,139,160,144,151,137,152,128,140,155,128,140,148,118,137,145,138,163,156,146,155,150,144,159,163,133,147,139,147,164,153,160,156,176,146,151,153,138,144,151,153,156,148,148,147,144,147,138,164,143,151,150,147,127,152,156,146,146,142,145,139,144,149,155,158,145,164,160,148,141,151,164,147,131,161,142,131,124,140,150,129,173,164,154,154,158,140,144,145,154,145,141,151,154,170,165,131,146,148,141,161,155,155,157,151,132,149,169,161,144,141,152,147,138,148,167,149,138,153,148,147,165,140,151,150,162,139,157,143,146,166,156,159,159,147,148,119,147,143,139,155,158,137,163,158,145,147,140,140,165,154,152,139,149,161,142,148,163,157,158,152,144,171,137,150,160,146,161,156,148,161,139,142,149,133,167,159,138,153,145,167,163,161,140,147,146,141,137,159,157,150,140,162,144,151,148,152,158,156,157,156,146,148,135,159,139,138,165,155,148,154,144,138,131,169,128,155,150,142,140,161,135,141,168,161,149,134,139,138,147,147,142,153,158,160,151,164,164,154,132,142,165,141,174,168,160,138,153,177,159,152,165,143,172,157,145,147,168,158,133,151,149,145,155,139,147,155,177,156,155,147,138,134,138,136,148,131,151,133,152,169,133,129,126,161,155,166,130,140,139,146,149,162,168,138,159,164,145,160,149,159,151,146,166,153,155,155,149,154,161,151,139,150,142,146,141,150,133,148,143,160,148,159,159,160,145,141,154,149,126,141,158,137,129,154,153,150,157,155,150,140,132,147,150,163,161,156,153,151,151,143,144,131,164,143,153,146,169,136,154,142,158,150,141,141,153,132,160,132,146,161,153,144,141,153,153,155,159,144,158,152,141,148,144,159,146,133,140,145,125,139,146,145,152,144,143,164,148,143,151,139,172,128,155,146,156,148,136,139,152,150,135,151,156,144,152,148,147,155,151,158,151,133,167,158,165,145,168,133,153,146,160,166,136,161,144,165,148,137,169,133,144,129,159,145,171,150,139,143,148,158,148,153,147,159,133,139,141,147,140,158,167,150,142,154,150,149,151,138,143,143,164,151,149,163,148,140,159,140,149,152,154,173,145,161,154,155,159,157,161,153,156,146,127,152,145,151,140,127,138,123,148,154,143,156,166,129,160,145,154,126,151,158,127,152,128,149,171,159,153,141,144,130,154,141,146,148,144,128,134,141,148,171,167,138,160,132,156,167,141,141,169,137,155,166,133,154,141,149,160,159,147,136,139,154,139,155,152,154,157,146,150,155,156,142,145,144,133,153,141,142,150,149,152,146,167,159,166,151,150,155,147,157,150,147,162,172,153,155,161,156,147,146,140,142,174,140,148,161,147,146,136,154,149,146,145,158,156,163,141,158,160,143,138,134,145,150,151,157,156,153,124,141,155,159,146,152,157,134,148,143,165,167,149,151,167,136,167,151,145,146,151,139,154,135,146,156,143,138,151,151,156,153,146,139,143,141,153,129,155,146,157,135,154,129,166,124,147,164,151,143,156,154,146,161,145,141,141,145,153,144,155,145,155,147,148,153,141,153,165,155,139,137,149,148,146,153,149,145,155,161,147,144,152,162,163,151,158,140,147,133,156,149,171,140,158,165,146,155,159,144,135,153,147,147,140,145,152,164,141,143,150,149,144,151,138,147,142,143,149,144,150,164,167,160,141,145,150,149,150,165,148,161,145,145,150,133,141,155,145,153,155,134,143,145,157,150,160,156,153,131,153,147,141,147,150,161,153,150,160,152,145,136,164,149,151,155,164,161,144,164,142,158,130,152,152,154,142,149,149,137,142,153,152,130,166,140,147,139,145,139,157,151,148,144,136,160,159,152,147,148,149,149,141,140,158,163,144,146,155,133,145,145,140,150,134,138,146,168,140,155,145,133,141,146,162,152,147,147,143,142,140,149,156,163,153,135,148,184,162,142,158,155,154,135,141,159,140,146,153,154,146,150,143,170,152,136,131,152,149,164,146,154,123,155,161,141,144,161,153,151,166,147,146,149,143,119,140,150,167,148,154,165,155,151,152,143,135,148,147,148,156,140,147,145,151,145,139,144,141,156,143,156,142,154,159,138,132,155,144,140,145,127,157,153,147,163,155,147,156,158,145,133,148,132,147,155,144,138,147,132,157,132,148,156,142,138,147,146,147,165,178,153,155,147,146,133,159,142,152,138,170,147,156,126,155,160,152,152,154,146,130,146,165,144,142,134,165,141,145,154,164,166,153,128,168,147,148,164,158,143,138,138,160,124,143,148,134,152,148,146,167,141,164,156,151,163,148,146,164,146,133,139,151,148,144,154,143,148,159,139,149,156,164,137,142,139,157,154,156,131,148,154,160,172,178,164,152,154,142,154,150,146,153,156,153,148,168,159,154,150,150,136,173,141,146,153,145,166,155,146,147,143,150,148,149,169,133,165,143,162,152,147,169,150,154,143,140,155,153,138,156,152,132,144,146,156,151,161,148,149,141,144,156,159,152,130,172,149,152,154,163,164,154,135,137,156,148,154,128,147,141,133,151,152,161,158,158,170,146,147,163,160,159,157,157,147,141,151,153,146,160,149,156,151,159,136,141,138,147,137,167,145,152,148,141,157,159,144,135,146,142,153,144,130,156,148,150,142,153,136,144,157,149,152,158,139,156,128,160,156,158,167,130,150,140,157,139,136,163,157,154,157,157,167,143,150,140,144,143,167,156,138,150,141,160,147,143,142,165,155,173,133,144,152,144,142,151,127,157,155,152,163,159,159,156,151,166,140,133,142,153,144,157,131,148,147,155,158,163,139,150,161,166,150,144,148,146,135,132,151,168,149,152,157,150,165,146,139,148,159,157,141,143,153,165,151,142,145,158,159,138,137,145,137,147,141,158,164,146,170,160,147,131,166,140,165,149,136,150,139,148,150,154,141,156,148,154,161,141,149,154,150,145,143,151,159,157,162,134,161,131,151,147,147,151,152,152,151,167,144,137,155,148,141,157,139,140,139,158,148,158,152,161,149,161,152,163,148,153,150,157,151,138,145,156,148,130,162,153,160,156,140,146,137,160,163,140,131,142,145,148,142,153,140,154,158,169,150,151,153,143,151,151,137,151,140,160,155,124,147,129,145,146,160,146,153,142,147,152,141,166,165,155,137,151,161,177,161,153,155,151,137,156,154,150,143,165,150,136,137,169,154,152,139,143,161,149,168,131,162,159,150,152,152,162,144,158,159,137,154,144,158,157,133,158,136,142,163,168,150,134,145,150,149,159,147,159,160,147,148,145,155,145,142,153,145,156,141,134,154,149,160,137,160,153,164,146,148,142,164,156,155,148,150,163,137,155,152,157,165,166,139,149,159,126,158,142,154,161,155,142,141,170,144,155,148,161,154,145,129,134,150,142,160,132,159,140,151,160,149,154,157,153,136,129,140,170,150,154,145,144,147,146,151,154,156,136,153,138,162,133,150,155,138,152,147,139,150,146,162,158,157,158,146,165,125,152,143,147,149,141,160,155,150,167,150,159,144,167,150,138,158,132,129,168,152,141,143,171,147,157,168,161,160,159,139,153,150,172,156,147,153,174,173,146,151,136,157,140,145,138,166,150,149,147,132,156,150,143,147,152,161,150,145,167,166,138,143,157,149,159,169,160,160,149,146,151,155,164,165,140,148,146,158,155,135,141,150,157,181,151,147,139,143,142,152,157,142,137,166,156,151,155,160,153,145,153,138,129,151,134,140,145,170,153,146,141,153,141,154,162,150,155,144,162,151,157,161,156,142,149,148,154,141,152,146,145,156,153,138,149,145,143,136,150,154,144,158,154,149,150,140,153,169,148,158,158,158,160,152,165,130,141,140,137,160,154,142,160,142,155,137,148,153,163,150,158,148,171,138,160,151,154,160,131,149,166,145,144,162,150,141,153,145,141,171,140,140,146,170,150,137,177,144,152,153,147,145,145,129,182,145,144,156,155,136,157,164,165,159,146,154,149,151,153,148,164,128,153,158,149,155,155,154,140,146,145,139,147,144,149,156,137,138,148,157,144,154,140,141,167,153,144,160,148,158,139,153,137,157,144,158,139,155,147,165,148,168,147,177,137,138,146,142,163,172,133,144,153,155,155,141,127,154,146,162,171,140,157,158,152,137,143,136,144,144,152,131,166,146,166,162,152,168,142,157,152,143,161,144,143,166,162,158,131,156,142,164,171,134,163,171,156,142,148,161,154,157,148,150,124,149,151,159,157,156,160,148,196,143,151,146,143,147,155,155,135,149,150,150,150,151,162,160,151,168,142,136,151,168,136,157,157,142,144,143,162,146,138,148,153,158,154,157,150,148,141,153,153,148,159,162,143,138,142,146,139,154,156,158,132,154,141,152,146,164,158,135,171,147,146,160,139,145,151,169,138,152,143,145,131,145,148,143,147,151,138,146,144,168,145,141,131,147,132,158,147,161,148,136,160,155,166,137,137,155,147,151,150,151,140,158,161,131,133,146,142,163,153,169,162,145,148,149,153,149,151,147,145,149,137,147,130,142,144,147,148,153,144,138,132,154,160,134,126,152,154,153,157,131,159,148,162,148,160,161,140,138,154,146,159,156,154,149,165,172,145,153,137,152,150,164,133,167,143,170,130,146,149,147,139,140,148,151,162,164,136,145,146,159,157,144,144,161,157,127,154,155,156,153,143,141,170,152,149,144,143,165,159,159,145,153,139,163,170,130,141,146,169,156,149,124,140,148,163,158,143,153,158,137,160,151,148,141,152,124,153,165,160,143,164,148,142,160,135,154,162,138,139,169,145,155,142,144,174,141,154,148,155,141,157,145,148,148,156,158,136,164,141,141,146,148,160,163,144,166,139,162,160,146,149,150,143,169,159,158,147,148,143,141,157,167,146,146,138,163,151,141,148,141,164,122,131,126,150,148,155,150,130,137,156,148,152,129,148,155,154,145,167,133,151,157,148,144,126,137,139,167,148,147,148,146,151,142,158,143,149,159,144,162,157,152,144,152,154,143,168,133,131,148,148,148,145,157,141,143,172,146,146,160,153,139,148,156,155,150,142,150,163,132,161,149,150,154,155,155,158,153,149,144,135,154,154,159,137,144,155,156,167,148,156,130,156,169,159,137,147,177,148,150,143,161,159,159,158,156,157,161,147,148,160,166,138,136,139,142,142,151,144,132,149,152,136,158,157,148,171,142,153,144,154,140,160,168,159,149,142,138,170,171,137,149,168,155,149,148,139,159,167,137,144,149,146,159,145,160,160,142,150,158,155,162,151,147,146,166,159,166,160,153,145,152,142,148,135,152,163,142,151,151,149,130,158,162,158,131,153,159,148,174,134,142,145,143,160,171,147,137,147,153,155,138,132,157,167,162,160,131,142,150,141,165,152,132,151,156,146,159,132,157,161,166,151,140,133,154,151,149,163,149,145,147,160,127,156,160,150,147,130,168,158,136,144,150,149,151,166,159,164,134,161,149,148,144,164,167,154,144,141,145,140,154,135,141,152,141,154,143,160,132,152,142,141,139,150,163,134,147,154,177,142,157,157,165,157,147,161,148,164,154,147,148,143,157,148,167,146,144,147,149,148,157,137,168,150,148,147,152,140,135,166,155,151,145,139,139,155,175,145,148,159,154,153,145,144,141,164,131,155,166,180,137,136,160,144,145,154,149,153,154,121,155,151,163,145,138,141,171,132,151,143,152,133,155,146,144,150,151,147,150,150,134,144,141,160,143,128,145,126,168,140,154,149,134,148,155,140,145,160,140,150,181,163,152,156,160,144,145,150,149,163,149,155,151,135,155,141,148,134,154,156,150,134,135,169,154,168,176,164,136,154,160,133,143,153,156,141,153,138,166,161,164,153,145,149,143,161,141,157,152,135,144,162,156,148,155,173,143,173,150,150,168,146,183,147,155,138,166,153,146,155,159,144,163,152,144,167,158,161,147,145,132,158,146,141,149,146,145,146,155,146,141,156,165,157,162,152,153,148,170,144,153,137,148,145,174,144,154,163,144,141,149,158,145,148,144,135,147,158,155,146,140,131,144,135,144,155,142,139,165,144,162,165,168,147,148,155,155,158,148,142,145,163,125,140,171,154,132,144,149,161,155,145,147,172,147,155,161,149,140,159,137,137,146,141,157,164,148,153,143,145,146,160,145,125,129,147,137,140,143,142,154,149,182,133,153,153,159,137,149,152,157,171,155,147,135,135,170,153,143,149,161,145,152,143,147,152,145,150,158,155,160,159,149,153,130,141,139,137,148,159,155,142,128,141,144,155,157,146,150,138,143,150,145,149,151,148,139,153,154,135,137,147,155,157,162,148,162,166,153,140,139,153,150,145,138,160,140,165,150,152,148,146,145,151,148,155,145,158,164,171,143,150,163,149,150,157,153,149,159,147,143,164,155,139,160,148,153,146,163,142,158,149,145,163,137,161,151,156,161,133,151,141,150,155,143,146,148,158,166,145,144,162,149,137,150,151,141,142,141,158,129,151,145,147,165,140,160,143,156,169,158,153,151,143,143,158,159,136,134,142,154,147,147,160,153,148,156,133,149,165,149,134,152,150,146,157,138,126,167,150,154,160,156,171,141,155,164,129,158,144,142,138,149,156,143,148,158,159,137,139,149,141,147,127,132,157,138,140,160,152,160,151,156,154,134,157,170,153,143,141,156,165,152,161,161,144,136,145,141,159,139,136,160,154,144,137,150,140,145,138,143,144,139,141,149,157,167,142,142,142,143,152,154,149,170,131,150,137,163,181,183,140,137,141,141,153,137,156,152,141,152,146,141,146,138,139,149,162,136,157,164,146,137,139,146,159,154,155,129,148,148,161,155,153,164,143,143,150,160,159,152,143,164,142,150,133,156,148,142,149,161,137,147,133,145,131,153,155,154,152,145,144,136,152,146,146,153,151,147,169,149,148,134,146,148,146,146,150,164,146,144,152,143,123,154,154,139,142,139,153,150,139,143,155,165,141,138,130,139,128,154,149,159,156,150,166,154,147,150,133,134,159,140,146,155,152,146,156,155,164,135,156,136,146,155,144,164,131,149,145,155,146,129,149,135,157,136,158,150,161,149,135,155,162,141,152,166,140,150,136,147,167,157,143,136,152,172,144,156,149,137,139,162,149,156,148,149,127,142,136,151,155,150,154,134,145,153,143,133,157,134,143,148,148,174,144,153,126,161,161,138,149,151,170,147,179,151,153,130,149,138,154,179,152,146,148,165,137,142,147,155,158,139,144,159,143,142,138,171,147,162,130,147,139,180,146,165,145,148,149,142,147,151,173,158,152,144,157,143,159,133,138,144,142,147,130,169,151,167,139,166,156,151,158,160,163,161,160,145,154,131,155,147,141,137,167,149,159,160,149,140,152,152,159,160,163,150,147,154,155,136,160,152,133,161,151,175,155,145,142,142,147,163,153,160,167,151,147,154,140,133,145,157,150,141,161,154,147,148,156,144,155,164,143,145,181,132,141,145,143,161,144,180,152,159,154,144,157,141,145,142,168,155,136,148,156,163,169,138,149,152,147,153,141,121,136,144,157,149,162,162,142,152,151,149,142,143,161,158,157,150,160,139,150,148,159,140,159,150,151,164,159,141,149,165,154,153,150,157,157,155,155,142,150,141,153,149,159,165,158,147,145,150,137,163,134,142,160,148,137,140,142,142,146,148,158,162,150,149,136,149,148,128,148,148,163,154,135,148,154,161,146,149,156,150,145,140,152,151,157,152,142,167,161,157,152,151,162,145,132,132,162,161,151,153,147,153,150,159,149,162,163,157,152,153,147,162,131,146,152,150,160,144,141,147,143,153,135,155,157,156,143,148,145,138,161,149,163,157,162,156,144,140,153,158,147,155,159,153,154,140,132,163,145,142,155,139,149,164,133,143,151,156,161,162,151,132,164,154,149,147,150,158,157,177,163,145,134,148,154,152,149,156,149,139,151,145,139,159,133,144,145,140,147,143,155,153,162,131,146,167,149,157,138,172,146,144,145,159,147,146,152,158,163,151,129,139,142,151,157,137,153,166,156,153,163,138,143,147,148,131,165,168,147,147,139,143,163,147,153,158,150,146,155,130,129,163,156,138,146,152,157,128,151,129,171,136,148,154,165,156,151,163,152,152,140,142,153,140,149,140,150,143,150,165,141,151,138,146,133,144,162,141,149,142,159,155,151,157,150,142,139,153,153,156,171,158,141,166,148,144,147,147,163,158,145,166,139,172,170,158,137,135,176,137,134,141,129,142,152,139,167,147,149,141,149,155,138,136,130,146,142,151,146,162,139,157,154,152,154,136,140,152,150,149,129,146,151,133,150,147,149,155,150,159,162,146,162,134,143,147,152,161,136,143,139,140,151,153,154,156,162,156,158,166,154,129,124,142,165,153,158,160,150,150,153,166,160,158,147,147,152,153,154,169,147,151,137,158,143,149,140,143,152,152,137,153,151,132,157,147,143,158,139,120,143,158,157,153,155,138,149,166,148,156,142,149,153,140,167,166,152,169,136,143,162,148,181,156,153,177,131,153,147,162,162,157,140,159,153,151,158,149,142,159,180,164,146,155,145,175,150,152,155,154,160,150,143,154,149,160,142,146,146,158,149,155,154,157,133,133,145,153,158,158,148,156,144,139,157,156,155,163,143,135,158,148,155,153,152,151,146,145,133,149,148,143,146,145,149,153,132,162,145,141,141,127,141,145,148,158,161,124,155,163,136,142,125,153,162,154,146,151,140,136,161,148,167,145,153,159,147,160,151,168,150,155,129,152,149,141,146,137,168,153,134,147,154,154,162,154,170,148,132,152,143,132,126,137,151,141,153,136,139,170,147,151,155,151,138,152,166,170,152,144,170,166,149,152,146,155,161,144,133,155,138,151,126,140,163,154,158,147,148,173,132,144,165,141,150,140,159,138,156,163,152,153,148,152,150,132,160,152,147,148,160,165,150,147,156,144,135,144,129,155,156,153,164,143,140,160,143,145,147,138,139,151,156,141,145,143,163,162,158,155,131,131,142,147,155,160,132,152,149,152,171,147,140,152,157,150,133,130,158,145,155,157,145,139,154,136,145,152,155,157,155,142,158,146,139,149,154,143,150,140,135,140,156,165,142,162,152,156,136,179,158,154,142,137,140,161,136,142,141,139,148,169,149,134,128,147,152,142,148,145,148,152,140,153,123,155,148,151,156,161,158,164,139,132,155,158,153,136,159,124,144,146,133,148,131,155,136,143,155,133,178,147,135,150,143,131,152,147,134,151,162,142,142,159,142,153,144,156,150,148,150,135,166,160,148,151,147,152,150,138,150,150,147,153,164,174,154,154,160,160,157,162,157,147,154,157,152,164,147,141,157,151,161,131,148,163,150,124,131,176,139,153,134,152,161,149,146,149,136,151,152,147,146,161,127,167,164,154,134,151,155,155,156,144,139,163,147,130,163,146,141,147,145,168,150,127,140,138,149,162,160,146,156,152,143,164,151,141,154,141,166,166,157,160,161,170,151,142,146,149,166,141,154,160,137,163,150,161,150,140,147,153,162,136,152,150,166,147,171,143,174,155,148,134,134,164,139,140,148,158,150,149,138,147,158,137,156,156,147,140,133,144,155,139,157,143,138,151,156,145,163,160,133,155,148,160,166,157,154,157,166,155,150,160,166,160,164,149,138,176,142,155,135,155,150,152,148,138,163,160,140,137,141,150,146,140,151,150,156,144,132,162,156,147,149,162,150,139,153,148,158,139,161,157,144,129,158,142,139,153,162,142,144,158,167,139,148,154,129,148,139,164,142,152,161,132,148,158,147,118,144,144,154,151,155,136,144,139,152,157,139,148,157,154,139,151,162,159,153,165,140,140,142,168,161,143,155,142,143,146,143,137,151,139,151,142,153,135,143,151,159,161,172,166,147,145,163,149,156,160,146,148,162,164,161,148,153,160,141,156,149,135,157,166,165,147,150,157,147,144,151,148,135,156,142,145,164,143,140,133,147,154,143,157,170,144,145,155,151,154,161,149,153,145,143,149,159,143,158,173,140,145,141,142,154,135,166,147,159,140,152,143,148,161,139,150,143,155,146,150,155,162,141,156,151,156,150,145,144,149,143,159,150,132,172,147,148,143,132,141,154,142,160,140,139,157,148,157,144,154,148,159,150,160,168,156,163,157,141,149,157,151,128,148,147,144,136,139,144,133,170,146,159,161,165,148,151,150,151,130,139,147,152,165,155,172,141,157,151,147,151,167,139,153,173,147,140,157,131,142,154,141,143,134,159,153,141,145,144,150,167,153,155,160,151,144,148,148,159,151,160,151,151,151,141,153,136,134,159,136,152,144,141,144,145,146,146,160,147,159,151,152,159,151,141,125,164,144,156,136,149,127,139,147,144,144,148,148,146,144,155,134,152,167,165,154,148,157,164,139,130,159,144,133,140,147,158,159,147,134,164,152,152,157,156,147,153,162,156,140,148,152,143,147,162,142,163,148,158,163,153,163,150,142,158,130,156,129,150,163,134,146,154,154,168,162,161,146,150,148,159,151,160,152,141,146,150,155,159,159,135,159,156,167,152,135,166,135,155,139,141,147,130,145,168,154,151,152,152,156,145,155,166,142,163,159,149,145,149,154,137,145,149,148,151,158,155,151,158,134,138,159,138,133,161,170,156,143,171,158,151,140,152,145,156,143,148,149,157,146,142,149,152,136,143,158,157,153,133,144,150,145,141,152,148,143,136,159,142,156,167,165,149,151,158,145,144,165,155,160,158,168,154,147,146,143,145,154,158,146,155,176,154,156,159,152,135,129,147,142,145,142,150,137,150,176,147,155,141,141,138,137,145,164,145,145,155,163,152,140,165,151,165,161,152,159,161,150,162,151,149,146,148,168,129,140,151,160,155,149,149,158,149,147,150,155,156,136,146,163,144,141,167,148,154,154,146,139,155,155,140,151,154,161,139,145,142,160,168,135,163,143,152,155,157,147,148,144,150,147,152,168,135,136,158,138,169,161,142,137,152,141,140,151,157,163,140,152,136,150,160,156,151,139,145,163,172,139,152,153,138,149,169,158,166,149,152,147,146,140,128,131,137,151,155,144,150,155,141,164,136,149,126,154,145,145,162,156,140,146,148,161,145,144,143,132,163,137,154,151,150,148,150,140,156,169,146,162,164,129,129,142,161,147,171,153,151,150,165,139,150,143,167,152,131,145,143,155,157,144,140,153,139,159,149,150,154,160,140,167,139,146,161,169,156,144,136,156,165,152,154,153,149,168,147,138,147,149,167,155,138,144,136,165,154,148,148,136,157,137,144,135,157,160,136,144,140,145,147,142,152,155,148,148,144,156,149,168,133,142,151,162,158,154,144,161,140,140,135,147,141,150,148,171,152,146,149,139,160,143,147,130,142,142,140,144,146,133,149,130,135,144,154,147,155,139,149,153,153,149,142,148,153,162,132,154,158,148,155,151,139,145,140,148,154,152,160,145,137,151,146,152,147,156,138,149,160,149,152,144,150,163,145,152,165,149,159,152,144,157,148,153,159,143,151,138,138,143,167,160,140,137,153,164,152,140,159,179,157,145,144,142,161,144,140,139,153,145,152,140,151,137,147,164,154,145,145,156,140,156,156,166,133,154,149,149,142,136,142,145,145,174,159,126,154,151,141,157,133,150,152,131,156,158,159,152,132,170,161,157,160,151,146,144,131,151,156,154,135,154,156,160,156,131,152,142,147,150,162,156,152,146,156,139,157,147,142,142,149,145,147,150,126,147,148,146,172,160,148,145,167,142,159,155,148,148,150,154,159,144,149,159,155,159,133,146,153,149,154,146,150,152,162,149,137,147,143,140,143,155,146,155,143,150,141,141,144,154,153,147,163,160,154,144,168,154,161,136,167,148,146,152,169,139,142,143,158,146,142,153,156,134,152,151,153,154,152,180,146,125,149,139,143,163,148,156,155,156,129,151,148,158,140,137,139,148,161,135,144,158,146,145,166,129,142,139,164,138,146,162,151,165,156,148,157,143,164,158,161,173,143,150,169,136,152,158,154,145,177,151,161,164,162,152,133,143,136,148,140,140,163,151,155,143,135,161,127,137,127,146,150,128,144,156,130,153,158,151,124,141,162,140,145,150,139,147,134,158,167,164,153,152,173,175,168,141,134,159,152,163,151,138,160,143,140,168,145,142,154,146,140,148,131,158,133,148,142,150,146,150,148,151,139,122,147,146,149,156,157,132,160,142,162,127,164,157,153,153,144,139,150,157,159,150,151,147,135,145,154,153,165,162,164,178,157,139,144,148,145,161,156,152,141,136,136,146,163,134,135,167,154,150,146,167,173,144,137,141,156,154,135,138,128,139,153,142,149,133,142,148,139,139,170,151,176,135,138,144,140,148,140,151,151,138,157,149,137,154,159,156,157,150,144,170,141,170,145,160,150,145,148,156,146,143,147,146,155,147,153,143,135,139,146,164,170,141,150,161,159,153,136,154,148,142,144,151,154,162,168,139,157,160,147,147,160,138,149,138,149,151,155,157,170,153,157,157,154,147,145,144,158,148,143,146,121,160,149,150,152,137,171,140,153,145,145,159,129,148,159,132,149,160,158,148,148,153,151,150,164,151,149,143,152,152,179,153,146,166,179,132,159,140,136,132,162,153,149,141,142,134,163,145,153,143,137,147,158,165,142,153,145,158,140,139,152,159,130,156,143,158,154,164,162,128,147,155,144,147,136,147,161,147,143,159,143,141,142,159,166,155,164,155,145,137,150,150,146,152,154,149,162,130,154,149,145,149,141,145,132,147,147,148,144,150,170,157,148,158,142,153,148,137,128,138,145,159,158,144,154,150,158,140,176,147,156,156,156,153,162,129,155,151,144,149,152,156,148,158,153,145,151,150,141,153,141,140,160,139,166,156,130,150,143,135,154,143,150,158,139,155,130,156,157,150,150,143,160,152,145,157,156,147,150,150,161,157,152,155,153,151,145,147,167,155,151,156,149,148,135,149,141,133,139,169,151,134,139,133,175,150,147,154,157,153,149,154,148,151,149,130,131,164,162,161,143,135,158,155,161,132,138,150,134,142,136,154,172,140,145,166,165,150,138,156,144,151,125,146,136,158,139,161,145,153,124,127,170,151,148,158,151,151,153,135,153,136,139,139,139,159,151,145,158,142,135,149,145,157,138,154,142,145,149,164,133,147,140,146,141,150,148,137,164,156,156,167,154,139,133,146,136,151,143,153,155,143,156,153,147,146,136,144,152,167,152,166,157,157,156,155,148,140,162,146,162,144,142,159,156,153,144,140,146,150,150,152,153,149,125,149,163,166,140,166,148,147,149,161,164,140,131,150,157,151,154,138,158,152,140,151,159,158,170,144,131,148,163,134,142,153,170,154,143,145,157,141,150,154,150,153,163,162,160,132,147,152,180,162,158,164,158,140,144,144,177,154,153,141,150,178,156,129,160,144,156,152,154,151,154,139,142,153,164,137,159,145,140,154,153,156,148,139,133,153,176,161,160,147,141,148,144,151,160,153,115,149,144,146,150,141,144,151,151,149,147,136,155,151,146,139,166,162,143,136,167,153,144,146,154,138,136,159,168,140,156,143,157,148,155,151,142,151,151,144,156,164,146,150,139,148,152,143,159,142,148,146,142,143,135,163,139,149,152,154,156,165,167,146,152,132,162,161,154,155,136,172,159,150,152,148,144,150,153,151,157,150,126,141,147,161,158,137,152,152,150,149,154,147,131,151,130,149,156,139,157,150,163,150,142,150,138,130,165,147,151,144,152,144,148,154,147,149,155,155,158,155,150,158,148,160,151,152,149,156,151,146,151,153,155,135,155,153,143,161,167,154,159,165,157,164,157,180,155,156,141,155,143,143,157,136,147,149,150,155,148,131,143,143,135,147,132,150,151,150,144,147,170,160,158,142,160,151,157,134,148,146,151,127,153,137,146,153,149,149,161,131,141,131,156,154,144,138,150,158,149,164,143,130,152,154,152,158,156,158,140,139,150,144,163,144,128,158,135,163,174,158,149,152,153,173,153,137,131,130,154,144,169,140,156,135,128,143,137,161,173,171,164,138,148,174,164,154,139,157,170,171,155,138,147,149,143,162,152,152,146,147,161,162,134,150,148,144,141,149,163,155,124,145,167,136,152,142,143,147,143,144,143,139,155,139,163,154,156,156,150,137,154,154,156,144,148,139,150,137,133,139,158,161,146,154,150,146,139,152,153,139,135,164,153,151,153,152,152,152,157,145,143,150,151,144,158,158,136,152,155,141,146,153,137,157,137,149,146,157,143,164,146,140,148,134,148,131,166,150,146,149,145,153,149,164,154,163,156,135,148,156,132,135,141,148,143,141,146,146,146,135,155,145,135,153,155,154,157,140,154,154,144,156,173,127,150,129,147,159,125,158,157,147,154,140,124,141,156,143,165,142,150,159,151,159,164,150,156,136,158,144,143,138,135,148,161,158,144,136,145,139,132,152,140,147,154,145,164,141,160,158,144,138,166,144,141,141,142,143,140,138,145,162,166,142,140,166,146,141,150,140,144,154,149,158,145,153,153,156,152,150,150,159,163,157,135,162,142,140,146,147,147,150,164,171,173,138,150,133,159,150,155,150,143,142,167,150,153,155,143,149,149,146,178,153,150,138,156,149,149,158,171,147,157,146,165,154,151,135,151,153,158,152,142,141,141,158,146,148,151,144,142,141,132,147,142,137,146,135,140,164,151,150,139,136,155,150,154,149,144,135,138,151,143,148,167,130,160,164,136,157,153,150,152,153,150,153,158,145,133,149,154,150,142,148,150,147,128,170,143,154,131,127,156,145,173,154,148,144,136,139,159,152,155,155,148,141,156,152,128,151,142,131,158,142,163,156,151,154,149,160,158,157,128,142,143,135,170,154,168,154,146,152,168,148,171,163,145,158,154,158,154,163,158,137,166,125,151,139,152,140,154,128,169,162,152,157,155,137,151,140,166,139,163,145,140,150,153,150,169,153,150,148,165,152,149,138,156,156,160,163,138,161,160,139,148,151,150,164,147,160,152,141,160,160,131,143,146,149,165,148,162,135,132,142,142,157,143,141,165,157,163,162,154,149,160,158,142,151,150,154,156,159,157,161,138,149,162,137,145,152,143,160,147,146,154,169,144,151,159,151,158,163,165,144,166,131,148,119,148,181,140,150,152,136,145,137,144,144,140,152,145,118,137,150,150,149,131,161,149,136,152,156,128,135,141,155,144,162,144,163,149,171,166,134,128,164,150,157,123,159,156,149,150,137,148,142,145,134,151,155,155,138,147,132,142,143,146,146,145,162,152,152,150,153,155,173,156,151,171,152,132,146,150,165,162,153,150,166,149,148,159,166,147,146,159,153,139,142,146,145,141,144,160,148,147,146,141,156,163,146,152,150,167,153,169,142,148,140,141,145,166,165,151,162,146,150,146,168,159,154,130,132,152,158,144,150,147,141,150,156,145,160,166,176,156,164,154,145,154,148,146,155,158,160,142,150,157,164,153,139,155,149,155,158,141,158,132,158,150,135,108,143,164,157,169,164,152,144,154,134,142,142,137,155,144,151,156,143,143,139,149,179,151,152,141,146,144,144,156,167,134,154,158,157,161,139,165,148,149,158,145,158,138,138,149,127,159,160,148,159,148,163,161,136,151,149,151,158,146,139,156,146,148,151,141,154,158,151,154,140,132,169,147,153,144,150,140,132,157,157,139,142,165,157,150,155,140,134,152,154,135,130,137,127,161,130,145,143,138,168,149,152,156,153,149,156,144,139,156,156,165,140,149,139,153,139,176,143,161,159,153,153,155,172,141,139,161,138,145,141,177,135,139,157,158,166,155,167,164,159,166,137,159,158,146,148,164,144,134,145,156,173,154,149,151,148,153,145,143,130,160,167,151,139,155,165,157,145,156,140,171,153,131,135,150,154,145,159,158,164,161,147,141,149,154,161,160,156,133,159,156,165,156,146,147,158,148,166,141,142,148,144,139,143,164,157,160,151,156,149,154,146,157,135,154,175,149,166,144,142,160,146,154,151,141,162,139,152,144,151,164,143,145,156,158,160,152,142,148,146,144,154,148,153,152,153,149,146,155,137,151,162,151,167,147,145,146,136,131,159,158,155,154,151,158,159,152,157,144,175,155,148,163,140,147,163,159,152,156,136,149,137,136,147,156,144,162,164,159,161,142,152,139,144,168,145,132,161,139,165,144,166,150,147,130,138,144,142,145,115,163,153,155,131,166,133,148,158,138,145,143,160,135,155,144,179,150,135,149,139,160,151,151,157,156,158,155,131,152,130,142,147,155,132,140,152,137,167,144,130,154,135,158,154,115,153,144,144,132,151,152,142,145,165,134,158,152,146,153,143,154,143,150,148,148,164,152,147,158,144,163,141,149,154,146,148,151,168,158,153,134,165,142,145,157,155,171,146,162,161,153,153,172,145,182,152,146,155,146,148,155,166,136,146,154,135,140,150,159,167,146,122,129,159,144,150,154,159,146,144,150,148,148,155,152,148,143,144,147,159,145,144,154,140,135,140,143,131,162,154,160,151,134,150,138,172,166,153,142,132,136,148,163,148,160,136,137,162,160,135,167,153,143,162,162,159,150,159,160,153,151,150,152,143,146,160,156,145,135,145,162,131,160,161,147,167,152,164,135,140,158,136,147,145,175,133,151,139,154,161,153,160,164,156,123,141,155,151,141,133,161,155,162,145,157,140,135,136,162,161,135,135,145,153,152,132,161,148,146,149,147,139,161,156,154,163,149,155,153,143,153,164,169,158,154,145,160,163,164,151,144,145,168,161,157,136,155,158,148,160,143,164,158,154,171,141,129,141,153,155,147,148,141,149,151,129,154,152,145,134,151,161,156,154,145,166,141,155,140,147,170,148,147,135,137,146,149,145,155,160,131,149,128,145,157,151,151,140,152,156,137,172,135,153,164,155,124,160,158,152,157,151,150,171,157,156,139,149,160,152,150,155,144,154,135,156,130,135,173,144,149,148,138,165,151,140,147,154,132,149,167,160,148,162,142,153,147,157,140,146,146,162,144,156,152,150,160,141,139,146,169,145,143,144,135,148,137,160,156,150,146,141,140,156,131,158,152,150,153,146,141,138,156,151,155,152,138,148,137,141,142,156,142,138,159,140,141,151,135,159,152,143,140,152,147,145,160,141,153,156,144,145,159,157,147,170,160,165,166,152,146,139,154,139,152,162,137,144,158,152,151,149,143,133,164,157,144,147,143,158,154,160,143,155,143,178,159,142,151,148,170,147,142,165,152,125,155,160,168,147,148,153,127,156,145,141,157,157,164,140,138,127,130,136,132,148,141,126,164,139,137,143,143,150,161,149,156,148,148,152,153,162,127,124,164,162,162,143,160,147,142,162,137,143,145,158,142,143,160,155,163,156,167,171,139,145,153,143,128,161,166,131,156,159,160,150,150,145,156,149,141,144,181,169,147,150,136,149,141,147,152,172,148,169,135,166,164,153,151,153,140,149,148,127,138,157,152,136,131,142,145,164,129,139,145,140,144,155,139,148,137,156,141,147,156,138,150,150,160,158,139,155,153,146,148,153,140,149,142,147,160,147,139,169,133,164,142,131,143,161,136,138,154,160,137,134,151,137,152,140,152,153,164,141,126,145,140,127,141,144,155,130,157,138,143,160,163,184,151,142,151,141,137,159,145,161,136,158,164,147,135,152,158,154,140,156,177,116,160,145,157,138,142,147,154,153,149,156,143,157,137,164,152,149,133,169,153,146,147,153,140,143,152,155,154,139,152,147,151,149,134,148,173,165,160,139,161,142,132,154,141,146,159,150,151,137,154,165,131,158,154,144,163,158,132,147,139,160
141,149,160,146,144,142,154,148,148,166,147,156,156,139,151,167,165,140,140,146,169,150,167,145,150,158,151,156,133,143,172,158,147,145,150,165,142,144,160,146,158,150,165,135,165,170,120,142,160,146,149,152,133,144,156,175,168,144,156,158,133,136,154,172,153,131,147,162,142,145,150,142,133,164,140,148,163,141,138,164,153,160,158,139,163,146,141,150,163,143,140,144,157,143,146,144,154,144,136,155,171,144,156,144,140,159,151,150,148,142,152,137,145,168,144,136,146,134,162,146,146,129,139,153,156,163,151,142,150,134,159,155,141,152,133,146,150,139,163,148,132,141,156,156,130,159,165,173,149,152,164,134,147,135,163,140,166,153,165,147,144,151,159,149,153,131,152,158,145,147,138,156,131,149,148,152,145,151,146,155,129,165,143,138,154,148,155,155,163,156,156,147,150,155,136,153,138,146,142,139,156,141,155,147,140,142,146,160,162,151,151,147,140,159,150,169,143,130,153,150,143,131,142,152,148,124,159,153,152,155,147,168,146,150,121,151,161,159,145,145,139,143,155,143,148,146,140,147,156,151,176,163,151,161,146,141,149,138,142,143,154,155,136,155,153,164,135,139,139,146,142,171,151,132,145,166,132,158,151,166,168,154,149,165,168,150,141,160,151,148,158,140,130,159,142,159,134,149,146,164,155,154,146,143,152,157,149,156,159,148,156,153,149,156,152,142,150,159,155,161,157,136,145,150,151,163,154,151,143,143,152,159,144,143,165,157,165,153,158,164,156,161,160,144,146,154,150,133,142,154,137,148,150,167,147,144,157,142,145,159,139,145,174,150,150,133,145,146,149,139,159,156,155,157,147,156,141,148,152,148,150,159,126,142,166,125,146,151,152,158,147,159,161,145,154,150,134,164,178,156,155,138,147,135,153,152,128,161,166,153,154,147,145,143,137,142,177,159,125,149,147,152,145,147,128,150,158,154,143,155,155,158,147,146,137,143,189,144,161,162,153,152,132,144,164,148,148,156,145,144,139,161,133,156,141,138,162,136,151,169,168,156,147,146,148,151,149,152,139,139,162,144,151,152,153,148,154,160,154,154,139,165,157,154,150,145,168,158,136,138,120,161,154,158,131,132,144,149,169,139,159,157,130,122,152,156,155,151,166,151,142,146,142,138,156,152,131,156,147,143,150,148,134,146,156,149,169,171,142,145,159,144,159,150,154,136,142,148,157,159,144,161,147,153,152,153,153,155,163,140,140,163,165,162,146,154,166,148,135,147,150,166,146,157,133,161,174,137,155,163,158,168,142,150,173,159,153,137,137,137,152,159,151,137,145,142,167,140,149,148,156,159,151,149,161,149,160,160,169,145,150,156,141,151,150,162,146,156,151,136,148,148,148,140,153,149,132,148,152,160,165,162,147,145,147,155,155,146,156,152,140,135,154,127,148,148,143,147,140,142,145,142,144,150,157,145,172,149,148,141,145,130,154,163,151,142,152,162,147,154,146,152,143,152,160,145,150,143,152,160,146,146,147,141,148,151,140,149,139,150,157,150,146,159,139,142,140,151,158,159,150,158,137,142,165,147,157,141,146,143,133,165,155,145,142,133,141,150,131,146,149,161,147,159,143,140,150,150,140,165,145,131,146,134,155,180,165,168,141,153,159,158,155,144,147,149,134,152,161,165,150,150,151,132,148,166,145,135,162,152,157,139,157,155,148,160,148,144,136,148,146,149,150,166,145,156,150,163,149,157,159,147,140,145,155,135,147,149,149,139,159,156,153,142,155,148,132,156,134,159,157,145,132,158,136,148,155,144,162,168,165,142,133,141,140,140,156,148,148,152,166,142,151,164,144,167,150,144,149,162,136,151,154,151,150,157,150,160,142,151,160,161,148,158,147,139,149,153,159,155,164,150,152,164,143,159,140,159,158,160,166,144,139,152,170,164,157,153,169,142,140,137,124,152,143,156,165,139,149,130,149,156,141,157,162,155,146,169,157,132,152,160,153,161,140,138,133,162,142,152,150,153,139,144,155,145,174,148,156,157,139,156,149,125,152,158,153,161,132,159,140,143,154,155,158,158,138,134,154,157,161,150,150,145,148,154,155,143,152,146,148,149,136,150,155,146,144,151,147,148,132,150,140,139,148,150,126,160,146,159,152,145,156,157,148,158,133,158,184,137,157,149,168,150,142,140,150,137,158,139,135,142,147,159,166,155,147,159,152,155,161,138,146,153,150,160,160,151,159,158,150,139,141,153,130,134,159,149,147,165,153,133,155,138,141,148,146,157,161,165,160,140,152,149,139,149,139,151,167,129,137,156,152,163,142,143,167,131,157,157,145,152,155,147,167,152,150,152,133,139,151,167,148,161,149,166,137,157,150,152,149,147,133,142,144,155,144,140,144,155,155,169,150,154,156,152,145,153,162,158,150,155,154,123,152,143,127,171,144,167,139,152,155,140,146,164,158,152,140,146,152,144,138,142,149,160,138,158,147,153,127,157,143,156,150,154,135,168,139,167,154,149,162,152,148,127,152,149,143,153,154,127,171,162,126,158,162,160,147,136,152,153,140,132,130,174,140,138,147,163,153,152,155,153,155,159,152,160,156,143,154,141,146,142,136,151,142,143,149,151,136,139,139,166,162,134,150,159,141,138,138,148,135,142,165,151,153,163,173,157,162,152,133,134,137,155,150,129,154,156,164,164,146,170,159,145,156,162,138,141,149,148,147,142,154,144,152,136,148,131,142,143,161,145,153,152,145,161,152,152,154,146,150,129,157,145,142,142,169,153,134,150,160,151,126,145,145,172,161,144,147,132,154,152,137,152,139,148,162,149,139,153,152,136,152,136,145,153,151,146,140,144,181,150,152,167,140,154,156,165,154,150,152,150,141,154,147,126,166,141,141,139,147,144,151,157,158,164,143,158,148,151,171,128,153,127,157,152,154,145,142,141,146,154,143,153,135,145,145,150,142,152,145,146,147,139,153,146,153,151,147,134,157,144,139,144,140,146,149,133,147,170,156,145,161,144,156,140,139,154,127,140,153,162,139,144,165,150,140,135,152,136,154,146,157,145,153,170,147,169,155,140,145,147,163,164,148,145,130,155,141,182,142,148,158,150,141,148,138,144,134,145,137,153,145,138,162,137,137,163,144,167,146,143,153,163,148,151,135,154,149,132,158,130,147,142,163,161,130,164,139,148,153,135,130,146,149,178,151,174,163,159,147,149,149,169,140,141,145,150,140,153,137,161,152,157,144,141,162,142,158,140,157,157,146,135,154,149,144,141,152,150,148,166,143,171,134,164,142,139,139,152,160,143,158,159,157,165,145,151,154,156,137,162,144,142,157,156,143,155,134,145,158,146,128,144,150,129,148,150,151,140,127,158,142,144,151,136,140,147,171,152,148,128,162,132,146,146,149,143,152,159,147,157,147,141,134,146,134,149,132,157,163,133,142,152,160,158,152,142,153,150,148,148,152,166,152,150,132,126,150,144,140,142,149,171,168,154,143,148,138,145,144,155,174,156,138,137,149,143,154,154,144,157,142,147,155,166,160,146,154,156,155,157,164,140,141,166,169,150,145,145,132,154,155,145,159,158,145,154,132,158,146,160,142,135,137,137,165,142,165,142,162,157,146,156,159,154,165,172,142,151,147,152,159,146,162,135,150,139,147,147,163,147,147,157,153,136,172,142,145,140,155,161,153,142,146,148,163,138,152,165,145,158,154,150,151,144,163,148,152,153,157,145,159,162,159,142,146,164,146,148,153,165,171,143,145,154,145,160,137,141,150,144,151,165,146,159,142,168,142,171,153,154,153,138,161,153,139,154,140,150,142,143,138,158,142,158,160,142,139,149,150,141,154,149,154,143,158,158,150,140,142,147,141,156,162,138,149,127,138,158,150,152,159,154,165,135,127,152,145,134,154,162,172,151,157,147,152,153,157,145,150,144,139,137,132,140,148,138,157,161,149,139,138,144,147,143,139,164,150,168,143,149,159,139,164,146,162,147,151,143,160,133,151,149,142,141,163,139,138,138,168,151,143,131,154,148,144,161,152,152,163,152,143,134,145,154,155,149,165,150,150,147,134,135,153,145,149,157,164,153,140,142,158,151,158,157,138,148,148,158,137,144,155,135,157,154,150,144,150,148,153,141,150,144,139,158,136,155,126,146,143,142,137,158,154,133,137,136,142,157,142,158,160,141,139,149,165,143,144,146,149,150,128,148,163,147,158,160,151,159,146,145,145,136,146,145,159,154,157,146,144,154,146,149,174,162,143,147,135,148,153,167,153,136,163,147,150,150,154,158,141,140,145,150,136,142,152,149,141,151,166,156,141,139,164,169,151,147,158,142,144,164,156,155,142,134,139,126,150,155,162,138,173,147,162,175,149,158,160,144,140,159,140,153,172,173,145,164,162,157,157,138,135,138,140,157,141,157,141,140,150,140,155,144,157,160,158,139,144,151,139,149,156,166,134,156,146,153,132,155,162,139,145,154,151,161,151,152,168,123,160,159,142,147,137,153,146,137,152,140,144,148,155,159,148,149,145,143,144,147,147,145,161,144,158,154,156,139,142,149,132,149,140,146,161,150,159,131,156,155,132,144,161,135,145,143,163,152,158,136,135,138,148,152,139,148,157,143,148,169,150,155,137,155,151,143,152,162,156,148,132,152,153,154,161,146,131,161,150,150,143,157,160,172,147,131,142,146,145,154,148,145,154,172,174,149,138,162,147,138,156,162,134,151,154,160,169,144,158,135,166,143,139,144,155,158,149,151,148,154,148,150,154,144,148,139,159,152,170,153,158,155,160,152,149,150,156,149,151,184,147,152,152,138,167,139,148,164,159,165,158,168,153,148,145,136,152,144,149,151,164,158,151,160,146,142,140,161,151,139,146,141,164,156,150,134,154,143,129,169,161,161,140,165,156,149,158,162,157,159,150,163,148,142,162,158,158,143,145,128,153,138,141,153,158,148,151,152,159,141,160,154,155,147,141,164,141,160,165,149,163,161,136,150,155,149,152,150,147,143,149,150,152,146,151,148,152,144,144,125,129,157,147,158,153,175,159,140,154,162,139,136,144,140,142,146,172,154,154,160,168,138,145,141,155,152,164,175,149,153,164,133,121,162,150,142,159,151,155,154,165,141,154,154,150,149,165,144,139,150,150,163,158,146,157,138,166,140,156,148,138,136,139,156,141,156,152,153,149,163,146,147,171,150,157,150,157,164,147,134,144,166,156,142,145,164,155,150,147,140,135,152,144,157,155,145,156,137,156,130,161,154,154,133,142,156,164,153,147,144,154,165,144,140,149,137,156,144,148,145,157,147,137,148,149,149,159,150,126,142,162,135,155,135,155,148,155,157,145,158,139,139,157,143,156,153,159,145,167,162,135,155,158,140,139,163,146,149,152,139,142,132,160,146,149,155,130,151,162,145,126,153,146,141,150,140,150,173,144,138,156,161,155,150,150,146,146,157,141,151,159,143,148,143,167,163,165,158,157,130,174,124,157,160,159,163,149,171,132,143,155,163,152,137,162,151,166,132,148,146,139,157,147,146,160,147,160,153,124,152,166,148,138,131,148,172,167,151,159,150,139,147,160,146,152,168,137,133,151,145,159,153,148,143,144,130,152,152,148,127,150,147,137,168,161,147,143,149,157,138,170,133,138,154,154,139,147,138,142,149,146,149,156,144,155,148,170,161,155,152,165,146,153,150,138,144,139,149,149,143,155,141,152,159,152,148,149,136,141,144,154,145,165,126,164,145,154,155,140,154,157,164,143,143,163,146,135,173,144,142,134,158,159,141,126,151,151,161,146,173,146,157,154,137,150,131,166,153,137,154,145,156,146,158,160,164,154,162,150,139,130,152,128,167,170,112,155,148,143,139,153,137,147,149,149,136,131,167,149,143,131,164,151,148,139,146,159,144,159,144,137,156,140,157,162,151,150,159,133,156,149,156,140,168,140,147,146,151,141,152,151,158,147,163,145,137,148,160,152,152,156,160,141,161,164,150,145,155,149,131,148,151,154,147,148,151,161,155,151,153,151,154,156,145,146,154,135,160,156,169,137,135,154,146,137,151,157,146,174,151,139,140,170,144,154,150,152,159,138,149,147,137,138,141,137,160,156,171,133,122,149,152,125,137,156,140,140,154,182,176,142,157,142,157,161,153,149,169,151,139,144,149,146,153,161,148,141,148,170,152,131,147,146,146,155,152,144,156,143,130,161,140,164,146,162,148,146,152,145,146,155,149,145,148,148,147,159,146,136,146,151,146,137,145,148,151,162,146,147,135,146,153,157,149,137,144,162,160,131,155,158,164,152,138,150,148,134,136,154,135,141,158,126,143,157,154,153,155,156,145,142,148,152,155,147,162,173,139,153,160,149,136,155,168,152,153,158,155,159,156,148,139,137,154,157,157,151,141,142,162,145,175,160,155,160,154,139,153,145,153,131,122,162,156,146,129,142,151,147,139,145,131,153,161,158,137,152,145,143,158,143,147,155,152,152,141,152,160,162,164,148,171,147,159,137,149,140,131,169,146,153,162,130,155,146,143,152,150,144,146,142,146,142,149,149,144,163,147,134,131,164,146,152,146,152,142,147,168,127,139,133,135,164,154,142,115,145,156,155,169,144,146,154,157,149,135,160,140,157,150,164,172,167,144,156,149,164,136,145,155,149,154,147,151,149,163,154,144,171,153,143,144,159,168,157,136,150,151,132,157,146,150,162,153,148,139,145,148,148,144,162,149,172,155,146,160,161,157,157,155,159,145,149,153,157,128,144,160,155,138,145,126,158,142,140,160,143,142,137,146,141,139,145,153,154,157,153,149,143,140,155,163,150,136,140,143,140,148,138,157,124,167,151,145,170,148,158,144,152,137,159,160,141,172,151,134,159,147,147,138,156,153,153,157,146,156,156,152,156,136,122,156,147,159,144,156,160,145,153,132,154,168,140,149,155,157,154,159,153,155,139,147,144,148,144,144,149,137,143,143,144,156,167,153,153,143,155,161,153,143,139,155,155,149,135,152,158,153,159,152,147,144,152,146,124,163,149,155,133,141,153,150,135,154,155,147,171,142,139,164,156,152,159,158,137,142,137,160,148,161,147,156,138,152,130,150,157,159,150,140,136,150,153,146,157,166,168,149,133,146,143,150,148,142,134,158,159,138,146,146,145,168,130,175,148,137,140,153,135,142,155,119,147,155,132,142,165,160,149,141,153,135,140,148,168,145,155,150,135,168,165,154,138,145,163,159,155,158,139,154,144,141,150,146,153,135,151,169,160,143,140,151,134,136,153,150,151,153,146,151,153,161,138,144,147,168,150,152,154,158,145,141,175,150,145,153,130,157,173,160,142,159,169,179,153,151,145,151,149,141,158,155,156,134,154,147,152,154,152,151,154,157,139,151,174,162,181,145,145,149,148,153,156,135,149,152,136,153,157,132,143,143,148,155,146,150,150,153,126,161,131,136,148,147,134,134,154,152,144,167,152,150,141,144,146,157,164,153,164,157,149,156,144,157,142,153,147,153,150,139,138,153,154,150,133,150,145,147,156,145,146,158,163,134,147,148,141,141,124,131,155,142,146,164,162,155,163,157,168,161,129,152,156,152,147,158,152,152,169,145,153,161,143,135,148,156,158,145,143,148,177,134,156,159,144,132,171,150,134,155,144,138,169,145,148,158,145,168,148,157,171,155,143,147,144,164,143,148,143,158,160,138,142,149,151,149,148,152,156,152,160,148,148,177,163,156,147,158,149,152,152,150,138,136,150,158,124,161,146,155,139,135,137,142,146,137,143,150,137,155,165,149,156,152,159,171,143,161,164,148,144,144,155,134,138,145,150,145,153,147,148,157,145,133,169,140,153,146,149,160,159,173,168,146,156,160,159,155,161,164,154,151,146,148,152,151,153,130,148,151,152,156,165,141,153,138,126,150,150,163,142,149,171,144,146,148,142,127,159,157,134,175,146,147,144,166,158,148,161,156,149,146,165,143,155,151,147,143,134,157,156,145,137,146,153,139,145,155,155,158,148,164,134,151,161,152,142,146,149,156,135,137,155,137,150,135,141,137,143,154,143,149,154,158,139,172,140,143,149,155,158,134,154,144,157,150,162,154,151,150,155,153,148,158,156,158,147,143,158,139,147,152,159,146,139,134,149,153,144,148,154,140,139,158,157,148,137,147,153,150,160,146,153,137,144,161,149,135,142,152,143,138,149,144,150,137,148,151,150,155,159,152,150,170,136,134,150,156,159,149,144,162,143,142,142,149,144,136,143,142,138,150,135,156,166,124,149,135,163,156,159,156,146,159,155,150,149,143,160,158,145,162,153,172,154,139,138,142,129,149,151,158,160,150,144,167,149,147,131,136,151,172,155,158,134,157,154,146,147,151,153,143,153,137,163,169,138,151,154,131,144,156,157,160,159,151,156,144,145,151,170,161,151,169,141,156,144,164,144,164,134,145,150,151,157,135,155,147,145,153,161,150,142,156,158,149,144,136,138,139,153,144,152,147,153,155,129,159,160,164,158,149,137,139,142,147,157,154,161,159,145,141,152,134,143,143,155,159,141,145,154,133,169,149,128,149,156,132,144,140,169,154,162,134,159,158,148,153,153,131,151,170,164,136,143,151,144,138,160,137,161,142,146,132,145,150,163,140,154,151,132,152,148,171,150,149,142,159,135,169,127,155,141,153,167,164,130,139,153,134,144,159,181,147,158,133,145,162,148,157,161,156,148,155,164,141,157,174,169,132,135,158,139,165,149,142,178,150,130,135,138,158,166,134,131,138,153,157,141,133,145,147,160,152,144,154,172,163,170,148,165,147,149,132,160,160,145,143,174,141,135,149,168,153,151,130,150,142,147,154,144,154,133,144,173,144,133,143,137,150,135,146,156,123,144,137,168,151,148,148,151,153,147,141,170,157,140,147,156,149,136,154,124,160,134,137,152,153,151,141,141,138,134,123,172,152,151,157,163,160,144,156,166,155,152,150,159,118,142,134,157,145,157,164,162,152,143,153,152,146,149,163,137,158,142,144,134,163,156,152,153,161,138,131,150,159,152,145,154,143,143,168,145,151,155,142,142,146,134,162,139,151,138,153,135,182,157,142,132,164,129,148,155,153,135,148,147,145,125,167,135,141,148,149,141,146,151,156,134,158,148,154,137,159,136,154,152,146,164,154,139,142,137,151,152,152,127,151,157,142,153,165,158,161,141,136,158,140,137,133,141,143,149,139,138,149,145,147,156,147,148,139,146,147,149,160,151,156,160,142,147,148,124,165,138,167,140,133,129,157,162,153,151,164,165,139,170,141,152,134,153,145,158,156,163,146,176,158,149,161,181,146,158,159,167,133,142,167,164,158,136,150,152,173,152,154,154,146,154,149,150,145,139,145,157,155,145,135,152,153,149,162,152,138,162,164,150,161,151,141,164,134,148,154,142,148,144,167,150,150,140,133,145,157,144,157,157,140,126,150,150,148,135,152,141,155,153,166,141,140,151,158,159,161,154,138,153,148,149,151,141,157,147,161,145,138,136,169,150,143,163,169,135,128,150,147,156,163,151,165,135,161,154,152,146,143,160,165,165,155,143,165,145,131,154,138,149,147,142,151,146,156,149,144,144,153,146,151,145,161,137,161,151,148,163,169,149,158,163,135,148,165,125,153,147,143,158,132,152,153,142,153,153,147,137,152,161,142,142,158,150,163,160,158,131,138,159,139,154,160,147,142,141,154,153,143,139,145,149,157,161,130,137,144,163,143,144,160,167,146,150,157,148,154,148,157,152,141,143,140,147,152,165,167,141,156,149,162,167,153,157,151,148,123,161,152,154,163,137,145,153,143,142,144,153,142,163,124,146,171,151,152,161,159,136,145,156,150,147,142,153,159,156,148,156,159,144,152,160,143,151,124,137,147,150,149,137,155,147,156,168,164,155,134,146,153,149,145,144,148,148,155,151,149,178,153,169,148,143,131,153,153,169,158,138,150,150,159,149,146,154,135,147,147,157,152,150,152,143,157,145,159,148,121,156,145,157,136,145,136,161,160,143,148,155,141,147,160,146,145,134,161,147,134,161,163,168,134,158,146,140,148,159,151,149,154,139,138,141,139,155,133,153,144,144,154,158,142,158,138,169,142,150,137,142,155,163,153,139,154,132,162,145,166,151,165,166,154,148,165,152,149,154,157,141,150,152,134,143,152,153,143,135,145,140,156,164,153,157,153,160,162,174,135,155,147,144,148,158,137,162,151,148,155,145,144,158,156,125,172,148,153,140,139,145,139,157,147,144,133,142,148,156,130,145,162,166,157,143,147,155,152,144,149,148,162,147,127,147,138,148,168,130,142,157,157,143,138,151,137,140,169,164,146,155,145,164,160,136,150,138,145,158,157,150,146,145,150,156,155,153,150,145,143,147,156,167,162,132,136,143,158,159,139,123,153,157,158,130,151,144,156,152,151,148,155,163,153,148,163,134,164,167,152,154,181,151,125,132,161,145,150,145,152,144,142,159,152,139,151,152,151,170,159,166,159,134,175,149,153,160,143,156,159,151,151,145,161,161,156,158,152,134,158,128,139,143,156,156,144,153,138,142,142,127,140,164,151,167,141,156,164,145,134,165,167,141,143,148,155,151,151,146,157,137,161,144,137,135,144,144,166,166,148,150,163,140,136,142,168,155,145,172,145,156,151,146,148,140,154,148,145,161,164,140,148,154,131,164,141,159,166,134,165,166,148,147,139,137,145,148,162,161,149,152,140,154,143,146,144,158,160,164,147,153,138,159,148,148,156,164,173,147,148,154,152,155,140,147,153,152,133,131,158,156,147,151,160,159,163,158,154,155,164,140,137,151,139,161,157,166,127,133,162,158,157,153,165,141,144,126,146,160,150,154,151,143,165,152,136,148,153,150,167,164,141,129,154,149,156,174,163,149,136,155,148,164,141,145,137,137,151,156,143,158,155,153,153,164,148,157,156,156,151,154,158,156,134,154,145,167,150,158,157,167,149,152,158,145,145,155,148,143,157,140,152,158,138,148,149,140,146,146,147,148,138,141,147,168,148,146,146,147,151,153,148,141,149,137,154,142,152,145,156,154,142,149,157,137,153,144,145,131,170,143,149,160,156,149,151,152,139,162,141,158,140,141,135,155,142,159,141,187,145,147,149,144,152,144,153,154,157,145,159,152,139,166,150,142,146,158,155,151,163,141,161,148,149,143,122,151,152,158,125,161,141,153,174,155,164,152,141,142,142,138,145,151,131,156,133,151,151,152,152,151,157,158,156,149,144,150,149,143,143,143,157,147,158,143,151,149,149,144,146,161,159,162,154,143,152,156,159,146,149,159,128,138,152,146,139,158,151,160,157,151,145,141,157,149,134,144,177,147,143,145,150,158,151,141,144,143,165,138,166,141,163,165,149,162,137,138,141,132,144,145,148,149,158,160,140,145,153,156,146,160,145,136,156,158,173,152,145,152,141,167,155,164,172,140,138,154,144,148,135,155,174,151,139,155,145,163,165,158,142,139,139,142,170,148,147,139,142,149,148,162,156,150,139,134,154,158,148,130,127,143,144,140,184,150,158,149,132,157,160,146,166,139,151,150,155,160,141,135,164,140,142,142,145,131,162,147,143,145,161,157,158,138,157,156,148,160,158,172,153,152,145,127,151,159,158,164,155,148,132,143,163,155,148,152,144,153,145,163,149,151,165,142,146,168,146,151,146,133,140,150,159,149,149,156,149,157,159,135,144,129,152,148,149,160,138,150,161,154,125,127,149,144,136,160,153,170,155,134,151,140,156,167,147,142,149,146,144,132,153,147,146,162,162,160,162,129,147,156,152,137,152,149,147,150,135,128,175,158,156,162,154,145,147,138,153,158,170,149,151,145,148,148,144,151,158,139,135,140,157,157,149,147,154,140,154,157,159,159,144,155,145,164,141,145,139,147,146,154,145,127,133,155,156,120,162,142,146,152,138,154,147,151,138,120,143,162,152,148,150,150,138,145,147,158,164,162,158,168,139,138,151,137,162,126,164,163,147,132,157,155,143,137,150,153,155,161,140,156,159,150,150,135,142,138,143,141,139,141,151,156,137,150,162,138,153,130,158,157,141,142,152,157,147,142,143,140,146,136,165,149,145,143,163,148,147,163,130,150,149,174,138,143,156,151,129,167,145,144,150,148,157,162,143,154,159,149,150,166,149,161,135,130,144,154,130,143,161,140,127,163,151,136,129,149,149,148,141,151,162,139,142,158,130,151,145,156,139,155,163,152,154,140,157,140,151,164,143,153,145,140,156,135,149,144,161,156,142,134,160,140,161,171,146,153,136,139,141,142,150,139,173,141,146,158,150,153,163,152,160,165,153,137,160,154,154,141,123,150,148,154,159,163,156,151,151,159,153,139,173,150,161,123,160,147,150,157,160,155,153,143,160,130,150,123,157,164,140,139,133,160,149,151,158,159,136,148,155,133,165,138,163,145,137,164,146,133,147,141,157,151,155,159,161,132,145,123,152,137,144,125,155,151,142,156,159,170,163,159,162,152,144,138,142,132,158,147,151,158,144,151,159,144,167,138,138,163,131,148,158,171,142,141,150,149,134,160,173,149,149,134,153,168,168,139,137,150,134,157,154,164,147,153,154,152,139,164,125,162,141,135,155,156,144,151,152,149,132,137,166,141,135,170,145,157,150,154,145,159,154,146,153,154,151,171,134,133,143,149,139,149,152,140,148,144,142,146,167,134,153,147,146,156,156,144,150,141,144,150,147,130,140,149,161,156,160,138,166,140,155,167,153,146,141,161,159,140,144,147,162,122,148,121,158,155,159,151,155,167,154,153,153,166,132,149,171,142,144,154,137,133,142,144,147,156,151,135,159,165,150,152,156,144,137,143,149,147,144,139,154,145,173,157,138,147,145,143,148,164,138,150,134,156,170,136,150,142,156,142,167,167,147,158,144,140,159,152,134,152,134,162,148,135,147,139,136,147,146,157,144,161,153,151,147,123,150,147,139,148,143,147,152,163,154,143,143,148,152,170,138,151,146,149,160,154,145,142,163,148,153,168,147,152,136,138,150,124,155,150,139,169,149,149,146,162,154,155,141,140,144,140,162,162,152,154,168,141,151,167,141,159,169,141,138,156,169,152,160,147,135,151,132,147,129,142,133,155,171,165,148,151,140,146,155,143,177,161,134,130,150,131,163,143,159,141,138,150,150,143,149,155,143,130,145,157,156,152,157,152,137,137,151,143,137,162,151,141,143,158,144,149,157,157,145,154,162,152,149,158,176,142,165,134,165,143,149,157,148,130,153,139,145,140,133,145,137,164,139,149,137,140,128,158,146,154,145,150,168,156,129,151,140,160,141,126,157,162,133,140,150,147,131,142,143,136,133,146,157,151,134,142,148,151,142,143,160,122,144,149,143,149,144,137,135,171,142,149,137,158,146,153,162,153,154,167,143,153,141,151,158,160,151,140,136,135,163,137,128,154,134,146,151,143,159,144,158,160,141,140,158,123,152,159,158,162,155,149,144,133,137,163,148,143,162,149,157,150,142,138,138,124,145,158,156,168,149,150,156,151,147,163,155,148,126,149,137,132,158,149,160,139,137,146,148,146,144,137,158,139,154,159,137,148,151,149,137,153,157,144,154,147,126,162,148,157,150,171,143,134,143,173,141,158,147,153,157,148,161,150,159,139,150,148,126,139,151,167,118,150,159,170,157,136,153,162,146,154,133,164,145,149,142,151,142,156,175,162,158,150,143,147,152,156,165,148,129,146,143,157,159,143,136,136,164,157,154,141,151,140,144,143,138,160,145,166,154,146,146,158,147,144,144,143,169,135,129,148,159,145,151,149,150,156,161,146,160,146,124,148,161,142,150,157,156,155,136,143,154,152,136,164,160,139,149,154,166,144,152,156,137,149,162,154,160,159,149,149,148,164,172,138,143,137,154,148,136,156,157,148,168,160,140,152,137,154,139,157,154,139,162,140,143,153,160,144,128,153,140,140,148,155,148,145,143,154,153,149,146,152,150,150,156,154,154,152,165,146,144,150,143,147,146,149,138,141,147,147,146,152,147,158,150,166,137,132,156,151,159,145,139,155,152,148,129,138,160,143,152,136,146,157,155,137,157,162,161,154,175,169,142,152,157,159,134,172,142,150,129,137,146,141,154,144,140,147,139,144,154,149,149,157,158,144,148,156,135,158,139,142,152,137,134,161,108,163,172,152,139,157,161,127,129,144,152,152,160,158,155,165,165,147,148,135,148,165,143,139,167,139,145,156,140,161,157,149,151,161,139,160,134,150,158,153,164,128,127,160,139,134,144,146,150,133,156,156,183,156,159,140,147,152,177,135,155,167,140,143,152,156,152,147,157,161,150,140,143,150,145,142,144,161,151,135,150,164,143,145,160,163,157,148,152,166,153,151,153,152,143,134,150,160,137,137,138,157,139,148,145,167,150,149,130,151,144,143,163,143,160,153,156,163,142,139,143,167,147,150,151,149,161,139,135,139,168,135,149,153,147,151,143,159,133,139,157,167,145,155,140,138,142,144,141,138,161,146,151,127,147,150,162,152,146,166,157,155,148,161,143,144,154,148,162,149,156,154,148,149,146,141,138,167,139,147,155,138,157,156,146,161,144,153,156,144,139,163,165,151,152,160,148,155,148,144,156,138,149,155,169,142,144,149,147,159,160,130,143,136,143,153,159,126,156,166,157,151,160,145,155,152,152,174,149,156,155,172,150,172,155,150,150,151,155,144,135,151,157,152,142,142,160,142,144,151,141,143,135,142,160,155,160,154,151,149,148,141,159,153,181,150,154,145,153,158,142,145,152,148,164,142,141,148,148,140,161,142,165,146,134,141,154,143,135,138,151,138,154,155,155,149,138,168,140,142,152,137,152,144,146,160,171,140,135,143,149,152,149,151,161,156,141,167,162,151,141,155,155,169,147,145,148,139,158,134,172,142,144,149,158,127,140,149,147,152,158,140,156,145,137,168,163,147,145,164,138,143,146,152,162,134,144,165,139,137,165,171,158,157,154,153,154,153,142,150,156,144,149,153,145,146,152,138,144,141,151,166,133,152,142,164,159,168,143,135,160,155,155,157,130,144,150,152,156,146,156,143,146,165,155,147,152,142,142,174,152,148,155,138,140,161,165,172,173,168,135,164,146,143,148,158,128,148,159,158,153,152,144,153,159,144,152,133,154,148,180,159,160,142,155,151,129,152,138,143,153,141,159,173,141,140,152,141,152,160,154,160,150,161,138,131,164,143,145,154,138,149,159,156,137,155,151,151,145,140,121,154,152,149,164,148,143,135,146,164,135,148,148,149,137,132,161,152,143,157,127,124,144,143,157,152,147,135,140,156,133,140,162,125,154,143,143,163,163,158,148,154,148,146,145,159,141,153,149,142,146,143,159,148,145,149,145,142,156,166,162,148,169,148,143,153,139,149,146,140,151,159,168,129,145,149,145,126,158,154,158,146,158,128,151,151,151,126,142,147,139,148,137,150,155,156,152,137,147,158,146,146,145,167,148,155,155,147,127,151,151,149,135,160,148,141,144,160,153,149,150,138,146,159,151,123,156,152,150,142,139,153,146,146,151,135,142,144,156,150,159,152,170,158,161,149,154,142,172,141,140,143,137,151,143,161,135,131,157,124,143,156,160,132,151,152,146,151,141,149,152,154,149,162,139,151,151,137,154,149,143,149,131,147,140,142,143,155,129,163,149,160,146,163,158,150,191,151,147,152,159,149,152,149,150,125,153,160,140,169,165,153,148,150,162,155,141,171,172,157,154,140,152,136,136,129,144,139,151,138,134,150,171,150,147,148,163,143,150,161,172,172,175,167,140,138,154,154,138,153,157,141,157,140,134,145,148,136,163,150,167,140,145,139,134,168,131,146,162,136,178,150,144,143,163,140,151,151,141,136,153,147,153,137,137,132,162,159,141,135,151,150,138,143,150,140,147,140,157,149,153,129,136,142,137,157,148,152,141,163,139,164,131,140,155,145,123,124,151,148,151,144,138,136,158,149,160,136,164,133,150,158,141,155,139,154,158,157,144,160,156,143,134,167,127,155,151,135,131,166,147,141,148,133,158,181,146,141,156,159,152,145,138,158,149,136,164,162,144,134,138,170,151,151,151,134,154,156,136,143,164,155,149,149,162,141,161,149,152,162,150,154,147,149,142,147,138,155,156,146,157,152,153,137,156,138,146,144,168,141,162,140,171,142,124,150,134,163,162,159,137,145,148,166,139,121,141,163,151,136,163,141,139,142,127,153,152,142,142,149,154,149,154,155,159,162,140,153,145,153,148,146,166,161,160,145,158,140,149,139,139,152,146,139,148,146,148,155,138,143,162,149,144,139,142,162,148,151,153,135,143,140,153,163,160,145,169,150,138,158,146,142,177,115,141,157,147,138,163,136,147,155,151,155,145,151,138,122,153,148,135,147,153,155,156,156,166,151,143,131,144,148,151,148,139,153,152,145,176,152,169,159,149,160,165,139,149,130,168,172,160,152,149,156,154,173,163,146,160,158,159,142,141,156,129,143,154,149,150,142,161,142,149,156,162,160,149,145,158,132,138,145,169,144,130,162,148,143,153,159,139,133,147,165,159,141,143,159,136,154,155,155,144,145,173,145,129,145,160,151,156,168,148,157,151,158,154,147,148,178,152,149,146,144,157,153,153,152,152,165,157,149,162,149,140,143,174,147,169,151,142,152,154,134,139,155,159,153,136,149,146,150,137,146,160,146,141,151,168,152,134,148,153,143,139,153,159,139,162,159,120,144,140,146,156,153,144,154,152,160,151,144,146,154,152,136,141,156,152,161,163,145,146,157,172,156,141,148,162,144,147,146,147,151,161,134,142,145,160,145,140,153,161,177,153,143,160,142,132,143,164,131,160,140,144,153,147,150,148,155,148,157,163,169,150,148,142,143,146,154,162,145,144,160,166,154,160,147,137,146,134,146,162,163,151,172,150,171,150,147,153,147,167,173,160,133,146,136,147,135,142,142,159,169,151,151,145,155,143,138,158,136,156,145,152,136,133,156,148,152,149,129,149,153,156,142,162,146,132,147,137,150,141,150,159,164,140,151,138,147,145,161,146,157,168,153,156,164,151,155,154,158,150,157,153,154,145,174,137,142,164,149,149,132,128,155,141,146,133,124,154,158,153,148,144,145,149,148,164,130,139,149,155,164,140,143,149,166,164,145,128,134,160,133,166,164,149,143,158,168,149,130,132,148,147,142,156,152,177,153,133,135,135,149,158,131,146,149,152,157,129,160,140,151,143,144,170,152,142,156,162,136,139,168,156,143,153,161,159,172,151,147,156,147,135,152,155,147,164,154,153,155,157,154,148,158,144,159,150,156,136,159,170,162,133,145,155,157,166,144,131,161,150,163,141,131,165,147,133,141,172,143,147,150,154,131,140,148,148,157,161,153,153,143,167,147,138,142,160,155,173,144,146,152,150,138,155,147,169,150,140,154,160,173,150,147,170,157,144,141,154,148,149,144,136,145,160,138,141,164,163,161,137,142,161,160,167,158,146,153,159,139,147,129,157,160,141,136,148,132,171,148,154,156,153,145,147,165,155,169,161,158,137,158,172,124,156,146,140,141,154,171,144,159,148,137,148,144,148,161,151,151,167,140,145,154,131,140,148,127,144,148,148,158,143,160,147,139,151,137,144,130,162,157,140,161,147,142,150,147,141,157,131,146,161,153,164,126,159,162,152,140,172,159,175,154,152,137,147,172,150,147,147,138,151,155,162,134,144,142,158,154,147,154,136,151,140,159,132,140,153,153,164,133,152,169,150,148,137,146,148,155,131,153,147,143,148,150,131,160,161,153,149,151,131,156,154,150,169,151,155,152,153,170,140,165,156,137,122,134,130,147,151,142,152,159,166,162,148,156,148,157,161,146,147,187,156,145,143,144,147,159,144,143,146,153,151,152,167,150,154,166,159,136,148,146,148,149,154,162,149,161,150,157,160,159,122,145,139,138,148,137,131,144,156,130,143,126,144,151,160,166,134,148,145,165,156,166,157,154,144,126,152,164,137,151,154,141,164,140,164,152,168,166,140,147,168,152,145,135,142,141,166,157,160,148,148,146,137,161,151,170,168,149,150,158,144,112,156,157,138,157,155,157,171,161,141,144,147,145,150,150,154,149,150,146,139,163,149,148,136,140,160,148,160,154,157,157,159,145,153,147,137,156,136,148,146,146,146,151,153,147,155,148,149,144,151,136,147,147,159,142,145,145,134,151,158,138,136,151,164,159,162,150,143,139,161,136,148,175,154,142,162,177,152,145,157,158,152,169,135,148,155,153,134,141,156,152,147,151,168,157,141,147,161,144,150,141,163,165,140,147,145,143,153,135,151,173,143,146,164,140,153,149,146,177,169,164,149,148,162,150,154,145,148,138,152,146,131,138,150,145,170,160,157,156,157,169,157,144,150,147,145,158,145,147,163,158,147,157,154,148,148,158,146,154,166,149,173,147,180,155,146,150,162,149,137,171,150,144,185,143,163,136,151,145,143,157,149,158,143,163,161,154,144,155,147,151,137,150,142,147,135,148,169,162,156,163,141,163,153,158,148,153,135,156,140,170,136,160,147,152,154,142,150,148,137,153,146,147,154,150,149,145,169,138,143,151,177,152,136,134,152,147,139,151,145,173,121,142,154,141,154,168,146,151,120,156,154,152,166,147,162,148,149,165,140,139,144,151,149,132,140,157,145,149,151,149,156,146,162,161,148,149,136,171,135,152,145,134,147,131,148,148,147,148,132,146,145,152,153,146,147,151,161,151,149,157,142,145,133,160,165,150,149,147,144,167,159,152,148,149,156,150,176,150,140,163,164,135,136,137,152,157,170,134,161,145,160,169,141,149,144,158,148,161,162,142,155,136,137,138,143,139,147,140,156,156,169,161,135,151,153,152,155,128,136,154,155,137,138,140,164,158,141,161,147,170,152,139,142,152,159,164,151,133,145,140,155,151,143,140,150,148,146,154,162,159,145,144,136,150,140,146,161,139,136,146,139,146,153,139,161,140,153,131,153,146,146,152,171,162,136,150,148,164,148,147,158,159,155,147,161,153,147,151,158,167,169,162,155,147,159,162,132,174,137,139,138,163,172,148,150,152,148,158,162,143,149,142,134,146,142,162,148,157,162,148,143,150,161,135,154,152,145,150,165,165,160,155,145,160,166,144,146,151,148,144,127,131,157,152,154,145,160,138,141,141,140,153,141,148,160,161,153,157,162,153,137,143,151,135,161,153,157,153,171,148,151,151,133,150,143,140,175,143,151,158,139,143,127,162,158,168,136,142,145,137,151,132,156,153,157,151,151,156,162,145,148,141,164,152,144,138,167,146,147,158,164,170,144,138,138,135,143,159,126,159,162,151,138,156,150,147,133,151,160,147,151,138,166,149,149,144,151,152,157,131,140,149,156,150,155,137,152,161,148,156,156,149,157,134,148,154,151,144,143,152,144,149,135,158,149,139,145,154,156,143,156,137,133,140,143,159,137,151,145,140,151,156,143,149,146,148,151,153,143,156,148,142,136,167,157,144,147,173,148,144,150,143,156,149,175,143,151,159,159,164,124,154,155,153,137,154,160,138,142,141,139,135,147,162,149,142,163,157,131,160,150,156,132,152,160,151,127,143,132,140,177,143,140,150,144,140,152,141,137,140,167,162,159,144,137,143,155,156,166,147,137,160,151,144,134,149,157,143,161,155,153,129,146,153,169,162,141,168,154,141,152,142,142,149,157,153,161,159,149,161,136,145,152,141,141,132,144,150,137,171,134,154,153,157,157,157,134,151,157,158,152,160,128,154,146,141,151,145,158,168,166,153,161,158,148,140,146,170,152,154,168,127,137,134,129,152,156,151,161,154,156,153,149,148,140,141,158,149,145,142,152,138,138,138,138,131,139,162,147,147,155,143,137,139,157,154,152,149,151,146,165,141,149,158,138,159,150,152,147,134,119,155,143,165,142,164,136,165,159,129,153,150,144,146,156,159,157,149,139,145,172,160,159,173,137,158,165,141,136,154,150,154,150,141,155,146,148,165,171,165,150,143,149,149,152,150,138,145,148,133,149,159,157,135,142,159,157,161,150,141,144,149,157,133,163,134,160,146,155,159,149,151,154,143,129,177,137,147,159,157,151,142,153,154,149,164,145,167,164,134,138,147,146,149,142,140,152,173,164,124,150,141,168,144,163,165,156,170,137,145,153,153,151,139,136,165,155,140,156,165,146,173,150,162,153,151,156,146,140,149,149,149,151,171,139,153,161,147,155,149,158,156,147,164,148,151,152,166,167,147,121,155,160,145,133,145,160,138,137,154,165,138,164,137,135,167,155,141,172,152,131,175,156,150,159,155,153,147,145,136,150,142,138,157,156,148,156,157,137,139,145,142,132,145,140,164,168,158,160,148,139,145,162,149,151,141,134,161,143,161,159,153,141,149,149,159,156,156,143,142,139,138,150,143,173,156,166,153,153,147,163,141,158,150,152,158,163,155,143,142,142,157,168,151,162,152,154,155,142,154,164,152,149,145,160,160,155,152,140,135,148,166,132,131,136,141,172,134,155,159,139,167,145,156,156,140,140,141,162,141,150,135,137,151,147,157,153,158,150,152,154,168,145,156,146,157,128,160,145,138,147,150,149,127,160,163,159,131,151,152,133,132,155,139,148,139,142,155,161,150,157,142,118,141,146,157,154,153,160,152,161,148,149,155,150,147,155,163,155,145,148,154,136,136,136,151,157,150,159,143,145,153,164,153,145,153,145,154,152,135,164,131,124,139,148,152,143,137,135,142,148,146,158,145,165,139,139,166,145,145,166,156,132,136,145,116,147,156,131,159,168,161,143,168,161,159,142,162,153,144,152,147,137,141,141,150,152,136,156,159,162,139,154,161,147,138,145,140,160,159,157,131,146,147,152,150,143,163,143,140,152,151,162,153,157,170,143,163,133,127,139,162,152,150,155,155,142,158,146,142,138,148,149,137,163,144,161,143,145,133,153,155,149,151,160,162,155,159,154,147,157,158,163,144,165,169,148,136,145,148,157,152,139,168,148,148,134,172,151,147,153,130,164,154,159,176,139,154,150,163,135,165,153,153,171,156,143,148,155,139,148,139,148,150,151,148,141,146,123,144,149,155,145,159,145,143,148,140,142,150,157,139,136,148,151,143,149,139,143,144,162,165,149,155,142,151,140,159,158,140,150,154,165,149,155,150,164,120,156,127,154,164,154,138,158,157,138,154,160,165,147,154,156,143,152,154,157,148,168,144,135,160,132,149,171,153,151,161,175,138,151,147,147,155,143,147,135,151,154,168,160,146,135,169,154,159,142,147,147,144,153,127,148,153,143,149,140,173,164,156,144,164,148,154,147,162,156,148,149,151,148,139,134,160,151,129,171,159,174,150,128,142,169,153,151,151,140,150,145,149,141,147,154,131,149,145,152,152,151,160,137,141,150,158,142,152,160,154,136,141,149,161,151,158,126,132,149,139,147,146,151,150,144,163,132,143,140,161,150,130,156,149,151,165,159,141,138,147,146,136,154,154,165,147,131,130,162,141,158,153,134,151,154,166,160,166,149,154,167,154,142,146,158,148,160,139,161,125,178,155,152,157,141,140,165,164,157,162,142,160,151,161,148,151,154,158,162,152,149,146,162,143,138,148,141,143,154,144,171,141,152,160,151,142,144,152,140,146,156,156,150,132,147,167,136,159,144,155,153,125,162,141,147,154,141,143,143,148,141,142,137,147,128,153,132,152,144,169,135,141,150,138,141,155,170,139,151,152,151,152,143,152,134,141,155,148,156,136,152,154,145,147,158,152,145,152,146,154,159,139,135,154,149,145,157,159,152,143,148,147,127,127,163,166,141,137,147,126,154,175,134,156,157,137,149,149,160,153,153,150,136,131,148,148,157,155,135,152,153,135,137,151,144,153,155,132,158,148,153,170,153,172,140,140,145,144,148,154,132,134,175,151,153,144,157,138,152,129,142,151,138,153,163,135,160,164,136,148,149,150,143,144,173,139,146,130,149,153,158,158,150,149,146,165,165,148,147,145,149,158,146,153,135,154,157,144,143,148,149,149,156,131,141,160,141,141,159,152,156,155,140,150,152,161,150,152,136,148,156,152,139,156,136,164,140,149,151,158,151,156,139,139,157,146,142,143,139,154,151,153,154,144,138,149,162,145,155,149,158,147,144,164,159,164,153,162,150,152,159,162,152,179,142,155,152,145,155,152,135,141,161,156,150,170,140,149,131,160,141,139,150,147,152,161,157,155,156,154,149,137,148,161,164,158,149,160,144,149,144,161,133,162,138,154,140,143,140,164,144,154,161,127,130,157,160,153,152,147,157,176,149,165,142,147,153,151,152,156,151,156,155,165,141,148,157,150,153,161,141,157,139,161,145,161,139,156,155,158,165,138,146,153,138,146,141,163,149,147,134,136,140,153,177,141,132,148,163,146,143,153,142,167,142,140,140,161,138,158,155,158,143,141,160,142,145,153,149,155,156,130,140,145,143,152,139,165,158,160,157,140,142,161,165,144,145,159,144,148,157,158,157,136,147
133,168,140,163,137,141,169,152,168,139,153,160,147,164,149,153,135,156,158,147,138,149,152,162,154,140,144,163,151,152,171,149,154,148,140,149,137,154,164,156,124,135,160,145,167,148,158,154,155,156,160,141,150,155,159,162,145,132,158,151,137,141,147,156,169,160,151,152,143,141,154,148,144,135,149,150,144,134,143,154,156,162,132,160,155,148,142,139,141,152,153,168,156,158,145,152,161,154,142,152,143,147,154,147,146,144,152,137,161,148,155,158,144,137,140,140,149,141,141,152,142,140,143,153,168,141,148,147,156,147,147,133,137,134,138,147,152,143,172,155,169,157,151,161,154,152,157,164,149,131,137,168,152,156,163,144,144,161,159,144,129,144,154,143,157,147,147,148,159,144,153,142,150,146,163,166,144,163,157,147,151,137,145,171,151,156,151,165,141,164,155,148,151,142,148,147,146,146,153,145,161,148,156,152,158,157,150,149,158,159,144,143,153,143,144,153,155,166,152,143,149,151,151,140,167,156,124,152,168,149,151,152,154,141,168,147,151,151,163,153,136,169,149,143,164,154,154,148,141,134,132,135,162,136,142,140,151,151,153,155,136,147,148,159,128,145,148,170,141,154,148,145,159,167,144,132,150,144,136,147,133,146,160,157,143,144,146,134,145,145,146,151,147,154,140,164,137,129,134,140,156,157,145,133,141,130,161,168,158,147,164,158,148,157,156,135,156,139,161,169,141,150,147,148,153,165,160,133,139,156,151,141,149,148,159,170,155,150,141,139,153,146,147,148,152,145,135,148,135,153,137,137,156,154,137,156,156,142,142,148,151,157,157,150,135,152,152,151,132,144,156,147,157,140,154,151,153,153,131,146,143,166,142,161,161,130,136,151,155,152,150,142,158,156,139,151,134,133,138,140,151,150,131,130,155,168,160,148,139,152,128,153,159,147,156,142,146,142,159,177,146,161,153,160,161,147,145,155,142,162,164,143,160,136,157,137,148,144,152,141,153,141,148,143,166,139,165,147,140,156,150,147,160,150,157,150,140,147,143,144,162,178,142,129,149,155,142,140,156,158,157,151,157,134,140,129,133,140,148,122,154,159,140,144,146,154,159,144,160,136,139,154,168,149,122,144,162,153,147,134,144,154,151,156,143,170,142,146,134,170,165,151,147,150,148,157,128,150,152,139,154,141,168,152,153,146,144,147,144,133,151,159,143,143,146,139,162,159,152,151,130,170,141,156,141,158,167,138,149,152,150,153,138,134,161,151,134,155,141,133,166,146,157,147,130,124,172,154,144,157,157,145,148,134,153,155,155,151,156,168,148,159,154,156,145,153,168,130,151,142,134,136,150,146,139,138,162,156,173,142,159,159,143,159,142,143,149,162,147,150,137,165,158,144,158,146,137,149,148,144,141,138,133,150,151,147,156,143,140,139,133,140,150,159,154,159,146,126,145,164,149,158,155,152,154,144,171,129,160,138,162,153,153,168,156,141,146,170,166,152,150,146,136,161,151,152,135,135,151,159,162,139,155,140,146,132,142,142,151,135,169,142,153,156,147,137,169,172,151,133,143,141,153,140,139,145,153,165,164,152,156,156,148,168,140,154,141,156,156,146,140,166,159,140,152,151,164,152,154,152,156,144,138,152,142,165,152,156,153,141,165,158,155,153,143,132,145,131,169,135,165,144,151,144,141,151,129,143,159,125,160,153,122,134,148,151,160,160,152,167,139,152,135,160,141,155,162,155,147,153,133,142,171,150,137,142,148,159,156,144,141,146,148,150,128,171,162,154,165,161,164,153,137,146,156,143,165,147,138,142,154,152,139,165,153,166,128,148,136,163,154,142,150,144,162,162,158,162,145,149,150,122,163,133,142,148,136,159,176,147,155,139,144,158,154,147,145,145,130,166,151,157,153,164,139,155,149,162,145,154,131,137,151,146,152,133,148,155,147,147,155,154,145,174,149,144,161,146,155,140,158,150,152,131,149,148,155,168,143,145,160,151,139,142,153,134,163,162,141,136,154,148,155,149,171,163,149,161,148,146,145,157,122,151,143,141,145,160,142,149,160,147,155,146,162,161,150,147,158,143,146,141,149,128,157,142,163,146,141,157,181,139,143,156,142,161,145,148,132,156,155,146,145,141,157,133,148,140,141,145,166,166,157,157,151,161,147,164,147,162,149,133,146,164,141,155,132,147,148,154,143,159,150,168,145,149,162,144,142,144,165,148,132,151,152,150,146,164,148,164,142,132,152,150,138,150,141,156,147,144,149,149,157,174,156,148,158,147,165,154,135,147,142,141,157,144,156,149,159,137,162,170,158,177,151,138,140,167,156,177,141,152,140,153,158,141,158,138,145,151,158,144,139,151,146,158,159,160,167,150,139,142,145,141,141,156,155,152,155,161,144,167,153,136,143,135,147,153,145,152,145,137,132,137,148,163,140,149,151,155,143,153,152,156,143,142,154,161,144,135,157,140,139,154,148,153,170,151,151,157,170,159,152,145,150,143,142,136,151,137,149,153,146,143,136,147,132,162,155,146,141,166,165,145,145,163,137,143,164,148,159,146,154,140,161,141,145,163,158,155,149,155,156,150,153,132,148,144,128,167,143,137,133,145,148,146,157,170,144,146,128,134,149,149,140,178,135,160,165,158,150,138,158,141,163,146,135,141,158,143,149,129,158,160,140,140,158,155,145,138,159,140,136,155,148,134,139,155,146,154,148,146,145,132,140,136,154,162,163,136,139,155,134,142,153,159,155,133,134,172,138,142,136,169,157,153,138,158,146,138,153,135,153,158,167,143,139,147,144,138,138,144,135,149,138,150,127,160,144,144,141,139,166,147,162,152,142,153,136,162,140,129,152,168,154,141,133,145,137,134,170,156,157,144,144,154,159,148,135,139,155,144,140,151,154,164,165,157,138,165,134,154,145,136,157,164,146,125,154,148,135,150,144,146,164,152,165,153,143,141,158,165,157,151,158,121,156,135,147,148,144,155,149,155,160,149,155,147,157,160,151,139,143,144,152,154,154,150,128,157,153,163,148,140,154,156,170,141,141,130,175,149,140,155,144,149,152,145,161,154,147,161,149,152,157,160,150,138,147,147,139,139,159,152,157,154,159,145,135,155,147,147,133,156,149,153,153,164,133,148,142,154,151,164,147,144,162,152,141,141,141,149,157,156,154,130,147,169,143,164,156,139,156,150,160,148,133,163,157,156,160,149,147,151,160,135,133,155,144,142,146,135,139,143,168,149,173,134,170,137,151,148,159,144,159,155,153,150,143,154,145,150,149,143,140,135,139,144,121,182,158,166,148,152,140,147,164,148,145,140,163,149,139,157,151,147,150,154,137,150,147,147,160,153,156,144,144,160,165,148,144,159,145,147,135,142,162,162,127,155,155,153,150,159,171,154,160,160,159,130,149,154,161,151,131,167,147,140,154,157,132,162,159,175,132,153,139,155,144,153,147,157,143,140,157,145,141,145,140,150,163,139,142,152,154,146,143,145,161,154,165,135,150,141,135,143,146,169,162,155,159,140,139,148,145,158,157,134,166,130,149,156,160,146,137,150,157,167,156,140,177,169,136,167,143,161,149,138,150,141,153,156,141,160,154,145,150,141,148,146,154,145,150,129,146,165,138,145,147,147,131,148,154,141,160,158,148,135,142,149,148,142,167,151,156,157,155,144,140,152,155,138,153,146,155,153,146,149,151,147,142,163,157,147,136,170,136,147,144,152,153,146,154,158,150,154,137,151,147,151,139,142,152,149,146,143,144,152,131,143,154,126,168,148,153,145,163,134,146,159,129,155,170,127,145,149,144,159,139,144,144,149,162,155,138,174,166,162,172,139,143,135,174,166,158,147,146,142,152,135,152,161,158,147,135,137,161,152,153,165,136,151,150,144,153,165,151,154,165,156,146,161,145,136,155,146,151,170,133,151,131,148,143,164,153,130,152,145,143,161,163,141,144,158,164,157,142,159,130,156,160,129,166,158,154,163,142,150,166,141,170,145,155,125,143,148,162,135,149,162,158,143,156,171,152,157,177,146,153,143,135,144,162,136,144,149,135,141,143,150,166,165,164,145,146,145,148,151,119,150,168,152,158,162,148,139,155,148,139,138,133,142,152,156,137,159,154,161,147,143,135,159,143,164,142,143,151,171,156,143,155,157,150,159,153,155,151,143,145,153,139,144,158,147,142,148,162,133,141,150,143,149,130,163,147,154,161,136,143,148,140,147,151,146,149,148,122,137,144,147,148,142,143,155,170,152,153,152,133,156,143,152,158,130,141,147,156,162,160,149,160,146,145,151,162,134,159,181,155,156,167,136,143,138,156,151,143,159,164,147,142,158,153,139,151,160,123,146,178,169,137,144,148,156,152,151,165,142,147,149,139,152,151,168,168,149,142,145,142,153,145,146,146,152,148,126,140,153,154,160,145,137,150,148,149,151,157,144,151,153,163,150,165,162,155,149,134,154,163,151,159,147,151,158,154,149,161,157,155,144,146,139,151,156,163,158,149,155,155,146,146,157,145,158,162,148,152,156,175,177,142,150,154,140,167,129,152,162,149,147,143,160,171,151,165,152,151,138,158,141,153,153,145,155,147,159,137,163,128,147,148,156,152,123,156,150,154,153,154,150,160,140,148,141,155,151,161,170,144,146,151,148,132,149,156,152,135,152,135,161,130,149,151,139,167,158,143,174,134,141,125,154,155,153,143,132,158,138,147,148,154,150,160,146,135,145,138,159,158,142,161,142,132,134,152,164,169,155,143,149,162,147,153,125,141,152,144,149,155,138,172,141,141,156,176,161,142,147,142,143,166,146,166,145,139,138,157,134,154,154,144,130,148,143,154,171,163,161,137,151,169,161,163,152,162,147,149,156,168,158,150,144,156,141,146,148,159,157,161,141,148,160,150,153,153,161,154,152,159,142,153,156,131,156,150,137,156,132,142,155,141,148,152,149,156,139,166,155,153,147,129,146,145,146,151,155,159,122,154,151,173,170,158,151,154,152,154,168,157,146,138,147,151,148,143,151,143,141,148,153,162,126,133,157,153,165,132,128,151,142,146,151,140,145,148,155,149,152,168,161,147,167,157,153,161,155,143,142,153,162,160,145,158,165,154,160,149,147,159,169,146,152,166,156,153,155,128,165,150,148,131,174,147,164,154,130,155,167,155,146,138,148,156,151,143,152,154,146,141,147,140,132,146,149,146,161,161,147,145,163,135,155,149,155,170,141,135,153,162,173,149,153,159,151,148,140,157,164,151,149,158,146,151,156,156,154,138,152,150,148,166,155,162,138,156,155,153,151,148,158,136,149,143,146,148,147,131,157,162,147,139,158,151,152,132,126,139,168,156,157,153,153,138,174,151,155,150,181,160,154,148,150,152,149,137,152,144,133,144,160,165,137,150,158,140,145,160,144,160,142,149,158,139,162,141,149,148,149,145,153,162,154,134,149,159,167,151,163,148,156,128,145,149,174,149,139,149,140,155,147,132,143,147,153,168,137,158,148,152,141,141,141,119,160,157,150,153,166,149,165,137,145,155,138,154,145,154,167,139,134,167,157,168,141,143,147,158,149,168,154,145,138,157,152,158,151,147,150,150,144,136,151,129,152,139,163,127,152,142,153,148,141,142,137,155,153,148,144,155,161,143,148,138,136,134,137,132,143,151,138,135,146,156,146,145,134,165,146,169,150,150,155,135,147,148,152,163,132,169,142,125,152,166,156,153,144,145,170,145,137,167,148,156,120,149,156,147,148,174,149,135,145,150,136,141,155,140,157,157,137,158,141,139,155,166,154,149,138,154,142,149,145,155,168,140,151,156,166,156,150,163,136,134,152,157,144,166,149,145,138,152,144,144,137,153,128,154,159,156,155,125,139,169,148,136,151,135,158,145,133,129,163,147,154,161,148,148,150,150,129,145,150,140,141,144,153,137,169,156,146,164,163,162,141,137,135,159,148,156,149,162,153,136,170,158,153,147,151,153,142,180,143,138,145,156,150,170,160,136,159,156,157,159,142,166,137,164,157,135,155,141,160,176,151,159,165,139,144,147,156,148,144,137,166,153,159,166,162,156,159,135,158,158,160,141,154,136,137,150,148,153,154,140,168,151,157,152,145,139,130,159,145,148,124,138,139,154,153,147,151,152,146,148,165,162,157,140,164,150,149,131,151,125,152,147,142,163,152,147,157,158,156,160,155,162,139,150,164,137,145,143,143,142,162,148,145,130,152,154,154,140,170,167,169,124,150,150,142,148,145,146,173,142,141,152,158,145,167,164,159,140,132,162,141,139,147,152,146,138,159,152,155,133,142,162,142,163,144,140,138,136,149,153,171,154,151,141,151,151,143,154,162,141,155,139,148,138,130,140,171,144,155,142,148,158,142,144,139,149,146,159,154,143,131,166,145,142,132,153,143,151,150,145,141,156,132,143,145,164,155,155,156,129,152,129,144,150,157,154,132,143,145,144,128,143,139,136,147,154,156,154,148,137,148,136,159,142,152,140,145,135,147,139,144,162,155,138,149,152,144,152,161,157,160,157,136,135,149,148,132,148,151,153,139,159,150,150,150,148,152,151,139,152,148,155,151,159,150,159,144,144,141,138,162,155,164,162,169,155,167,148,157,165,172,169,148,148,150,144,156,161,156,153,148,155,139,149,172,148,146,156,144,142,171,169,142,160,146,143,168,150,134,139,127,154,141,151,149,159,137,155,137,146,144,156,156,162,156,147,134,152,170,148,152,139,155,157,143,121,148,147,140,150,136,138,154,159,125,139,151,148,166,155,147,132,155,149,167,150,144,146,139,136,143,161,146,162,139,162,148,151,132,159,160,169,157,150,154,157,149,155,151,157,145,149,149,153,152,150,146,163,148,140,156,159,155,137,140,143,158,125,157,150,158,153,164,144,173,159,155,164,161,138,138,152,152,158,151,178,138,153,168,158,155,146,149,142,142,147,150,160,148,148,144,155,137,155,149,165,158,147,139,143,139,144,146,135,162,141,143,144,161,158,150,150,147,153,143,141,160,146,139,135,138,142,159,145,148,164,143,128,143,150,157,167,140,155,156,135,170,162,158,150,146,144,156,149,150,157,134,135,142,149,159,157,131,144,148,131,146,143,138,151,146,169,144,135,140,149,165,154,149,166,155,136,142,148,141,149,138,154,160,144,154,142,145,158,158,161,156,142,152,140,152,139,142,166,159,146,144,157,163,154,143,152,142,166,157,159,160,155,141,157,138,151,159,140,147,148,148,140,147,159,141,152,157,145,136,143,153,141,141,142,135,156,152,166,162,158,151,151,163,145,146,153,151,152,161,140,134,156,140,159,154,151,161,145,142,147,149,138,141,149,153,142,144,156,148,175,168,152,150,152,139,160,148,143,145,147,141,148,147,154,152,138,151,148,164,137,137,168,139,161,159,154,163,155,138,158,144,144,147,152,147,145,153,139,140,143,150,145,130,166,127,147,158,152,145,159,147,154,161,133,148,157,140,168,149,151,146,160,146,148,154,139,151,151,159,153,140,166,148,168,147,159,144,140,152,164,138,164,144,133,154,139,154,152,150,145,147,149,161,133,141,171,142,139,151,143,138,154,131,155,154,159,165,137,140,151,167,132,182,172,132,149,152,141,176,160,149,157,155,162,156,166,145,170,165,146,153,129,160,134,147,150,167,151,151,145,154,148,145,154,157,158,138,143,157,166,146,136,142,143,151,149,166,138,158,149,152,138,157,143,150,148,137,161,140,151,146,144,144,144,159,135,158,143,152,155,173,147,145,131,161,152,140,145,141,165,157,148,151,146,143,155,154,148,141,144,154,169,150,159,169,136,143,141,151,140,163,160,152,144,147,136,155,147,163,144,143,141,147,158,145,160,147,146,149,163,137,159,120,159,172,149,145,157,142,153,147,152,153,155,136,159,132,150,159,161,168,135,153,162,151,135,124,160,152,137,143,141,160,142,145,164,154,157,150,173,149,146,153,148,167,151,145,151,155,137,129,143,138,136,145,150,135,140,172,144,153,156,151,141,148,139,160,156,135,150,154,156,132,146,140,144,145,148,139,150,160,136,154,142,148,138,164,146,146,141,162,169,147,166,126,168,141,164,139,150,145,139,157,125,140,150,154,158,132,161,154,149,144,148,147,139,145,163,152,156,156,153,150,151,157,145,136,163,147,165,139,161,147,134,150,154,148,142,153,147,147,165,138,152,152,142,165,145,146,151,137,150,161,155,151,134,149,145,151,145,156,146,158,146,161,134,154,150,153,142,161,142,141,139,160,144,137,158,147,147,146,139,157,146,141,144,142,148,163,148,146,156,153,156,147,141,144,162,150,179,145,137,157,136,148,134,148,140,147,147,161,165,162,143,147,146,139,155,137,159,159,160,159,154,149,131,161,155,155,131,153,146,173,160,138,146,134,144,150,138,135,173,140,147,158,150,140,147,155,147,161,153,156,157,163,131,162,133,138,149,144,146,154,142,160,165,139,164,148,143,153,153,160,152,152,158,127,147,146,145,141,134,163,141,157,161,166,148,143,143,145,159,146,152,148,141,144,151,137,155,159,139,145,161,150,141,168,148,134,149,147,155,137,129,142,152,131,145,137,136,143,158,155,154,147,151,165,153,142,154,146,150,146,140,151,170,153,148,155,139,146,152,144,153,153,164,126,155,157,129,154,144,145,157,131,157,144,146,149,147,141,143,136,159,146,157,146,175,153,158,148,160,141,143,144,162,123,135,149,172,152,131,139,152,129,154,181,152,151,142,147,152,156,138,146,150,141,135,153,165,149,149,163,168,153,175,167,167,165,160,140,152,155,149,145,164,155,142,144,149,143,145,154,147,153,148,163,142,150,159,146,158,158,174,149,141,140,151,132,146,155,156,149,141,169,138,150,152,143,148,151,137,154,150,148,153,154,135,162,138,139,140,160,147,164,159,152,156,149,162,148,163,176,141,152,147,153,128,144,138,145,147,138,146,153,151,155,158,147,156,142,159,157,148,152,158,158,147,157,162,148,154,158,136,153,124,155,146,158,147,155,141,142,138,129,136,138,145,163,128,151,150,159,137,143,140,154,148,154,143,150,164,143,152,147,134,152,131,142,147,146,148,153,138,150,159,134,149,157,152,149,138,151,152,143,139,142,151,149,168,157,145,171,149,142,156,151,149,130,155,148,156,136,149,133,168,152,150,141,149,168,142,139,137,161,143,132,147,158,145,134,162,151,147,158,163,148,165,167,141,151,157,149,149,159,149,158,134,152,149,159,156,153,163,166,148,145,150,159,152,144,145,149,150,157,160,158,147,155,166,148,127,141,147,128,145,155,138,162,169,155,147,141,138,138,167,173,164,156,155,163,145,147,157,170,150,148,139,143,152,163,159,153,149,156,169,149,136,159,174,139,150,153,165,152,154,158,138,149,156,135,145,147,140,172,138,138,141,151,165,151,159,153,151,154,121,141,145,156,144,131,157,140,153,154,156,146,150,160,162,154,141,142,125,139,160,168,146,147,154,146,158,153,138,156,144,161,151,144,146,153,147,141,163,151,168,142,133,158,153,127,137,152,139,163,154,153,156,134,139,170,140,144,136,155,162,159,148,153,155,133,148,152,140,145,145,150,154,144,145,151,152,147,153,131,153,136,151,145,151,149,151,156,134,152,175,154,151,145,153,149,158,158,142,157,148,157,156,151,153,137,154,159,134,146,162,150,166,139,149,146,156,156,159,156,132,155,148,165,143,159,148,150,160,143,147,137,152,154,156,160,150,129,157,139,148,160,146,155,139,163,138,150,157,145,142,166,146,153,152,153,148,144,148,153,146,160,161,152,155,150,162,145,172,162,128,136,140,158,155,164,155,151,161,172,145,148,158,154,131,144,155,166,152,154,148,139,143,138,147,153,145,155,162,148,149,140,163,135,154,121,152,138,157,152,154,152,146,151,147,142,149,165,152,159,140,150,150,139,149,137,154,156,141,152,149,166,131,149,155,147,161,153,150,142,151,137,143,147,171,144,153,143,160,131,157,147,159,164,149,156,157,149,160,159,148,157,164,158,151,160,152,126,141,140,163,158,155,148,144,155,147,159,155,140,131,140,158,147,157,165,161,155,120,157,156,150,152,146,159,142,145,153,145,152,156,164,130,164,143,169,144,149,135,151,141,138,140,147,149,129,142,159,158,160,144,144,153,136,132,157,140,142,136,159,175,170,145,145,161,141,144,134,155,131,150,153,138,155,135,161,147,167,150,136,136,158,162,146,144,146,149,141,158,152,133,146,145,159,150,141,153,160,144,160,149,166,150,157,147,152,155,163,160,135,163,138,160,165,144,157,166,168,143,158,155,157,146,162,166,153,153,143,158,157,152,141,145,155,142,150,157,153,161,151,157,140,158,163,160,138,157,169,146,174,161,152,144,152,140,133,136,147,153,136,154,142,162,148,141,156,144,150,165,139,160,153,140,179,140,147,167,144,137,147,154,132,168,157,142,150,140,130,144,155,171,137,167,159,165,164,142,153,125,153,154,146,164,174,153,151,134,149,149,161,166,152,163,131,170,159,171,139,133,144,142,130,157,135,173,159,153,146,162,156,151,155,150,156,161,149,155,143,143,144,147,154,162,140,159,142,151,153,151,147,152,143,140,145,147,162,144,137,145,145,116,171,131,149,174,144,148,140,150,130,156,166,147,156,147,151,150,150,146,145,150,148,156,144,131,134,153,157,157,144,147,157,155,151,149,138,145,148,155,165,164,145,153,158,155,161,152,165,159,138,157,131,132,146,163,140,156,165,166,150,157,151,147,144,137,141,151,142,140,150,125,135,157,156,164,149,157,158,162,155,156,152,149,162,158,151,142,153,159,149,151,143,155,144,142,163,179,159,159,156,140,159,148,145,154,138,130,150,136,136,158,142,147,134,121,131,137,134,139,153,159,138,147,166,141,153,164,151,158,152,132,134,146,141,154,157,158,143,153,153,145,143,149,146,154,149,164,160,132,148,160,146,145,148,140,143,151,140,148,178,151,142,159,144,132,163,169,154,147,154,131,149,151,169,157,150,136,164,155,150,127,158,135,140,149,148,144,146,138,143,168,149,148,138,177,143,140,138,163,133,141,159,128,154,143,141,159,136,149,154,143,148,153,155,154,149,146,127,156,162,152,150,146,144,158,141,150,149,148,158,134,140,158,129,120,160,162,145,156,151,161,167,147,138,160,157,138,153,147,147,154,143,155,142,162,152,134,151,128,145,145,149,157,152,153,153,156,154,150,151,144,157,154,125,154,135,154,158,156,160,155,140,155,137,146,142,164,155,159,153,151,167,135,137,132,152,163,134,150,140,153,158,153,145,131,144,155,139,159,159,171,162,164,159,141,162,168,158,151,129,158,150,140,150,154,160,144,143,148,133,153,141,137,155,135,155,152,136,149,144,145,150,146,147,146,160,143,133,148,182,149,148,160,137,162,147,147,141,156,141,148,181,161,160,180,146,167,151,162,139,158,152,136,156,159,144,142,135,153,164,149,154,152,146,130,137,149,158,151,146,147,150,156,142,148,140,146,160,164,153,157,147,149,150,154,140,156,157,138,154,153,154,148,169,166,146,152,157,146,155,146,159,136,152,135,180,142,116,152,156,144,160,150,151,138,139,143,166,134,137,137,139,135,155,144,151,158,150,148,151,171,146,148,151,170,144,144,154,164,135,150,149,156,154,154,144,149,166,151,147,147,148,163,145,164,156,149,142,146,154,154,141,147,152,138,139,173,152,163,143,139,152,152,151,136,151,153,142,171,136,144,153,155,146,160,150,125,152,141,138,150,145,160,147,142,142,135,157,159,166,138,156,162,131,153,138,141,175,127,133,146,164,155,149,163,139,150,152,153,162,165,159,147,151,151,147,149,152,156,152,153,135,130,146,148,128,144,133,142,150,133,158,159,156,152,136,148,175,142,162,137,146,148,152,152,148,157,133,160,133,146,150,149,151,155,141,137,173,148,168,156,149,168,132,162,159,150,123,158,150,145,155,151,133,140,141,146,138,136,159,134,160,153,145,154,147,138,141,156,141,156,148,145,129,156,135,156,136,140,146,147,140,144,156,143,138,140,146,162,132,156,153,169,149,164,118,154,143,168,148,140,153,141,147,147,160,164,150,162,149,148,135,131,138,151,135,152,158,164,139,157,158,170,139,151,142,137,170,150,145,146,157,136,156,144,140,132,163,144,141,150,145,155,159,138,141,155,151,150,143,166,159,142,158,146,143,160,173,147,136,142,139,159,153,152,165,154,158,151,139,143,150,137,132,155,136,163,153,136,142,143,151,151,144,144,150,160,145,130,152,155,161,166,150,167,135,154,141,131,143,140,157,151,153,137,153,145,151,146,155,162,163,149,158,152,158,158,165,148,151,150,161,150,137,152,139,145,170,147,163,150,146,139,144,135,159,152,152,155,169,141,148,151,146,148,138,146,152,158,149,152,160,160,152,154,165,141,151,156,153,152,146,160,146,150,171,141,145,142,164,152,155,159,149,152,156,145,151,148,131,147,150,142,137,149,139,155,143,145,153,154,154,150,152,143,159,147,151,128,154,132,165,132,149,152,140,152,139,153,143,154,162,158,154,137,145,143,148,161,145,154,144,153,134,150,136,170,149,164,150,172,139,152,147,157,166,130,168,153,162,145,133,151,159,149,152,139,156,153,141,158,138,155,137,144,152,154,151,149,146,140,168,139,149,163,138,133,142,168,141,157,155,151,157,162,155,154,165,154,152,151,151,166,149,143,124,160,134,153,139,155,155,163,136,148,138,155,157,140,148,145,140,146,146,137,161,143,141,139,162,151,155,151,137,139,141,142,149,143,136,151,165,136,154,144,152,164,155,159,152,165,133,159,126,140,138,156,135,152,138,150,143,155,153,158,169,149,152,159,151,163,142,138,155,155,150,149,147,142,159,155,137,178,140,142,141,161,165,145,133,166,155,152,155,148,167,151,145,140,151,172,150,145,136,167,158,172,135,145,160,143,142,148,148,173,146,139,135,155,139,162,154,153,125,131,137,149,154,159,152,152,166,131,160,148,144,152,151,155,148,169,151,169,166,144,142,147,157,141,132,167,165,151,151,142,148,153,160,128,155,168,149,133,150,150,163,153,156,150,137,149,154,145,146,158,138,137,149,158,153,167,148,150,140,147,130,157,154,156,163,143,139,146,154,133,142,163,152,147,163,146,171,149,160,149,139,152,144,141,151,177,136,161,143,144,159,158,142,147,136,142,156,134,147,154,152,161,124,157,147,148,153,145,150,141,155,144,146,137,153,140,141,147,149,133,157,151,137,159,155,139,140,154,149,162,142,174,127,155,156,154,167,158,165,153,173,159,154,143,151,142,163,150,143,142,137,166,147,146,135,151,130,153,161,157,161,138,167,124,151,141,147,158,145,167,158,140,147,151,150,162,149,157,157,161,151,158,140,143,152,165,142,128,151,174,161,149,154,154,158,143,173,140,149,167,154,152,145,151,137,146,158,130,171,139,150,134,139,143,147,144,141,160,156,164,151,152,150,139,149,152,159,158,163,137,169,145,162,152,139,139,145,127,152,150,144,145,154,153,159,136,144,147,145,150,156,152,145,130,142,153,165,155,149,147,137,144,140,140,146,150,163,157,159,143,145,129,174,145,145,143,166,153,149,145,127,151,151,147,165,144,138,157,176,156,163,127,132,155,125,161,139,152,150,146,164,152,169,146,148,142,146,138,175,145,156,140,135,150,135,138,138,154,183,156,142,135,169,159,149,153,126,146,150,156,155,160,163,137,133,157,133,140,145,155,148,161,148,149,141,150,132,142,156,160,128,151,153,165,159,135,162,154,146,160,162,146,156,153,154,152,159,148,143,171,131,127,139,162,147,154,140,174,146,135,141,147,145,147,159,149,154,146,151,157,146,137,139,145,144,144,153,148,138,149,155,146,151,162,166,136,146,160,164,153,159,151,147,143,157,148,138,155,151,148,163,134,160,148,144,153,161,150,149,152,141,163,138,149,132,154,147,150,147,140,144,149,151,157,173,138,148,142,152,144,152,143,124,144,132,162,163,167,150,162,159,175,138,144,150,150,136,135,145,157,148,142,160,137,161,155,132,152,145,149,149,141,168,151,146,163,148,146,151,161,145,156,163,136,135,135,176,155,145,168,143,145,160,151,124,162,160,138,147,128,150,141,159,139,142,145,143,147,173,149,145,132,149,164,142,163,160,163,144,138,160,150,143,150,145,159,155,156,160,148,147,150,163,165,155,142,153,149,146,135,161,158,143,160,129,140,157,151,141,146,150,127,154,160,153,134,148,160,158,155,129,161,146,144,135,151,152,145,148,161,162,160,158,141,143,172,146,127,165,159,146,169,155,142,150,164,146,142,160,150,147,156,162,147,140,128,149,146,159,131,152,144,143,148,141,152,160,158,154,150,155,148,144,151,151,146,147,144,137,135,138,158,153,135,163,135,172,146,184,152,172,162,150,142,151,144,154,157,145,157,146,160,143,139,147,152,152,143,156,149,133,142,145,142,160,154,170,150,150,133,136,150,151,149,154,166,146,142,171,144,156,144,135,141,138,139,152,144,164,150,147,153,159,156,159,147,147,144,161,145,170,144,138,141,147,139,149,173,143,144,141,141,149,133,147,148,152,140,137,149,161,153,142,133,160,150,146,162,145,151,144,153,149,143,139,146,135,152,160,137,140,143,141,144,158,130,148,137,148,162,154,159,137,151,142,146,160,142,161,140,154,148,170,142,142,150,157,148,147,153,143,161,147,156,147,132,148,159,126,154,140,157,138,139,137,167,149,130,158,147,153,156,159,155,128,134,151,156,138,156,151,133,125,145,141,162,157,147,147,150,141,147,159,137,154,134,176,148,145,145,154,143,159,154,156,148,153,157,146,157,152,161,151,148,154,170,149,146,145,157,149,161,136,137,147,139,148,151,155,149,153,153,159,153,154,153,155,145,141,141,160,152,164,153,157,163,141,158,153,157,152,143,140,140,143,152,161,155,156,158,144,141,162,154,159,143,132,149,168,139,142,128,148,161,154,140,138,160,162,147,167,150,158,146,155,151,142,133,147,136,153,152,160,153,136,132,153,135,164,136,167,159,151,165,157,152,152,143,144,146,172,148,153,154,159,157,131,159,137,142,152,143,127,159,141,134,141,159,140,152,174,150,141,144,146,147,163,155,159,138,136,169,134,141,146,156,150,151,132,152,158,157,153,144,146,139,156,143,162,153,153,160,143,148,145,149,149,155,147,150,163,141,150,156,154,156,153,137,150,143,141,161,137,147,161,137,147,154,142,148,129,153,145,147,143,161,158,140,171,157,158,135,141,156,166,162,158,153,156,162,151,137,155,164,150,147,153,156,161,143,151,140,119,150,150,152,147,158,158,152,154,168,156,163,140,155,116,127,146,142,150,134,148,139,154,149,140,144,143,143,134,167,139,147,168,129,159,156,133,140,141,146,153,153,150,155,154,150,140,137,142,162,130,160,151,158,149,144,153,144,141,142,144,181,155,170,153,127,144,137,143,145,142,146,140,157,150,140,159,154,150,162,139,152,156,146,152,158,148,182,157,130,141,138,145,152,134,160,156,144,149,160,152,184,145,160,150,150,165,142,149,148,134,145,149,130,133,162,125,168,142,158,157,159,152,155,157,155,150,147,150,135,153,155,131,141,139,174,141,143,149,156,160,129,149,130,168,148,148,149,154,150,155,151,156,143,148,151,139,140,161,140,147,148,153,157,154,148,138,138,170,155,173,155,142,155,154,157,150,149,142,148,160,157,150,153,153,146,151,162,136,146,138,139,151,140,149,147,147,141,160,127,150,158,142,154,145,151,160,151,158,139,143,139,159,133,141,156,128,155,150,149,145,163,153,167,143,156,150,149,166,129,169,154,154,154,146,138,153,134,149,138,133,165,156,143,149,135,152,139,156,153,167,127,139,147,144,138,152,142,143,145,133,138,153,155,123,145,161,145,155,136,142,137,145,152,151,139,150,157,155,159,144,150,144,160,147,147,150,153,138,153,150,144,139,172,159,160,158,158,142,136,171,145,143,153,145,164,154,143,159,150,159,136,166,167,147,142,145,161,147,141,149,139,157,151,157,155,161,162,167,146,148,146,156,146,129,153,164,147,145,129,141,134,168,157,151,143,147,166,167,159,146,171,156,131,157,151,158,138,173,152,131,141,145,151,176,159,152,154,157,161,143,164,156,144,161,154,149,156,157,166,152,157,150,153,130,132,149,145,170,156,151,162,148,154,163,159,172,161,157,151,151,157,162,144,154,149,165,135,155,158,157,153,156,142,141,134,157,139,136,149,163,140,153,150,159,138,144,149,134,146,151,168,145,138,146,155,166,145,159,136,150,132,151,136,134,154,145,159,127,119,156,157,149,146,162,143,156,154,158,161,145,136,146,174,177,136,164,159,149,145,147,145,152,159,158,154,140,140,152,163,139,148,144,130,148,143,140,141,150,142,141,146,160,143,147,149,156,144,139,139,166,139,151,145,160,126,133,149,144,137,134,165,133,145,142,138,146,164,157,162,170,152,130,154,152,151,145,169,148,145,136,148,123,141,149,133,139,158,141,169,132,154,152,168,148,154,151,150,132,167,158,148,140,152,152,157,151,153,153,166,136,166,130,158,152,159,164,163,157,172,147,153,142,145,160,155,152,162,141,150,146,158,156,139,129,145,144,156,145,144,141,141,137,139,141,165,166,158,162,136,138,157,151,162,146,156,146,150,141,147,147,142,145,160,160,135,144,143,143,151,166,173,149,158,138,139,155,143,154,147,168,159,154,165,155,166,136,154,127,154,162,139,166,154,151,140,145,137,174,153,140,142,148,139,153,153,159,148,146,155,136,150,156,163,161,146,144,164,148,151,152,154,141,152,162,137,148,135,131,130,157,155,162,149,161,159,163,148,137,166,162,152,149,163,155,153,165,159,147,158,138,147,162,136,149,163,158,145,145,148,139,143,163,171,151,155,141,149,165,158,166,154,152,149,148,137,146,151,151,169,154,159,140,152,164,151,157,147,145,165,154,162,149,140,151,148,143,143,151,166,143,147,155,141,151,143,152,148,161,161,156,146,157,157,160,162,132,167,149,160,139,167,146,148,156,153,140,169,152,151,157,157,159,173,161,142,160,143,159,160,148,145,137,147,156,145,163,155,175,142,158,151,155,146,148,152,158,154,168,138,145,157,164,149,162,150,159,155,148,148,146,143,131,156,162,149,164,155,139,146,163,173,165,163,160,146,132,145,130,137,164,157,151,136,150,150,152,130,152,152,136,124,146,153,139,136,140,141,148,149,141,140,151,142,148,162,128,157,156,149,153,154,140,150,151,156,157,157,143,130,151,153,154,141,157,158,147,140,163,140,150,158,158,143,149,155,169,151,147,142,148,138,147,160,160,134,151,156,175,156,130,146,146,131,167,163,149,158,138,136,130,142,161,154,154,155,151,156,156,156,156,148,164,161,156,152,145,152,147,162,150,151,161,138,153,142,147,158,138,145,151,134,135,142,134,149,151,150,172,138,152,156,154,167,161,176,143,143,158,157,149,130,144,163,161,146,155,139,156,119,173,137,154,160,154,149,155,154,145,172,153,151,176,163,155,148,152,158,164,156,160,138,150,147,159,154,153,145,145,152,129,146,154,139,139,165,121,149,145,170,162,131,153,140,157,159,147,145,152,135,145,148,145,134,140,157,147,148,136,145,158,144,150,149,144,151,156,158,151,144,145,157,172,136,153,163,142,132,140,141,158,149,147,129,142,150,149,165,152,157,144,147,152,137,160,144,144,164,150,147,150,164,163,144,168,150,152,132,138,161,142,154,160,157,151,146,151,158,147,165,144,136,150,147,146,149,166,150,153,145,138,154,158,139,141,147,145,151,148,154,139,127,131,159,150,135,150,148,145,166,156,161,153,159,150,155,138,148,155,151,144,143,162,144,135,151,154,145,140,165,163,153,140,147,151,158,147,145,146,152,146,155,130,143,152,146,145,136,146,158,146,141,147,171,144,157,154,143,156,139,131,151,142,148,154,159,136,151,151,127,153,170,157,144,143,159,140,144,159,174,164,149,138,144,150,158,144,158,169,156,150,166,135,157,129,139,169,141,149,141,158,164,146,153,151,151,139,149,133,139,143,163,149,147,131,149,162,127,170,133,157,146,155,160,137,150,158,154,139,155,163,140,154,147,148,147,149,149,153,146,162,171,153,135,155,162,141,160,132,143,146,153,154,132,137,137,153,160,170,142,149,133,150,159,146,153,142,159,135,149,154,148,146,145,141,149,127,145,149,167,159,160,145,136,156,129,135,135,138,146,133,158,164,144,164,150,137,170,145,145,151,129,141,143,154,152,164,149,148,139,153,157,163,154,168,147,160,138,160,152,167,178,156,133,145,149,156,149,153,150,137,146,157,131,155,165,138,154,151,135,147,143,149,164,139,142,161,149,139,155,164,138,140,158,149,152,168,162,163,147,166,139,146,145,156,155,158,157,156,136,146,145,137,155,151,159,130,149,147,153,151,156,156,130,139,156,154,139,161,151,156,153,158,159,154,166,146,135,160,171,150,171,162,156,149,158,147,160,157,149,157,139,149,158,145,151,143,153,160,153,160,147,154,156,152,151,154,142,158,140,150,155,142,153,161,158,156,143,155,160,160,135,150,159,166,153,140,145,159,147,162,157,136,145,153,143,157,147,169,155,137,184,150,129,149,154,155,148,148,137,152,133,148,145,132,150,139,165,160,153,151,154,147,150,129,142,169,145,148,159,145,154,157,125,148,152,145,159,136,153,145,146,137,154,140,146,166,140,144,149,164,145,165,162,138,140,140,144,136,129,152,151,149,144,161,147,144,153,144,151,159,151,167,152,147,133,157,134,163,155,147,151,165,157,139,163,132,163,146,157,169,147,140,142,177,140,166,139,134,164,139,150,152,137,139,139,139,147,147,148,138,139,138,143,152,151,153,142,157,145,147,144,149,152,142,160,165,153,150,153,160,138,150,137,142,153,147,172,165,144,148,152,151,132,149,163,149,145,152,168,148,154,137,150,170,157,143,150,151,144,148,175,158,155,149,143,163,153,161,142,149,154,152,149,150,145,150,154,151,144,141,157,156,156,153,161,164,145,155,145,167,142,141,144,141,161,158,138,152,149,151,170,159,158,143,147,148,167,145,137,146,142,149,148,141,145,149,137,134,138,181,128,154,142,144,151,124,139,137,154,132,155,133,164,150,140,154,149,131,143,150,146,150,158,143,136,169,146,129,139,157,152,162,165,154,141,146,157,161,151,155,139,155,151,147,152,156,158,145,141,137,150,144,115,150,151,148,146,151,157,152,140,152,146,160,129,142,150,153,124,165,140,169,144,155,166,158,153,151,157,134,138,147,165,144,160,152,142,167,146,145,150,155,136,161,144,137,139,152,165,154,134,159,132,153,145,155,151,148,161,162,150,146,134,128,140,146,126,140,136,166,136,145,168,143,149,147,163,148,152,151,155,153,130,139,148,148,152,153,139,155,146,153,153,143,167,151,157,152,159,157,146,149,171,162,154,147,173,142,147,141,149,159,153,156,141,146,146,146,150,141,142,151,150,156,157,152,139,142,148,148,159,133,162,124,137,154,156,171,135,147,152,159,161,146,130,144,146,141,168,158,148,144,169,144,149,155,173,144,136,148,147,158,139,176,156,165,162,155,156,125,150,164,153,141,145,156,150,146,145,141,155,153,152,149,144,161,136,155,150,129,151,145,154,148,146,124,129,159,134,133,133,164,154,155,138,162,157,167,148,145,144,162,134,159,159,173,157,160,158,161,151,145,150,158,152,158,132,134,152,142,148,139,143,161,125,159,144,150,142,154,141,179,148,172,138,131,154,157,173,154,156,140,160,144,155,136,142,145,153,162,154,161,152,142,134,145,172,140,140,156,139,151,150,158,156,153,126,148,139,155,147,147,173,143,176,141,164,141,159,138,142,163,157,151,149,146,148,162,148,142,146,168,149,152,153,166,151,121,145,136,160,137,136,134,146,148,156,139,161,142,151,143,153,133,165,144,141,132,156,152,150,125,163,149,147,157,158,158,137,153,157,160,157,153,142,162,141,159,156,169,150,159,122,128,157,145,141,135,139,146,155,148,148,139,123,151,165,149,147,152,150,139,133,171,153,157,144,137,158,157,143,159,136,152,136,152,157,135,140,150,131,148,150,133,144,133,158,140,150,142,136,136,157,151,153,157,146,132,136,167,140,173,145,136,135,147,146,149,169,158,153,142,153,150,151,139,132,155,136,160,156,161,154,144,168,166,165,149,165,157,150,138,150,174,138,144,148,146,153,137,160,151,156,144,140,159,157,153,142,152,147,159,156,139,138,148,146,152,154,155,158,147,160,143,144,156,135,157,167,160,137,146,168,137,162,151,143,130,160,172,173,151,159,169,159,142,147,161,156,162,161,127,153,162,140,157,139,143,148,154,137,140,139,147,165,149,141,152,159,139,152,147,153,142,150,158,151,147,135,151,159,155,150,161,158,150,162,154,152,148,136,143,129,154,142,147,159,153,150,144,139,141,148,156,139,157,141,135,142,147,151,149,145,139,154,152,149,142,133,146,156,154,145,150,153,158,143,138,161,140,166,141,148,161,149,151,143,156,136,154,154,159,151,146,139,148,147,158,148,135,148,158,155,146,153,157,151,147,154,146,133,159,161,152,122,142,138,173,134,148,153,151,162,150,150,155,138,161,155,153,155,148,152,140,165,139,144,167,167,167,160,145,148,153,160,155,150,138,147,151,156,152,153,140,169,157,155,144,132,139,151,149,155,151,169,171,142,165,143,164,146,157,148,143,135,154,158,161,154,151,165,154,154,154,147,163,160,148,144,151,139,159,153,132,149,154,157,158,138,159,138,138,150,168,166,165,143,148,135,155,149,139,138,138,150,152,128,163,157,137,165,130,146,173,139,152,134,156,142,157,150,174,143,137,147,148,149,154,147,152,155,150,153,159,149,177,128,155,152,139,153,151,158,162,145,130,144,149,144,150,144,147,139,122,152,142,155,156,162,138,151,145,154,153,141,144,150,131,143,145,159,150,171,145,161,141,150,145,158,156,147,150,144,155,138,153,145,175,150,162,132,148,154,143,151,149,138,164,143,137,144,142,129,146,140,150,158,154,154,143,147,157,135,158,135,161,139,131,161,134,161,158,144,165,129,154,132,147,162,144,169,160,142,164,148,144,139,145,147,157,158,144,181,169,141,151,150,168,150,143,156,158,154,156,147,152,138,136,138,152,150,144,161,155,136,145,161,129,144,156,139,167,161,147,153,137,129,161,136,163,170,145,148,154,160,156,149,140,136,160,134,153,146,151,156,144,143,137,159,142,153,139,148,157,148,147,143,143,147,137,143,147,150,147,143,151,146,151,155,149,150,168,148,140,159,150,166,158,153,134,153,143,139,138,152,143,152,155,135,151,165,142,167,156,131,167,165,145,156,146,155,152,155,150,143,146,149,164,153,150,146,157,136,146,140,179,147,163,161,147,145,148,169,141,162,137,144,135,156,156,156,160,129,155,163,142,149,140,146,141,149,130,142,157,142,143,141,134,134,161,142,139,181,140,147,137,152,152,159,152,136,177,133,150,147,153,146,144,136,156,142,142,147,154,131,152,164,141,125,141,149,147,151,153,149,155,155,149,143,155,158,159,150,151,151,167,143,158,164,150,139,123,157,139,158,144,145,151,132,146,156,150,154,133,153,155,154,145,141,163,132,147,151,155,166,160,145,144,152,140,150,147,136,149,148,146,129,142,153,140,169,135,132,149,147,152,141,162,148,151,147,159,141,137,154,159,150,143,160,139,157,138,156,144,147,156,154,128,150,163,165,158,146,157,149,152,141,146,132,149,151,142,133,158,147,151,150,141,163,159,143,112,163,158,149,161,161,152,149,173,122,159,147,147,148,148,152,165,147,149,166,156,162,157,144,147,168,132,153,153,142,154,157,149,136,129,159,143,134,154,162,143,145,156,160,155,139,141,167,142,152,165,166,148,149,145,154,159,153,166,151,155,139,142,153,164,144,154,153,134,159,153,140,140,148,169,143,136,128,163,163,144,158,162,152,142,170,151,146,159,145,160,167,144,139,152,161,146,145,130,160,145,149,154,168,136,156,154,161,154,160,159,149,140,162,141,149,143,143,169,137,162,158,161,138,149,157,152,165,151,166,156,150,150,157,162,143,155,130,162,158,133,158,138,170,162,142,133,153,153,131,144,129,135,142,134,156,155,161,142,146,139,154,170,142,156,150,155,129,152,144,150,161,156,161,145,143,137,152,137,144,138,152,153,158,156,148,157,150,156,146,165,150,146,147,151,153,149,143,137,147,155,146,162,147,152,148,150,146,127,149,149,150,150,152,150,163,152,150,149,156,148,134,144,153,141,145,167,136,167,151,160,152,150,155,168,162,141,145,146,141,155,129,151,158,140,156,154,144,142,157,147,132,142,136,120,148,143,156,168,160,130,136,157,141,132,132,179,149,135,149,137,160,130,140,144,155,143,136,152,159,146,150,134,151,144,135,153
140,131,154,151,145,157,150,162,166,153,145,155,160,144,161,147,169,135,153,141,129,147,150,158,139,154,137,152,137,174,148,159,140,143,134,162,147,168,163,150,141,152,158,144,145,149,150,142,138,157,152,139,156,151,128,165,137,167,163,135,145,143,152,141,139,132,136,163,129,170,159,149,139,150,146,137,133,152,154,150,141,139,147,148,159,156,148,155,159,149,152,150,121,143,153,185,145,161,160,153,147,157,137,156,157,145,159,168,133,156,128,154,160,153,182,149,158,139,136,158,134,140,141,151,141,148,166,153,171,172,164,144,138,147,152,150,139,138,148,155,154,150,150,142,148,161,150,167,150,153,145,134,159,140,167,163,166,157,152,150,160,161,134,146,160,149,159,152,168,157,141,149,138,152,149,143,147,142,156,134,142,132,156,154,149,162,139,139,148,145,141,133,152,145,147,153,146,153,155,158,153,146,151,156,148,144,163,140,147,155,127,145,162,164,145,151,152,134,154,162,156,147,150,147,146,156,136,136,165,150,152,134,151,145,123,143,155,151,165,134,151,131,144,150,137,147,139,136,149,145,133,172,149,160,145,153,146,146,139,140,162,156,148,157,136,151,161,161,139,145,150,138,163,147,159,148,141,161,145,156,141,174,153,142,148,182,143,151,138,152,135,169,129,132,163,132,163,147,157,146,158,153,148,148,160,137,154,157,135,145,144,134,176,143,133,142,158,140,148,154,157,144,157,157,146,150,140,148,151,172,144,151,156,139,160,139,138,136,157,133,160,147,157,150,159,159,173,178,129,146,134,134,154,148,161,159,168,156,157,146,139,165,153,144,138,133,157,149,148,134,140,131,143,154,135,154,147,139,153,149,150,154,152,152,146,136,165,142,138,148,145,155,141,147,153,149,157,167,159,155,134,152,148,161,148,142,159,155,154,139,157,157,142,158,130,131,153,132,160,139,146,128,150,135,152,155,137,138,157,150,141,153,141,137,153,168,163,130,147,151,133,141,151,168,142,135,135,149,146,153,153,154,145,147,170,148,147,136,129,137,144,148,138,144,138,148,134,152,126,151,158,152,164,138,149,143,147,147,153,155,153,144,132,141,146,150,156,139,153,150,140,156,137,135,145,140,143,157,143,147,141,151,151,132,155,142,150,152,156,132,152,132,160,167,153,160,155,148,143,146,145,159,139,155,160,135,161,156,146,133,157,147,173,162,148,141,137,144,137,144,163,150,129,163,151,154,164,151,144,134,173,154,153,155,152,157,133,162,135,148,181,144,152,149,135,134,164,127,167,144,149,158,169,159,168,149,148,144,157,138,143,164,148,140,126,151,165,160,135,135,174,159,152,142,130,151,144,142,151,154,134,144,150,131,156,157,133,138,141,148,157,160,159,175,161,144,143,149,147,149,158,159,137,140,159,140,155,138,138,155,133,159,163,141,171,146,162,150,142,152,147,149,143,139,150,149,156,146,158,153,144,172,148,153,154,131,161,166,153,145,157,159,143,153,159,144,159,166,150,148,159,143,163,138,147,142,151,175,157,156,158,172,149,143,158,138,145,142,134,148,142,150,161,142,136,167,155,155,144,154,150,149,150,151,137,145,158,169,152,159,168,158,151,137,157,132,136,141,160,156,160,153,136,147,139,145,137,174,150,162,153,154,166,144,138,161,153,157,131,155,166,149,157,162,158,140,157,157,162,163,129,146,139,149,158,135,140,152,162,147,129,157,166,145,152,163,152,157,152,163,152,146,139,162,141,137,163,151,154,133,165,160,147,143,145,130,143,140,148,147,135,136,159,154,160,135,148,143,153,155,130,156,163,144,151,139,150,146,160,140,139,147,148,142,142,136,150,145,149,140,145,157,137,154,155,150,134,139,168,142,141,153,159,152,148,144,181,145,149,145,168,157,143,127,136,150,147,142,159,153,144,142,175,168,146,152,146,151,150,137,160,157,137,142,134,132,157,144,145,173,145,137,154,157,152,144,138,172,136,162,138,152,145,143,139,149,166,144,133,166,154,169,159,151,151,135,144,165,166,145,151,140,158,128,150,168,142,157,140,151,150,138,130,127,144,143,152,146,153,149,150,161,135,156,153,160,143,168,145,154,120,173,148,144,147,158,156,158,140,149,150,143,135,163,146,161,150,150,146,162,146,140,176,148,156,122,158,142,143,145,158,161,137,168,148,143,134,167,144,148,155,140,131,154,158,143,140,139,159,144,151,132,154,137,143,144,136,147,149,149,145,153,141,161,143,148,148,160,167,147,151,156,146,150,158,124,170,150,150,132,154,162,135,148,147,138,138,133,165,157,138,159,131,152,152,151,167,153,155,156,158,167,143,144,154,143,158,147,121,151,143,134,151,142,146,171,141,141,125,154,145,143,146,140,138,174,132,154,153,163,144,153,166,137,135,143,162,142,145,165,146,140,141,160,146,158,177,137,136,133,152,154,157,132,153,159,159,148,142,131,151,154,140,124,134,167,144,154,161,148,144,162,150,150,172,163,144,158,173,145,150,161,148,143,155,133,160,151,151,154,165,151,169,138,131,145,148,155,167,130,171,158,150,144,152,167,156,150,135,146,155,133,146,144,152,144,140,152,163,160,160,140,169,159,155,154,147,171,154,151,160,142,142,156,142,140,137,157,148,155,143,148,160,141,143,152,162,147,143,157,160,156,152,160,165,160,171,150,143,140,146,142,152,150,142,148,172,147,151,146,151,161,150,162,150,158,150,138,157,131,179,137,147,165,168,145,161,153,151,141,157,155,150,156,155,154,147,135,155,152,154,138,147,151,161,165,139,148,155,139,156,160,167,154,150,153,166,150,137,141,159,136,159,143,158,157,141,182,164,142,167,151,136,158,128,159,147,151,150,161,152,147,166,156,164,138,150,148,158,138,125,138,158,145,127,159,157,149,140,162,177,161,163,143,143,137,156,168,148,147,149,156,160,149,143,130,159,165,151,157,147,147,151,133,181,152,168,165,148,145,145,171,155,178,152,132,164,155,130,158,166,168,149,151,138,156,150,142,146,144,151,152,154,167,162,156,122,153,146,142,159,142,145,155,162,169,144,132,154,164,159,158,149,169,156,150,144,157,156,158,155,155,137,151,158,141,125,148,150,137,142,158,140,153,164,149,152,135,140,141,137,154,159,141,150,136,143,135,138,165,147,145,141,168,162,163,148,128,149,153,160,152,141,129,142,148,151,151,156,142,139,142,144,138,140,142,165,159,142,161,158,128,153,155,151,156,148,156,157,151,160,159,146,161,143,141,136,157,151,144,133,145,154,146,149,159,150,145,148,146,151,160,134,167,144,158,168,146,140,142,165,151,146,143,146,143,147,149,152,157,127,165,149,154,154,143,147,135,159,174,137,145,160,122,174,131,158,150,143,150,157,138,165,141,149,159,150,164,150,151,165,148,145,140,161,168,148,142,143,135,137,140,142,148,150,145,161,150,152,148,137,158,156,157,165,150,160,141,144,148,144,171,137,154,166,164,133,132,143,139,144,153,141,144,148,144,149,152,164,157,147,172,136,137,136,142,159,134,139,150,149,147,142,165,152,130,156,158,158,140,154,161,144,120,161,130,152,157,140,156,147,159,162,143,154,155,155,141,164,139,163,156,130,138,152,147,158,159,150,155,139,162,151,163,145,143,164,124,149,143,125,160,152,141,144,188,154,145,157,151,170,147,153,146,168,150,152,149,150,165,137,140,150,146,164,128,155,158,139,154,152,130,160,149,146,162,148,151,139,156,163,129,138,142,147,145,141,145,137,148,154,138,149,165,143,157,149,155,168,169,147,140,145,157,153,142,155,160,153,153,163,146,153,136,149,165,145,133,151,142,145,150,160,157,162,142,159,153,148,144,142,142,152,156,135,157,147,152,149,141,144,154,152,150,170,161,140,158,137,140,142,136,133,145,155,163,154,143,129,134,155,155,152,162,148,137,157,150,156,151,152,171,141,147,145,155,144,143,154,142,145,141,139,155,149,148,149,139,158,156,152,158,153,134,144,146,136,145,144,146,137,142,148,151,146,144,163,150,154,135,126,152,160,163,151,136,150,144,142,138,146,163,155,172,177,139,152,146,163,151,143,139,151,153,156,138,149,153,153,155,136,147,141,138,157,136,155,162,154,156,151,152,151,143,137,147,150,148,145,151,170,151,134,155,154,150,151,140,162,148,137,150,140,138,153,161,152,148,133,146,134,160,140,141,163,164,154,147,148,137,157,156,156,151,145,150,147,144,173,141,142,159,156,134,142,135,150,152,142,150,142,155,144,163,145,159,149,160,165,164,145,138,145,142,145,136,153,161,141,150,172,152,144,163,143,164,156,148,133,164,139,161,161,145,156,139,148,170,147,127,138,139,132,170,159,148,140,152,168,140,155,142,133,139,147,137,164,153,149,149,127,153,148,137,155,168,161,146,135,152,152,131,144,151,162,145,154,158,165,142,147,160,146,158,155,150,177,147,152,150,151,129,143,154,176,152,148,177,140,148,121,144,156,140,152,165,152,148,153,156,131,143,164,147,156,165,146,156,141,156,144,141,154,150,156,153,153,149,177,148,161,169,137,159,127,130,144,146,154,162,161,169,157,146,136,168,152,152,143,136,158,138,145,154,154,157,153,146,168,144,159,167,188,149,164,163,152,146,129,151,149,145,162,152,166,161,138,149,129,150,158,165,129,140,155,159,141,147,144,158,146,158,144,154,148,165,163,145,146,164,150,149,152,151,155,169,159,158,150,149,139,145,171,159,139,144,149,136,167,156,158,158,129,140,150,154,166,138,151,148,154,151,161,140,156,140,133,167,147,166,157,157,159,155,158,146,122,145,149,159,134,129,151,161,150,149,147,155,154,146,160,155,137,148,159,157,145,167,147,168,147,162,132,160,145,146,150,138,156,141,146,137,154,159,161,152,149,147,157,143,125,141,161,168,151,149,159,135,143,162,137,149,158,143,151,142,142,152,148,152,161,150,156,150,143,169,159,161,140,143,156,136,157,141,128,147,140,156,155,157,153,148,156,162,131,140,124,153,141,146,142,153,152,148,133,159,144,143,162,142,157,151,150,129,146,151,155,139,137,138,159,154,145,141,142,156,161,146,134,138,168,149,157,166,138,147,145,144,145,166,153,164,165,153,128,149,150,139,172,160,171,149,155,142,142,157,146,142,155,140,152,147,155,148,164,151,148,138,171,140,153,152,148,161,153,159,135,149,157,141,166,150,153,150,158,142,145,140,154,140,168,157,149,150,147,135,153,149,148,156,135,146,152,148,137,154,143,143,176,149,162,149,126,129,136,160,155,151,161,158,150,150,145,145,145,143,141,150,142,153,163,166,150,144,158,149,142,145,176,141,137,168,154,172,147,140,154,149,136,161,141,157,146,137,144,164,152,158,143,153,149,146,154,143,158,149,149,141,135,131,156,158,144,154,165,130,166,131,150,142,154,144,152,171,163,146,142,148,148,152,161,155,149,176,150,157,140,143,134,155,156,134,167,135,154,131,165,153,155,138,124,150,154,157,149,135,142,155,134,166,136,155,158,146,142,162,132,146,138,152,139,147,150,149,147,157,161,141,177,152,153,152,148,146,158,125,162,152,152,126,141,165,155,144,135,156,167,147,152,136,152,138,172,158,143,162,148,149,147,129,137,155,160,140,143,166,128,151,146,150,135,138,156,151,152,163,137,144,165,149,145,139,140,154,154,158,152,148,152,172,147,151,147,158,151,151,157,149,150,156,154,142,144,152,149,155,139,155,150,131,161,148,163,151,145,154,151,139,140,148,163,170,137,158,131,147,147,156,156,155,147,145,150,165,156,149,167,138,136,141,154,145,149,169,161,161,151,145,150,154,149,158,156,138,141,149,137,137,157,153,143,137,160,157,159,157,165,149,131,146,152,141,159,153,143,153,152,163,146,141,151,163,154,133,161,133,148,153,165,141,147,165,145,137,151,149,157,160,127,156,131,140,160,141,136,156,153,147,154,137,151,139,162,139,151,159,156,145,135,163,161,145,155,167,139,139,151,158,148,152,147,146,143,145,142,143,135,134,155,143,153,144,142,144,152,135,141,151,147,138,155,134,143,137,147,144,158,150,145,150,165,149,138,159,140,151,156,151,138,143,145,145,154,145,164,144,163,161,143,140,149,146,142,150,154,137,153,134,153,143,140,143,157,154,151,136,142,160,150,141,148,127,147,138,164,136,147,131,148,135,160,143,154,137,157,148,146,138,149,154,150,149,142,163,162,155,147,150,146,157,141,158,156,153,136,134,152,155,151,138,153,169,141,167,161,170,158,150,142,149,151,143,143,149,140,134,168,148,144,163,132,137,163,168,149,141,149,149,141,148,151,143,146,150,148,146,142,136,144,143,162,156,140,143,138,151,157,143,160,134,135,160,160,158,156,146,159,146,138,170,146,149,151,158,150,159,158,149,165,150,147,161,159,162,145,148,152,152,160,147,133,156,147,154,165,149,157,159,138,142,141,153,156,143,149,163,151,139,153,143,142,147,140,158,137,133,152,148,139,145,137,147,145,148,151,138,150,146,161,146,145,142,164,159,145,131,139,148,132,144,153,154,158,131,146,144,171,144,147,154,145,157,168,164,139,158,140,164,163,140,148,160,146,154,159,159,170,144,131,157,156,150,146,135,158,146,167,156,153,146,147,135,154,144,136,139,162,146,157,150,148,135,145,152,129,149,152,144,145,150,149,152,151,142,152,132,143,161,143,153,160,149,146,158,134,167,148,132,171,159,141,151,154,136,147,168,172,169,148,153,142,166,135,162,148,176,162,146,172,162,155,144,147,151,143,160,143,136,146,145,151,150,151,158,157,172,158,154,161,132,145,161,172,131,153,151,155,148,144,133,172,147,141,147,138,152,146,158,158,149,134,153,165,143,146,159,150,155,155,169,144,136,155,160,157,166,165,156,152,157,138,133,160,165,159,159,152,139,135,149,149,143,158,140,161,163,144,152,140,140,132,152,143,147,150,152,147,145,154,158,147,151,140,141,135,163,144,148,154,157,156,130,152,141,161,159,148,163,154,137,147,130,161,165,138,138,143,151,148,153,145,153,144,140,157,135,143,144,146,141,148,157,155,159,130,148,152,155,146,143,165,157,139,153,162,167,154,132,135,141,142,153,155,139,137,156,161,143,148,142,135,163,139,149,147,131,141,173,144,135,144,149,166,163,143,163,163,158,142,145,154,140,139,157,152,143,144,152,140,152,146,141,152,171,163,147,154,149,162,147,143,166,150,159,152,159,150,149,147,157,150,148,139,143,148,134,147,162,147,155,165,154,163,144,150,154,157,142,144,153,132,162,140,155,152,174,156,141,159,138,149,146,143,147,156,146,146,149,144,158,141,156,160,163,148,154,150,152,128,175,137,150,143,140,154,136,147,150,144,146,166,148,163,149,143,151,154,152,130,161,175,130,130,168,146,151,134,155,150,132,144,151,142,138,155,140,142,138,153,136,149,151,134,150,157,159,139,142,153,146,160,147,152,165,156,146,126,163,141,151,152,170,137,144,147,136,143,170,137,148,161,132,148,148,150,150,164,129,137,141,151,133,153,178,161,139,156,139,157,166,148,152,130,143,159,167,156,158,156,152,152,150,156,128,150,154,146,146,152,142,163,158,137,161,136,160,153,166,135,149,143,161,142,164,151,142,143,133,176,129,145,149,157,127,138,159,156,129,143,151,146,143,177,144,143,159,154,147,163,154,163,156,148,160,163,132,144,156,153,150,146,154,156,144,163,142,162,152,170,150,151,157,163,149,146,154,150,159,149,156,159,155,145,132,153,144,154,135,150,142,158,155,149,151,165,155,135,162,156,140,152,158,141,166,139,153,144,155,151,154,147,158,143,154,157,141,161,140,148,159,163,134,154,147,136,160,134,156,159,145,159,172,154,146,149,138,140,132,153,163,154,150,140,155,154,151,165,138,156,148,144,157,157,158,168,147,144,147,152,137,154,149,154,163,139,170,138,141,153,151,149,144,134,144,149,158,154,142,162,147,149,176,159,170,156,157,153,150,158,164,149,125,143,148,141,132,142,144,166,141,150,156,151,166,151,133,164,170,163,149,143,149,149,148,158,168,154,144,159,154,160,134,150,152,150,152,139,142,138,132,161,161,148,149,155,143,153,160,173,144,150,155,154,147,129,151,147,154,137,153,172,148,143,131,157,137,152,155,152,161,146,151,146,161,159,130,137,158,153,136,145,154,141,134,150,145,149,146,159,135,144,152,143,153,158,136,155,159,153,165,137,136,141,175,173,145,149,148,150,148,171,138,152,158,140,132,147,169,147,164,164,141,150,160,150,141,154,137,144,152,144,136,161,167,140,151,150,161,140,141,146,153,150,139,142,160,166,150,150,161,163,153,160,146,156,129,165,153,145,148,144,151,125,133,156,152,169,143,139,150,146,148,157,143,150,164,148,149,163,145,142,149,157,134,169,137,157,143,152,143,159,163,153,161,134,150,158,145,159,144,144,138,142,112,142,141,163,152,143,165,140,143,139,154,160,146,157,138,143,126,128,147,126,144,125,151,151,166,148,156,167,136,142,152,153,137,136,153,153,150,158,148,179,152,143,152,125,148,140,161,158,146,149,157,157,160,143,158,167,142,168,138,135,137,145,145,160,131,139,143,164,139,140,140,151,160,139,134,162,156,155,135,162,154,146,157,149,159,153,158,156,142,142,153,143,123,132,170,126,136,150,137,147,144,157,143,134,155,134,150,160,163,122,150,142,139,136,133,145,152,135,138,163,153,150,141,142,155,154,155,155,152,129,140,157,144,151,157,143,136,143,136,144,159,157,153,173,147,147,148,146,138,152,144,145,133,149,135,155,146,137,145,156,159,144,163,153,145,142,150,149,153,149,148,150,157,139,145,150,155,139,179,125,151,157,155,142,151,132,142,148,141,142,151,168,152,141,165,156,136,155,171,159,151,159,149,145,148,153,141,153,158,159,135,141,142,160,151,174,146,150,150,144,148,163,142,147,156,148,170,143,145,146,147,166,146,140,136,144,159,159,149,134,149,146,141,157,149,155,151,167,144,158,150,151,169,151,147,137,151,150,142,137,160,134,143,155,137,151,165,143,157,140,144,145,152,151,136,169,138,172,143,138,166,140,141,161,155,158,144,160,152,133,146,142,147,136,137,139,163,153,157,139,140,154,138,147,145,160,164,145,153,141,154,154,146,156,150,147,142,167,156,140,151,161,150,160,152,152,180,142,134,138,159,149,148,143,146,162,156,159,147,147,147,142,154,140,143,160,144,155,158,145,154,145,139,148,143,156,153,142,144,135,166,153,149,146,153,155,162,156,140,157,154,151,139,170,143,133,146,149,140,146,159,152,143,140,150,156,150,149,166,148,142,149,148,145,139,137,145,161,146,127,146,152,122,142,137,157,127,126,153,159,159,156,144,157,132,145,154,144,149,152,148,159,151,150,168,143,147,127,147,142,145,143,144,154,146,138,126,154,150,154,127,163,145,156,154,140,155,144,160,148,145,153,137,150,151,141,142,145,158,155,164,170,169,144,162,146,142,155,142,129,153,150,154,129,155,130,146,161,153,153,163,142,152,145,147,146,156,145,151,144,148,156,142,148,150,152,143,151,131,142,149,147,156,149,156,158,170,144,147,154,128,134,148,156,163,150,142,160,158,155,133,158,125,138,167,136,147,163,132,139,157,159,133,158,152,146,143,141,149,125,153,146,166,155,157,164,143,155,160,141,156,151,136,165,146,148,153,151,138,150,145,150,158,165,144,160,175,160,166,153,140,157,165,153,158,148,159,147,148,152,153,141,156,149,144,150,138,140,145,147,143,151,137,172,141,148,154,171,138,165,145,158,171,136,144,140,149,141,160,155,150,157,156,141,151,161,139,150,148,148,142,148,145,138,147,151,133,140,152,159,153,152,152,168,137,147,152,154,151,139,151,160,125,140,165,150,153,153,160,140,145,147,148,153,146,158,142,139,128,158,141,135,154,163,163,148,159,165,131,170,153,144,151,142,154,137,159,167,142,147,141,141,144,150,161,130,144,139,151,146,142,146,137,144,131,169,158,139,146,151,166,142,164,155,149,150,161,133,150,157,153,147,137,148,151,154,159,154,147,153,163,141,141,128,171,159,144,155,148,141,162,144,149,144,140,148,147,165,145,155,144,137,150,145,155,145,149,132,132,166,144,166,164,162,144,145,147,155,164,147,146,154,138,142,158,142,151,156,148,165,132,155,132,165,146,146,150,131,137,147,145,143,138,140,142,143,153,161,146,157,159,147,136,140,146,136,158,169,144,137,133,164,152,152,144,151,159,165,145,154,145,158,137,128,144,149,146,146,149,145,155,137,137,142,139,156,151,140,152,161,134,140,162,142,153,149,158,136,150,143,151,157,143,158,145,140,144,150,146,158,151,160,150,140,147,156,156,170,138,155,161,149,163,163,162,137,165,129,168,155,137,137,140,141,169,142,140,132,155,152,138,165,142,157,172,139,139,168,153,163,139,156,151,147,144,164,145,158,151,131,147,160,137,148,142,149,153,157,141,163,151,151,144,146,148,145,149,140,146,159,144,154,156,161,145,161,169,150,153,150,144,158,145,154,158,142,145,136,149,137,154,141,150,146,128,139,139,130,149,155,153,173,140,148,157,162,156,131,140,152,154,149,142,153,142,162,163,133,147,153,154,150,160,138,134,147,134,157,138,164,158,128,150,129,133,152,165,143,173,140,149,133,145,144,149,155,140,120,140,160,130,127,159,151,157,137,145,155,147,151,147,161,150,140,143,147,141,151,150,155,147,150,143,150,157,128,154,145,142,143,137,164,144,160,138,148,165,149,142,150,145,162,153,153,139,120,140,160,158,171,156,156,134,146,139,161,156,139,164,140,147,146,137,143,158,141,135,154,152,153,144,168,139,145,146,167,157,136,146,140,154,147,156,134,146,146,158,166,150,148,144,150,152,143,149,156,149,158,146,154,166,138,156,164,119,143,158,151,163,151,155,151,155,156,168,138,137,152,163,145,140,153,159,154,165,146,139,137,169,139,149,146,153,155,153,152,161,137,156,158,155,151,127,160,155,150,151,157,146,150,157,145,149,162,150,152,161,166,147,152,152,157,145,141,146,145,160,149,168,139,155,156,150,158,157,139,154,136,160,155,159,150,133,154,158,169,155,155,144,156,172,157,143,151,143,151,145,160,148,150,158,141,145,165,153,153,149,153,134,126,149,159,135,155,152,138,158,141,159,149,138,154,171,147,139,150,147,146,150,155,148,155,153,131,147,143,158,151,132,143,165,158,140,161,159,161,134,131,145,152,157,159,156,139,152,155,155,150,160,143,139,148,121,156,151,145,140,139,170,138,140,143,142,143,143,139,154,159,156,129,129,142,151,147,138,146,161,134,155,151,164,140,140,150,134,151,166,148,152,170,154,160,157,135,144,154,152,143,164,140,129,151,133,153,157,146,153,153,157,160,137,144,144,148,155,151,152,156,153,139,160,160,160,149,158,156,157,150,151,149,145,129,157,152,148,158,157,159,142,161,162,152,152,146,152,134,163,161,147,145,138,167,139,131,147,159,136,153,154,152,161,145,148,136,153,151,141,143,160,152,158,163,154,162,138,146,153,146,149,149,147,156,150,155,156,168,145,155,149,145,141,137,180,133,154,161,152,157,159,156,130,151,158,154,151,163,171,141,138,150,137,168,147,134,161,128,153,165,154,150,165,148,150,149,133,158,145,148,137,144,163,147,152,152,153,166,155,147,152,161,147,131,152,162,150,139,142,143,146,155,165,161,158,152,149,140,143,136,133,147,164,141,150,146,167,141,159,155,154,138,150,154,139,140,141,131,153,157,138,152,154,142,151,154,142,144,153,146,171,158,149,154,131,140,143,157,147,168,137,141,155,156,135,128,160,150,130,134,152,161,151,142,130,139,153,153,149,152,147,139,143,149,161,146,143,154,146,145,155,136,151,140,141,145,145,135,138,143,165,156,151,159,149,159,142,144,155,153,151,144,156,140,148,151,150,147,147,152,128,144,157,153,155,154,161,155,154,140,163,130,135,153,137,148,148,160,154,154,169,153,140,152,141,140,146,144,161,142,145,150,144,141,133,150,154,152,150,129,134,148,162,151,152,148,167,141,162,170,168,154,135,135,150,130,134,160,162,140,157,139,147,144,153,140,157,153,171,144,160,146,136,142,144,142,149,164,153,146,146,157,155,151,155,150,163,139,138,166,142,132,158,150,148,141,158,146,142,151,142,129,165,164,134,144,153,154,142,142,150,126,148,146,161,153,143,141,170,150,153,146,154,164,157,148,141,147,141,142,156,138,162,156,160,151,158,151,159,178,163,131,145,150,147,139,145,164,153,162,161,127,146,151,142,141,152,147,138,160,145,153,126,153,138,153,165,148,151,145,154,153,163,163,150,139,176,125,145,152,139,135,150,160,142,143,122,139,147,150,141,160,140,150,148,140,154,154,168,158,147,139,132,148,154,156,149,136,146,148,157,130,151,143,161,156,148,150,150,153,150,150,153,168,152,154,138,148,165,149,151,155,142,151,148,156,150,146,125,147,149,167,160,155,148,157,162,157,152,121,157,156,158,164,148,137,137,162,137,129,142,157,144,144,140,149,159,151,141,140,143,147,135,153,149,149,140,160,128,150,128,134,140,152,147,135,160,167,155,149,150,153,152,150,149,142,141,134,157,140,154,156,158,155,130,161,135,155,135,155,155,157,151,159,162,173,162,148,158,158,160,156,141,145,154,166,145,160,137,159,150,140,159,155,138,163,159,147,132,142,151,142,153,162,145,148,152,160,141,164,157,152,160,166,137,137,149,141,138,142,164,147,135,145,138,148,151,153,149,160,141,135,151,139,138,157,151,150,142,123,154,131,141,137,152,158,139,145,150,149,136,155,155,158,161,154,140,159,154,140,148,160,166,150,139,145,133,141,136,148,167,145,145,160,143,138,150,153,122,138,168,150,159,172,162,145,143,146,145,159,139,140,173,158,146,171,131,155,144,136,140,152,160,153,155,161,164,155,142,149,152,166,137,146,159,164,162,141,150,133,153,146,139,134,153,146,158,139,156,158,144,162,152,133,145,135,143,143,149,146,143,149,139,146,149,151,163,163,148,134,160,139,155,147,162,148,161,160,168,148,144,149,160,151,152,152,163,149,148,148,155,139,147,166,128,154,153,170,165,144,166,165,150,142,153,140,158,149,159,144,154,157,155,135,137,162,146,156,169,151,156,169,144,134,167,143,127,140,132,157,145,170,154,149,157,157,146,130,156,133,153,143,143,145,134,143,152,153,159,154,158,174,141,142,146,143,147,161,137,158,135,162,136,151,141,154,146,149,139,144,172,141,160,152,141,148,156,142,128,162,183,171,169,143,163,149,136,137,150,169,150,149,149,144,169,150,140,162,155,162,147,146,172,164,160,154,140,163,149,154,154,145,156,153,155,144,137,171,148,146,147,144,154,174,152,156,136,159,161,154,151,146,176,143,140,141,143,150,142,159,155,137,154,146,179,159,152,161,165,163,149,130,169,147,141,134,149,154,155,129,164,167,151,140,147,142,135,146,141,143,145,150,146,140,143,142,155,144,165,144,155,138,153,163,157,151,157,159,158,146,145,146,133,143,145,147,154,147,159,149,157,151,157,148,141,135,162,165,158,128,151,162,154,155,143,140,147,156,141,149,148,154,146,152,147,146,161,156,146,158,155,138,162,147,159,162,166,143,136,153,134,156,156,141,154,137,162,156,145,151,163,156,155,137,154,153,139,151,145,158,162,155,160,166,158,147,156,156,157,157,153,172,138,152,141,147,170,129,160,141,169,144,155,159,170,137,161,167,165,147,142,159,148,142,136,159,164,154,145,133,149,141,140,144,153,143,145,162,154,136,144,162,148,142,145,138,140,155,143,157,139,130,152,157,142,159,138,156,135,149,148,155,136,143,141,151,153,149,140,141,150,142,151,141,151,143,167,175,131,149,140,149,155,158,147,156,169,161,140,144,148,151,151,142,151,133,147,137,144,145,149,162,156,147,173,167,135,159,161,138,157,149,152,154,153,157,154,138,148,142,142,145,157,149,147,143,156,140,161,159,163,149,144,153,163,139,174,151,145,147,135,166,150,147,145,153,133,150,157,144,138,160,151,153,145,137,171,164,145,152,153,150,158,143,141,160,157,149,161,150,158,165,147,140,154,131,141,164,170,137,171,163,159,151,160,135,146,158,147,145,143,154,133,133,146,131,146,157,156,156,139,169,158,162,130,152,156,136,153,157,152,163,146,153,143,145,143,151,147,156,135,154,143,144,153,130,137,172,156,168,155,176,147,156,155,151,154,168,140,163,148,160,151,146,171,146,148,147,139,159,144,142,132,142,146,154,138,152,137,133,157,150,159,153,163,151,145,147,141,159,136,161,124,147,130,141,146,139,140,135,126,143,139,160,136,153,166,150,153,130,156,160,147,175,148,152,169,146,144,144,140,141,149,158,163,157,146,142,151,145,143,161,142,158,151,154,130,166,144,149,147,163,139,145,144,143,177,126,151,142,151,166,168,133,151,128,156,131,149,153,153,151,147,150,156,151,170,163,150,164,136,149,157,162,129,144,145,147,133,153,157,158,143,158,147,149,148,158,131,161,139,156,142,139,137,177,136,154,136,143,150,166,149,165,156,145,136,156,142,165,152,153,151,147,141,144,153,166,149,154,157,162,169,147,145,155,148,140,135,151,150,147,162,158,159,157,145,148,149,144,146,156,153,137,168,159,147,144,151,160,142,148,152,173,147,147,141,143,156,150,147,165,163,158,140,157,121,163,148,155,154,130,147,149,152,138,149,142,154,143,146,148,141,154,142,151,137,143,146,141,156,149,163,157,145,143,148,154,150,151,150,163,156,159,150,157,163,155,151,155,125,154,146,137,125,160,145,155,155,154,154,149,154,159,143,151,143,167,142,163,160,148,137,164,143,157,149,148,168,145,158,139,146,161,147,154,137,155,148,159,149,150,124,141,171,148,170,137,167,155,150,122,148,168,148,146,147,148,156,159,158,167,156,158,146,148,161,164,146,153,160,142,134,148,142,145,144,142,148,139,154,152,146,150,157,170,151,154,152,127,164,144,127,152,150,140,149,133,135,139,161,144,165,149,167,161,148,159,153,133,126,158,160,145,149,143,139,159,137,151,159,145,134,160,153,149,144,138,143,139,158,141,160,148,142,153,147,142,135,146,142,143,143,152,160,149,153,160,146,156,161,145,152,146,146,137,160,153,155,162,147,143,147,136,159,145,168,171,156,158,152,149,144,155,142,143,139,156,148,151,153,136,148,152,134,155,139,155,144,145,146,147,160,153,129,156,165,140,149,133,142,137,163,144,147,162,132,168,148,166,160,142,145,153,154,160,148,145,148,145,134,152,155,158,152,127,143,160,160,136,144,157,152,153,158,142,152,154,172,136,136,154,154,160,161,144,139,152,154,146,142,144,141,142,158,142,160,164,158,138,151,156,127,146,149,159,132,144,162,160,135,144,148,173,159,157,159,144,152,146,142,153,130,160,152,154,156,155,143,142,165,138,144,126,140,142,139,169,170,161,150,159,148,145,164,142,139,157,147,165,141,152,159,165,157,146,135,170,137,159,145,142,155,155,163,144,142,155,139,151,161,144,149,142,154,151,155,147,156,137,149,157,158,142,152,169,159,164,148,138,138,155,173,146,158,161,166,146,144,137,159,164,156,170,133,153,132,146,170,156,132,163,146,142,153,144,162,157,151,139,139,137,130,166,151,174,159,149,160,149,153,155,149,164,124,143,155,152,139,137,147,136,147,155,154,152,150,156,146,149,157,154,142,158,142,155,138,155,158,159,145,158,166,140,155,135,151,129,143,161,142,168,161,151,146,148,159,156,157,152,153,143,144,158,167,164,146,141,158,143,133,157,162,134,146,153,152,164,155,150,126,159,144,153,133,145,148,138,151,167,137,167,155,140,152,130,143,152,150,136,125,159,165,143,159,155,150,155,153,135,148,133,145,154,153,144,146,156,143,148,153,173,156,153,159,153,151,159,158,141,153,151,152,137,157,142,169,145,147,152,141,163,152,155,140,165,144,173,143,152,151,143,155,156,151,139,150,157,156,145,173,163,154,150,127,175,159,149,149,141,158,160,164,158,154,150,157,157,144,174,153,141,156,151,161,161,156,143,164,145,141,141,149,169,151,153,148,155,161,146,146,161,155,146,154,139,167,135,165,146,163,162,163,168,141,160,145,142,131,157,145,148,156,142,158,154,153,153,161,142,160,150,167,146,144,156,138,139,151,141,146,133,159,160,138,138,136,141,156,145,168,145,154,163,153,159,140,147,159,146,125,147,148,142,142,156,146,164,131,169,149,157,165,154,159,144,163,150,135,153,149,126,162,142,153,157,165,169,160,155,151,140,152,143,136,159,152,127,149,160,160,161,166,153,150,141,143,152,122,166,154,163,137,164,153,167,140,152,156,150,155,139,143,146,169,156,181,149,149,156,139,162,146,131,143,158,169,155,148,148,142,177,147,149,131,148,159,165,137,142,134,143,151,146,158,147,153,152,142,167,153,155,151,168,131,167,145,152,145,143,159,166,132,130,157,153,138,158,161,160,150,155,140,143,142,171,131,156,142,147,147,127,164,135,137,146,129,155,146,135,166,132,145,143,148,168,148,150,140,140,140,147,149,167,146,144,145,171,148,155,143,147,148,151,154,142,139,170,147,130,156,143,154,144,158,148,143,157,162,162,160,166,148,136,157,138,139,148,152,143,149,140,139,159,144,141,153,146,142,156,169,159,155,137,146,137,154,140,142,165,163,143,165,145,143,141,150,150,130,156,141,158,153,177,149,154,157,169,133,134,175,138,137,152,168,143,160,148,149,157,156,142,170,154,146,141,150,144,145,131,155,136,142,140,137,141,161,146,151,145,168,157,158,170,129,152,165,146,148,150,148,162,150,147,142,142,129,159,144,165,150,162,152,145,163,150,143,158,157,144,148,149,137,134,142,143,145,134,123,147,140,153,168,167,150,153,135,142,132,149,145,151,143,141,149,163,157,152,151,153,148,138,159,143,144,148,143,152,162,174,140,157,135,148,139,172,163,155,133,153,156,130,169,161,133,139,162,149,145,147,152,185,168,139,130,150,150,161,132,154,156,156,162,152,143,135,143,146,165,148,153,130,168,139,144,163,161,132,160,134,167,159,161,149,153,153,161,152,142,144,142,146,151,159,177,130,139,152,169,150,155,152,153,159,149,157,131,162,134,129,140,180,150,138,142,125,148,144,141,137,149,131,180,147,133,136,161,144,148,158,151,164,141,163,154,148,167,154,156,142,147,151,161,148,136,141,137,142,140,163,166,150,137,130,152,157,157,137,142,153,139,134,144,127,151,150,145,139,160,166,143,148,144,125,152,133,135,145,151,153,143,166,158,147,161,153,177,153,143,135,156,140,139,150,147,144,155,163,159,180,157,150,144,141,151,154,159,151,152,144,136,154,155,165,152,158,158,162,132,140,131,138,149,152,151,141,162,168,153,150,151,153,150,142,157,115,145,151,164,134,142,139,133,142,150,141,141,151,154,160,156,146,140,163,140,154,143,157,159,159,148,131,141,148,151,170,155,153,143,147,153,153,164,138,154,126,143,148,142,145,151,158,158,166,159,130,187,143,139,164,155,149,166,147,149,145,134,141,152,159,152,151,174,148,132,152,145,142,137,122,136,134,130,157,154,147,162,162,130,141,168,156,135,148,144,144,159,153,128,155,149,137,140,187,146,140,148,136,146,164,133,151,159,136,143,144,162,143,130,149,149,142,139,141,152,165,169,159,169,157,157,169,161,163,156,145,160,140,160,155,146,153,143,143,164,143,150,154,147,155,152,158,161,160,151,159,153,150,150,148,156,136,165,151,162,154,131,157,141,154,159,132,147,153,128,152,145,148,150,149,155,168,148,145,148,154,127,145,159,140,155,128,133,158,155,150,152,178,132,131,146,143,148,153,148,138,158,144,153,138,157,139,143,137,174,159,149,152,131,157,147,166,134,168,150,140,139,150,138,159,150,161,162,137,159,166,165,166,136,148,150,160,156,149,153,158,153,138,135,170,156,157,161,166,142,142,142,145,163,141,156,153,131,172,147,154,149,150,165,130,156,155,156,154,160,145,144,149,134,154,152,148,145,174,162,164,176,168,152,145,140,142,152,155,146,157,159,144,147,152,145,167,158,157,143,147,145,127,152,155,150,147,171,149,156,152,158,146,154,142,124,157,146,135,179,157,136,148,145,154,155,157,167,141,153,149,137,150,166,137,146,158,148,164,171,133,130,156,139,145,117,136,154,151,154,142,152,150,136,149,127,159,151,119,163,162,144,147,154,138,150,151,164,152,156,153,153,171,147,168,155,155,143,160,152,157,135,143,161,141,139,150,144,145,151,147,155,152,145,147,147,155,145,149,146,174,171,161,138,140,148,156,151,158,142,130,145,157,148,147,161,147,147,154,146,148,158,169,152,137,141,126,150,148,160,144,149,156,159,155,156,149,171,159,144,144,131,145,153,138,150,138,150,143,137,140,128,159,132,148,151,150,140,147,164,159,164,156,136,154,145,155,163,141,145,157,156,151,159,136,146,143,137,162,156,159,148,139,151,145,162,163,137,149,140,153,140,134,170,184,174,150,169,143,138,150,144,145,153,154,172,127,158,152,148,155,160,135,135,147,150,151,153,155,146,144,152,170,165,162,149,157,138,127,155,164,146,157,159,138,146,134,138,150,159,151,156,139,155,146,162,150,146,146,147,166,157,149,138,163,154,148,155,153,154,152,159,146,169,161,154,157,154,150,156,166,126,155,134,162,139,167,153,140,144,140,151,150,163,152,142,138,147,166,153,161,143,148,149,140,160,142,140,168,152,157,159,170,139,145,147,140,153,148,156,155,168,150,157,153,136,143,149,157,153,141,172,149,152,134,137,159,151,139,162,152,143,168,149,128,142,144,157,146,163,154,151,138,142,141,163,155,169,170,151,151,130,133,148,154,141,135,136,148,146,155,144,149,147,160,139,159,152,155,141,141,158,153,140,162,158,136,162,159,164,151,151,149,163,165,157,153,173,165,143,137,158,152,141,157,155,139,156,149,165,157,150,159,142,156,129,169,151,138,175,140,148,170,145,141,151,152,141,150,154,154,142,147,156,145,151,156,124,148,151,157,146,139,147,155,169,157,152,127,158,161,158,156,148,148,135,157,142,154,145,150,153,130,142,146,139,133,160,155,157,144,160,160,139,146,147,154,139,144,150,135,150,156,142,137,162,161,153,153,141,146,155,129,153,151,150,159,138,157,141,143,142,145,147,144,147,139,131,146,149,151,157,154,161,155,181,145,148,173,149,160,154,148,148,128,146,160,147,145,152,152,153,151,141,155,164,150,156,161,143,139,124,129,158,142,150,161,149,174,158,166,145,152,149,157,164,150,161,160,153,138,146,147,155,153,154,160,149,147,138,148,132,152,155,135,150,126,138,137,144,152,157,127,153,153,152,139,173,125,147,164,157,149,125,158,147,149,138,135,173,162,165,127,146,146,155,140,160,140,156,137,131,143,145,137,154,155,158,149,152,153,144,162,157,162,169,129,171,138,170,158,160,160,149,148,149,147,153,141,146,164,159,151,150,157,154,155,175,145,138,145,154,136,164,146,164,138,163,132,135,168,137,156,162,149,145,139,154,152,155,150,161,157,146,160,134,153,125,138,146,142,170,138,156,154,157,151,143,142,152,142,131,155,140,166,143,135,159,143,166,153,137,172,156,152,150,152,150,139,155,158,151,145,133,127,154,152,162,147,153,151,152,146,140,153,172,154,165,166,153,141,164,142,147,136,163,155,160,146,162,139,176,152,144,158,158,158,168,144,147,147,156,149,154,148,142,142,156,151,140,156,168,149,138,151,145,144,151,139,162,125,134,143,145,133,160,133,162,155,151,149,153,145,148,156,148,166,153,139,145,146,154,150,157,159,154,147,152,149,148,155,146,150,158,138,139,141,140,166,156,158,139,145,152,152,157,160,153,156,154,146,162,142,151,147,145,146,166,138,151,149,134,157,139,154,159,134,153,149,145,155,155,153,147,150,155,145,142,149,160,144,160,143,158,139,148,154,158,161,163,138,134,146,151,152,161,157,128,153,161,148,155,140,137,147,148,145,153,156,155,164,132,153,161,155,148,162,153,158,145,153,146,137,148,149,153,143,135,143,148,148,151,140,142,172,131,126,157,158,146,151,147,164,134,163,151,153,151,144,127,160,153,155,151,144,144,144,152,142,157,158,144,147,143,133,147,150,149,150,145,136,129,131,139,150,150,134,152,131,155,155,139,148,144,143,154,157,153,124,137,142,161,141,158,160,161,155,155,141,129,138,140,150,155,147,146,152,142,143,143,149,153,163,148,150,150,150,149,143,151,146,157,171,154,154,125,154,157,158,139,140,149,129,151,159,155,130,146,143,140,136,142,152,140,146,146,152,150,156,146,122,142,152,148,129,153,141,147,146,143,155,142,144,169,153,153,160,149,146,191,147,156,154,134,136,158,144,164,156,144,140,154,152,148,151,157,135,132,140,144,130,145,161,134,164,142,157,140,140,143,161,141,143,174,144,139,139,145,158,137,172,145,161,154,148,151,148,145,143,153,159,146,141,153,139,164,149,153,159,154,162,141,142,164,144,138,139,147,137,143,154,145,178,146,130,140,158,139,156,157,146,146,138,147,138,153,150,137,142,164,144,156,151,144,137,135,135,156,149,161,164,146,166,145,177,133,138,170,138,148,166,142,155,153,164,149,150,138,165,134,137,138,153,139,148,165,154,161,148,165,148,148,151,160,153,157,160,151,141,143,153,146,148,154,170,165,156,137,156,162,183,157,142,150,143,155,125,141,124,147,146,149,154,140,154,134,137,145,150,151,140,144,155,124,158,156,130,141,148,145,147,158,146,138,144,153,159,141,146,159,159,163,143,155,154,146,157,146,130,143,155,162,162,150,161,151,147,168,122,149,147,171,154,143,150,142,141,133,149,149,147,134,154,142,138,149,156,143,136,147,137,165,121,159,165,148,147,142,159,133,148,152,127,144,163,156,140,157,153,152,134,145,160,166,148,143,132,151,158,166,141,158,151,163,152,151,144,151,146,149,134,128,148,143,160,143,164,147,143,134,136,151,136,148,159,158,137,132,165,148,161,158,152,161,148,156,139,151,141,151,138,143,160,138,152,143,139,155,146,151,145,155,134,137,150,156,163,148,163,162,157,147,153,149,153,140,157,143,147,158,153,163,144,147,135,144,154,147,166,158,166,136,147,159,142,154,140,159,132,147,153,150,149,163,149,139,155,152,130,135,152,149,149,158,160,144,142,147,147,167,166,147,168,147,148,148,159,136,146,143,161,158,147,134,152,158,161,131,165,138,122,138,152,151,147,142,144,133,141,135,146,177,149,165,134,157,143,149,152,166,161,157,157,129,153,153,159,165,142,149,142,152,156,152,155,149,152,146,152,152,153,169,140,153,153,164,143,151,155,147,143,147,143,164,157,151,129,154,158,139,140,144,140,149,155,135,146,143,146,139,141,152,153,149,131,138,149,136,173,139,147,160,150,151,178,167,170,147,139,139,136,146,152,148,148,131,127,159,141,135,139,145,129,145,163,148,147,153,156,138,150,141,136,136,169,144,156,148,151,126,151,147,149,163,132,164,149,127,141,147,143,147,158,156,146,143,159,148,154,137,149,149,144,141,151,161,159,159,144,165,132,153,148,151,143,140,153,164,139,156,158,154,147,145,132,176,135,149,156,142,141,159,151,160,137,150,152,152,146,162,151,142,143,145,137,147,142,153,148,144,143,145,148,159,134,122,133,157,149,144,131,144,123,139,159,156,143,163,151,136,156,137,166,148,163,151,152,148,156,146,150,149,134,158,136,133,142,137,157,145,152,139,149,145,165,147,160,144,151,150,162,142,134,155,146,141,147,172,140,139,160,135,142,153,153,139,137,162,175,164,136,145,132,146,159,148,150,156,155,150,148,143,154,131,160,130,142,126,161,150,144,159,146,135,122,177,142,138,159,155,155,146,138,155,151,134,162,155,148,167,150,144,165,159,145,155,143,138,138,148,152,150,146,143,162,159,141,148,147,146,163,143,146,151,156,160,158,139,128,154,148,147,144,159,127,139,139,137,156,144,176,167,174,155,152,144,145,152,147,146,156,147,144,141,162,143,143,139,149,144,155,157,140,164,146,169,138,127,159,168,151,163,153,155,148,146,152,146,156,164,140,137,155,147,147,150,137,137,148,136,147,152,160,159,151,152,151,147,156,157,150,133,143,131,151,161,143,154,157,156,138,139,144,140,151,148,149,154,155,122,163,171,131,140,168,149,168,140,152,156,158,151,167,133,174,149,144,152,146,156,165,162,135,159,135,150,132,156,156,154,150,169,155,158,152,150,140,133,161,145,150,161,157,152,153,142,128,139,162,150,152,134,156,144,135,133,149,144,164,145,152,154,158,133,148,138,158,142,164,152,146,151,148,162
148,148,165,159,154,155,144,139,138,162,153,150,137,144,143,149,154,153,147,136,156,146,143,152,151,159,150,142,150,141,141,152,153,152,143,162,147,164,155,145,139,165,134,148,152,169,141,149,151,164,134,142,123,142,154,143,142,157,142,151,158,151,152,136,143,134,152,152,148,150,161,161,148,159,153,141,149,136,158,145,161,170,145,166,137,157,126,135,136,147,152,151,139,148,142,142,177,147,146,139,160,148,146,156,142,143,149,135,141,137,159,151,146,142,147,141,135,137,136,163,152,140,174,142,153,159,143,167,153,169,132,152,159,151,151,142,158,127,143,166,169,122,136,144,168,144,151,147,156,156,165,140,145,148,160,142,155,153,146,159,145,146,131,147,184,155,151,162,156,135,144,164,133,137,161,163,135,157,150,144,153,154,157,147,142,160,145,144,167,139,143,154,157,146,156,146,130,163,153,147,164,163,137,158,147,137,159,154,129,145,155,163,135,162,150,150,139,135,157,147,146,137,156,149,131,148,148,135,154,158,146,160,139,154,142,144,172,155,147,144,150,144,157,142,174,144,161,157,148,138,149,142,153,158,163,157,151,141,138,151,136,135,135,141,139,156,140,151,169,146,152,154,169,147,166,144,155,155,139,146,156,142,130,155,149,133,145,131,144,151,135,154,148,152,136,149,149,157,147,167,159,169,143,151,150,163,148,163,142,138,148,147,157,140,152,158,145,146,139,155,149,161,143,144,151,145,155,158,143,147,141,153,158,150,167,150,127,149,145,153,140,143,137,143,141,158,147,160,139,170,133,132,161,144,158,165,154,155,147,155,133,148,147,135,154,131,156,155,151,169,150,139,136,139,134,144,157,153,160,156,130,146,176,152,148,152,152,154,143,135,143,136,165,151,146,145,147,144,159,161,149,165,149,149,147,173,177,160,152,144,157,149,141,159,149,159,145,153,162,154,155,163,143,149,152,162,148,151,144,145,143,157,170,154,155,158,158,144,148,138,120,142,153,146,152,136,154,148,166,146,149,144,164,153,168,145,145,145,147,161,159,156,156,147,148,153,160,144,129,159,143,155,141,134,171,160,163,150,152,155,131,159,151,136,159,153,154,154,148,155,143,156,163,154,147,155,150,140,137,161,138,160,166,150,141,142,152,159,139,151,128,139,154,160,156,156,143,141,136,156,145,152,173,162,156,155,152,148,145,147,163,144,129,148,138,145,141,150,140,159,133,160,148,159,149,155,139,163,159,143,150,158,141,146,149,149,142,148,158,130,142,155,155,151,152,162,148,149,142,154,138,159,148,143,160,146,146,152,147,161,156,139,135,145,172,151,147,162,146,163,152,151,138,160,163,164,152,161,159,141,152,139,176,151,145,152,137,148,159,158,164,155,163,138,131,140,136,152,163,160,138,144,144,135,150,156,156,136,157,165,145,166,132,158,146,131,162,156,137,134,138,161,153,145,156,147,150,135,152,152,152,147,149,153,149,154,159,157,153,154,149,142,166,152,142,159,154,133,144,137,129,152,151,151,146,147,153,159,149,137,144,152,175,158,154,152,135,156,142,140,153,158,144,138,161,141,143,156,141,149,131,141,150,155,162,151,146,144,136,149,153,172,143,155,137,157,146,152,147,150,154,158,149,127,149,128,150,156,160,142,129,147,146,156,139,170,148,161,130,143,159,158,174,151,147,159,150,161,158,163,160,151,149,150,151,163,161,148,156,158,157,153,159,174,155,151,137,145,162,148,156,149,165,137,170,153,138,168,138,162,140,165,169,148,150,161,141,152,159,138,159,154,154,171,164,138,155,132,147,155,148,160,155,141,159,143,144,145,156,152,138,141,168,142,154,151,141,153,157,161,153,145,143,162,148,146,154,169,159,145,153,142,163,137,166,162,156,142,151,154,149,148,147,149,159,161,139,145,149,152,129,152,152,160,149,142,137,148,151,173,146,136,157,136,160,151,141,147,160,151,168,155,138,160,145,146,166,151,171,153,138,160,144,141,173,138,153,145,159,147,136,160,151,145,132,155,131,148,154,163,156,154,168,160,143,158,152,163,151,137,157,161,150,144,152,158,136,147,150,163,153,161,139,156,166,151,135,160,163,168,164,161,168,171,165,149,134,147,146,152,142,132,148,157,155,144,134,163,136,162,152,156,136,146,149,157,152,148,150,144,143,149,154,144,159,145,149,142,151,164,159,145,152,156,137,142,141,145,165,169,148,145,157,151,145,160,148,152,143,132,164,146,154,149,149,139,170,163,153,173,143,167,149,147,142,155,147,150,148,154,143,145,142,142,149,144,157,152,164,167,147,135,150,141,158,161,148,152,152,156,164,141,159,133,156,150,168,146,162,161,149,160,141,153,123,165,145,142,148,134,125,145,149,180,156,144,141,145,134,151,166,161,143,150,140,151,148,153,151,154,152,148,155,147,142,171,149,146,154,158,151,152,160,160,141,156,149,157,136,160,155,159,150,143,167,161,151,150,140,140,161,159,132,154,146,159,142,149,135,132,155,137,136,155,147,174,146,145,134,147,152,152,143,167,147,149,152,149,173,160,150,141,155,140,140,159,147,148,153,127,160,136,152,145,136,156,154,153,158,161,145,146,131,150,148,163,161,150,165,159,152,149,160,140,135,140,158,173,138,140,181,139,141,134,149,139,134,141,146,154,146,130,159,175,132,138,150,164,149,141,160,141,155,147,147,137,147,133,142,135,162,161,156,140,148,152,142,156,171,135,170,166,155,131,139,169,149,169,150,143,139,132,143,145,167,160,154,155,151,147,148,160,153,156,141,151,134,145,152,165,156,156,150,161,169,151,148,141,167,140,147,137,141,138,135,144,157,149,145,132,150,149,150,152,155,144,143,141,164,157,156,149,111,150,154,128,144,147,147,143,137,135,157,162,141,157,157,145,143,132,165,170,142,150,158,139,156,148,146,161,135,155,161,161,147,156,165,133,139,138,131,174,145,156,147,158,143,139,135,151,176,132,156,147,159,146,155,148,158,150,140,152,137,150,129,153,141,151,137,174,165,149,163,165,136,146,140,151,149,151,141,158,157,140,158,152,157,150,148,157,158,156,151,153,153,151,148,156,151,147,158,143,140,156,143,146,146,152,145,152,143,143,141,128,153,156,152,156,146,149,154,163,181,164,157,132,167,148,159,149,129,153,150,145,151,164,145,143,156,152,144,151,161,144,147,150,137,145,164,152,148,159,144,154,131,140,150,148,146,152,164,149,170,147,158,135,145,146,149,147,145,140,170,153,163,156,166,134,154,151,140,143,145,160,146,133,148,128,142,145,151,167,160,140,167,160,146,151,143,151,164,148,142,146,159,130,151,151,156,153,155,150,138,141,144,169,147,153,149,154,149,147,133,149,145,148,156,162,179,156,162,136,155,151,150,140,146,139,159,148,158,152,157,141,165,161,140,146,148,172,131,157,158,139,143,164,161,137,140,141,134,177,153,155,152,156,153,145,149,138,142,143,153,143,164,152,136,144,150,182,142,147,141,144,134,146,158,154,155,148,137,148,146,152,145,150,156,162,158,147,150,136,152,134,148,150,153,140,168,152,160,144,151,156,128,139,135,147,151,156,152,166,143,147,159,141,158,140,132,158,141,137,154,165,144,171,157,144,155,151,129,146,148,138,142,151,145,164,141,147,149,171,133,162,144,157,135,154,161,152,151,135,137,152,153,159,135,122,147,150,127,148,165,161,174,160,156,138,141,164,140,136,140,161,139,157,153,152,160,152,142,152,150,151,157,153,142,143,160,133,139,137,144,143,149,140,168,160,158,150,151,174,142,156,171,159,134,147,152,171,150,141,164,148,140,135,156,161,165,155,165,164,160,170,146,130,158,144,135,154,132,149,153,148,166,142,144,158,149,137,139,155,136,151,165,156,135,141,153,153,161,158,164,162,144,157,147,134,148,150,154,149,154,147,147,144,151,151,160,142,145,150,134,148,169,136,152,144,140,160,136,147,150,148,137,154,150,140,129,152,146,154,153,157,152,157,168,156,161,151,135,158,148,145,156,134,139,156,147,148,149,147,147,164,166,154,139,140,140,140,143,161,143,153,142,131,156,148,147,156,147,152,141,148,163,149,153,140,147,136,152,144,152,158,159,162,130,159,154,146,148,167,152,146,136,153,150,133,144,157,150,152,150,169,158,154,140,120,170,150,129,149,136,142,157,141,143,153,171,141,148,137,145,146,142,144,162,155,144,148,154,135,144,159,134,174,133,147,151,141,151,142,145,149,146,150,143,140,154,146,157,129,133,132,156,150,142,166,144,152,158,143,148,158,155,141,151,159,159,154,152,148,158,141,179,143,164,129,147,156,149,143,133,149,176,155,154,150,153,153,142,166,139,157,157,142,138,152,143,163,135,148,165,138,139,130,141,132,131,165,162,139,170,158,153,149,145,134,131,130,148,135,141,168,160,146,142,152,139,155,178,128,140,149,153,148,145,155,154,139,149,155,145,157,140,166,142,135,139,140,166,155,154,154,140,170,149,145,149,164,153,150,159,140,158,151,160,152,135,147,158,167,155,149,141,154,155,161,130,142,169,156,144,152,159,153,161,146,142,148,149,160,157,172,157,159,132,149,152,144,145,145,150,137,139,156,142,155,139,166,156,144,163,164,168,150,162,150,161,138,154,146,167,140,127,153,147,147,145,138,148,143,138,126,155,168,153,155,141,139,160,144,141,144,153,153,148,129,159,136,148,158,146,165,137,168,145,153,148,165,158,152,149,140,151,146,147,133,142,151,150,146,168,134,151,150,161,172,133,142,143,160,145,153,156,153,143,146,144,148,145,159,147,161,145,159,153,128,122,155,157,123,147,148,153,171,151,151,135,157,141,142,150,160,154,153,151,164,163,144,139,137,154,153,157,150,138,148,160,153,147,138,144,140,156,161,144,159,142,163,153,159,157,146,161,156,151,152,153,165,156,154,147,153,146,160,154,148,148,181,150,143,154,158,151,140,163,154,155,151,152,149,173,151,156,170,151,150,150,147,154,149,156,149,134,149,138,159,149,153,156,157,155,143,178,160,147,121,164,142,158,136,145,145,135,136,160,153,153,156,158,145,166,145,137,152,147,170,150,138,166,144,139,153,160,149,148,157,126,151,138,123,153,148,160,137,168,142,135,160,146,147,136,138,162,145,145,154,139,155,132,147,145,163,135,149,153,151,148,158,142,150,143,135,146,138,139,148,155,162,155,156,160,129,138,161,159,143,140,131,154,146,138,153,155,154,160,170,147,169,151,142,166,147,158,132,155,142,142,151,144,136,145,154,140,162,151,151,146,129,148,169,143,160,130,165,150,151,155,140,154,137,154,131,152,151,146,137,155,148,151,137,159,147,142,156,150,144,148,163,155,164,158,143,173,161,168,154,153,158,159,145,150,141,147,152,158,168,135,146,163,149,165,160,179,146,167,137,144,140,160,159,130,162,158,176,145,147,140,163,139,142,157,154,149,160,142,154,133,135,165,142,148,133,146,142,163,149,148,170,164,146,152,157,138,143,153,152,149,144,149,134,138,144,129,151,143,145,149,148,140,141,140,146,151,153,134,155,144,176,141,140,144,159,165,136,135,142,144,145,140,162,150,151,152,162,134,149,150,146,144,159,162,152,145,138,162,147,153,149,138,135,160,151,144,143,146,142,158,129,147,152,132,155,141,140,150,158,149,146,146,135,148,140,147,161,150,139,129,161,134,140,146,150,154,153,157,134,141,146,140,156,159,164,157,148,150,158,153,156,134,169,144,156,144,147,134,172,156,143,134,137,150,140,138,143,148,159,136,150,139,153,150,151,150,166,146,146,151,153,132,148,157,137,142,152,145,128,144,152,159,146,161,121,135,144,138,148,140,144,152,154,144,136,151,153,158,145,164,155,137,146,120,142,163,130,182,157,157,143,140,152,143,138,140,144,162,134,135,161,138,140,145,152,175,140,145,156,140,148,142,161,153,130,146,160,136,162,140,148,133,146,143,156,147,151,154,153,147,167,171,144,168,154,165,149,157,143,149,168,124,140,153,175,131,125,145,156,164,166,145,160,146,144,156,145,141,141,151,145,144,162,132,161,170,159,159,166,154,146,162,141,135,141,144,148,153,148,144,160,141,149,132,141,143,150,153,158,175,151,152,163,137,153,153,145,167,136,151,151,148,142,139,149,158,162,151,152,149,138,152,146,146,151,153,155,138,143,148,160,139,126,150,147,143,162,154,141,129,130,131,149,146,140,145,143,150,164,176,151,163,172,162,155,145,119,154,150,161,156,149,128,159,161,150,142,156,152,151,142,150,159,149,155,159,150,155,145,151,156,150,162,128,152,158,149,153,167,151,152,147,174,160,151,147,151,136,152,150,150,160,156,144,151,158,134,153,156,157,151,141,138,143,161,147,142,150,141,150,142,155,132,151,148,139,127,148,151,155,151,159,156,159,136,163,141,137,137,157,148,144,148,152,147,141,146,140,145,162,142,153,137,137,139,155,156,161,138,159,153,139,146,154,141,148,138,142,141,149,150,132,125,149,159,147,159,134,146,160,147,142,154,143,122,155,146,146,139,151,152,149,144,141,142,171,149,156,132,163,149,138,130,151,138,173,163,136,141,133,153,125,144,150,125,152,163,147,162,154,148,169,146,153,132,131,140,150,154,154,156,137,147,161,160,139,144,147,162,147,142,153,134,149,142,133,154,166,138,142,157,136,143,152,144,158,158,157,144,164,157,151,158,149,143,145,142,143,150,147,150,151,153,150,151,126,142,140,155,157,154,134,153,170,143,144,160,150,151,133,144,140,141,146,154,138,154,145,152,155,130,146,187,151,138,152,162,156,143,150,167,133,151,132,144,140,154,139,141,151,136,145,159,126,152,165,145,166,158,148,173,156,160,160,146,163,141,168,180,149,136,145,149,169,159,135,147,144,130,155,141,146,155,137,139,141,166,141,121,141,146,146,157,119,129,154,132,176,155,149,125,164,141,154,162,154,156,141,147,145,137,158,154,164,152,159,156,140,152,144,138,156,175,147,164,150,158,156,168,158,150,151,143,114,155,164,142,151,139,145,139,144,130,156,149,149,152,143,153,151,137,167,153,148,153,145,163,153,164,159,164,160,152,155,147,158,146,152,157,164,154,139,157,143,144,136,162,150,147,160,150,153,168,146,149,146,149,151,158,136,131,137,139,160,151,142,150,147,152,157,143,132,138,117,167,152,135,156,137,180,151,163,141,153,154,158,157,139,148,145,150,160,139,159,149,160,138,151,149,145,135,140,153,154,136,175,141,161,137,160,154,139,163,167,146,138,146,140,134,148,156,158,140,166,152,132,150,135,142,149,150,153,163,157,161,139,143,133,162,149,146,125,153,133,155,148,143,147,145,148,134,142,147,161,149,155,151,152,151,156,146,145,148,156,165,140,147,130,139,146,153,149,144,142,144,150,123,152,153,152,149,153,164,149,161,166,169,162,145,139,142,131,146,156,142,147,149,138,137,129,160,154,162,156,155,148,140,162,165,158,149,136,138,142,164,146,130,140,156,160,168,140,132,149,146,160,143,156,144,150,151,136,162,132,150,140,142,148,145,159,150,147,146,165,158,148,157,137,143,137,150,156,154,147,147,137,152,165,144,140,143,168,135,141,141,148,127,153,157,145,159,155,173,157,154,159,152,146,151,150,150,131,131,130,159,156,144,129,133,150,149,146,155,154,158,128,142,168,150,148,137,149,145,147,149,151,150,152,148,152,164,159,143,140,142,151,164,147,140,152,139,138,151,149,153,153,132,149,140,147,167,140,155,142,154,144,141,154,167,150,157,149,143,162,154,157,145,156,128,143,149,152,152,151,153,129,148,160,155,135,135,163,157,146,149,137,143,155,143,141,135,131,155,157,140,154,143,152,144,140,156,168,154,149,155,160,132,146,174,126,146,147,164,143,162,124,151,149,133,156,147,151,172,160,157,168,143,150,145,150,153,142,159,143,157,161,158,165,134,147,149,138,161,140,140,140,156,155,154,162,144,146,149,133,154,158,139,138,143,155,150,157,159,136,146,167,134,165,149,146,149,139,141,154,154,169,156,144,121,138,152,150,124,148,157,138,146,139,141,146,167,150,140,164,158,140,158,151,131,146,143,159,146,164,159,140,149,140,159,157,143,148,153,147,150,150,157,139,144,160,132,130,167,159,172,158,153,146,142,145,157,158,137,146,151,140,166,167,145,127,131,156,151,127,152,136,150,147,151,150,169,158,146,155,147,131,132,151,169,172,147,168,145,160,151,159,132,147,166,145,142,153,161,162,140,152,151,150,154,152,156,140,171,169,156,143,149,162,143,122,153,152,149,153,144,154,147,168,165,153,143,186,144,149,164,138,157,163,146,157,147,146,174,144,145,139,159,163,140,160,142,164,154,154,138,147,162,138,164,146,169,139,152,145,155,146,151,126,154,159,167,145,153,153,168,152,134,140,160,148,139,150,133,151,149,160,162,148,144,158,135,142,144,133,160,160,146,161,155,164,145,156,131,131,141,168,151,140,145,151,167,170,137,160,139,142,145,163,144,137,142,161,140,140,159,159,132,141,146,149,161,143,151,140,130,160,166,140,140,150,162,149,157,151,157,152,160,139,161,166,157,131,157,154,141,151,148,148,165,161,153,147,142,174,140,162,151,136,142,136,166,164,137,152,144,165,147,139,163,159,142,157,146,156,141,154,149,141,141,152,138,152,156,151,146,151,142,162,160,144,154,152,143,149,161,155,137,143,167,143,143,159,128,151,153,144,143,160,145,150,137,153,149,151,161,141,145,140,163,143,150,151,154,156,156,140,154,151,159,146,136,149,156,129,137,155,153,157,149,154,162,137,145,145,131,154,132,141,156,157,152,149,141,148,146,146,142,156,136,143,161,184,145,151,155,133,146,149,149,157,148,168,146,164,153,151,156,131,137,151,164,133,140,164,156,154,147,148,137,141,164,152,137,149,153,146,160,151,145,153,148,160,163,152,145,137,152,143,139,143,151,168,151,141,153,153,165,149,140,150,154,153,148,145,146,168,148,162,130,149,141,137,142,148,164,157,137,148,153,149,164,144,130,174,126,153,146,161,148,146,133,159,143,155,147,139,160,148,155,151,151,144,144,143,150,147,171,164,129,142,149,136,139,140,143,166,153,148,145,157,145,154,154,140,153,137,167,140,170,153,159,144,144,147,156,136,157,152,153,135,169,161,153,154,131,174,148,159,157,151,132,168,147,143,148,160,141,151,147,155,163,151,145,146,151,136,154,141,154,163,160,137,146,153,150,145,138,142,167,159,157,156,142,143,155,149,160,143,152,158,159,135,151,154,161,161,146,148,154,159,156,141,149,142,144,140,130,157,160,143,156,142,151,150,155,141,146,136,164,144,158,163,146,169,153,131,146,148,157,128,158,144,147,143,145,140,141,145,158,151,156,139,171,155,167,150,150,136,166,164,142,173,148,154,154,147,126,131,137,136,159,147,127,145,150,158,165,150,153,139,140,146,165,151,162,143,136,132,157,148,142,164,168,149,131,156,153,138,129,142,147,159,138,137,161,136,147,163,160,155,155,134,158,133,154,161,172,145,161,136,159,142,152,155,144,147,159,155,154,131,154,159,150,142,157,146,149,155,162,145,130,142,152,153,141,145,152,132,136,162,145,137,174,175,150,136,149,152,134,149,147,156,156,156,147,154,147,150,145,158,137,170,141,155,140,140,147,159,144,145,139,138,152,149,153,132,141,136,141,167,147,161,153,143,160,164,135,127,158,161,155,122,158,149,150,148,144,148,152,145,137,140,142,158,147,138,156,157,148,169,160,190,155,151,146,157,175,148,144,142,163,141,145,152,155,146,143,154,142,136,140,152,180,132,137,150,160,139,149,142,139,144,160,153,156,171,164,150,149,155,149,151,157,139,142,146,157,152,139,147,153,137,147,163,159,149,142,134,158,138,145,158,152,163,170,147,163,144,142,159,160,151,146,129,139,143,144,145,149,165,147,155,166,156,166,154,161,173,146,151,140,128,144,138,139,151,162,167,147,159,147,174,154,156,150,142,141,135,154,163,138,141,143,153,155,145,133,152,150,152,149,142,166,142,152,146,152,149,147,148,141,138,139,156,148,150,152,152,159,147,159,145,135,162,143,155,145,138,159,153,145,163,134,148,157,128,170,140,161,137,151,165,149,145,166,148,138,136,162,154,131,149,160,141,146,156,144,127,136,152,148,150,160,155,131,153,130,129,158,137,152,143,144,167,153,137,134,146,147,147,157,146,153,155,165,156,155,156,150,171,134,152,145,142,160,148,155,167,135,142,148,127,169,161,143,144,146,155,129,154,140,148,153,145,156,136,147,143,146,153,152,151,138,149,160,153,154,163,146,156,137,147,142,126,151,148,138,150,158,157,151,157,158,150,164,126,134,153,135,147,135,158,137,143,143,148,131,168,129,150,136,149,159,146,143,144,160,160,155,145,173,163,154,153,163,140,150,146,135,148,137,151,155,142,140,140,159,149,146,152,129,153,142,158,150,144,157,152,154,169,158,158,142,162,158,163,150,154,140,148,148,152,128,171,154,141,146,129,166,139,164,142,162,142,149,149,153,146,166,145,155,146,149,166,156,141,152,159,157,159,153,162,148,137,158,152,169,126,153,147,157,158,147,159,140,160,152,141,152,161,149,148,149,177,168,155,147,152,137,141,178,138,155,131,137,164,150,137,161,164,150,148,161,148,147,158,168,156,148,126,151,148,164,150,145,154,139,145,149,148,139,158,159,152,163,158,162,146,161,135,150,160,143,146,144,149,166,143,131,144,163,158,134,143,165,170,143,158,149,170,158,140,147,151,145,158,147,149,161,158,145,150,157,161,151,149,148,151,148,145,158,137,137,174,136,137,142,135,176,148,158,150,162,155,149,160,142,151,146,151,136,161,150,152,138,140,164,144,160,147,141,147,164,155,147,138,179,161,151,166,145,138,153,157,139,156,131,137,166,148,150,144,138,149,158,163,155,163,156,148,150,155,154,162,162,163,172,155,158,147,158,157,135,146,163,148,173,148,172,156,145,140,149,148,151,143,140,154,150,146,138,150,169,140,156,160,154,156,132,157,150,143,137,164,133,151,154,161,142,155,159,153,140,158,143,145,147,150,143,163,152,159,164,148,163,148,145,155,164,143,156,142,159,140,156,149,167,142,147,126,163,150,158,146,149,160,160,156,159,156,160,145,155,132,160,150,162,151,166,152,169,149,161,144,126,170,154,145,154,160,152,158,154,135,139,153,144,164,143,142,157,146,131,160,144,153,146,154,151,172,144,144,163,146,141,169,140,151,154,128,145,147,156,139,142,146,145,164,154,144,140,150,154,168,141,161,160,144,153,153,155,132,136,162,156,149,149,142,162,158,166,154,156,153,145,157,162,142,137,176,139,145,144,160,142,147,154,147,139,142,149,130,155,160,158,162,159,125,154,137,155,154,143,146,156,157,144,149,152,147,154,140,155,167,150,172,160,157,147,135,152,147,150,152,143,139,159,139,148,135,132,150,139,160,157,173,149,148,136,147,158,176,134,144,155,137,164,138,153,144,174,150,125,121,150,160,140,147,137,134,160,149,162,152,148,151,159,132,160,155,147,146,140,141,167,159,144,145,150,146,156,153,152,141,149,150,145,141,162,142,155,151,160,144,149,146,147,151,157,148,150,154,145,148,149,145,139,172,157,152,126,161,158,145,148,156,159,143,164,148,145,144,149,152,149,147,160,147,154,167,167,152,168,160,155,138,155,148,158,152,156,153,159,169,160,145,161,175,145,138,158,142,130,143,131,130,147,151,146,140,147,150,147,149,158,143,127,156,131,136,160,151,165,127,148,149,159,148,163,150,139,151,160,182,157,146,160,151,159,145,158,131,163,155,133,133,168,138,143,161,149,136,171,171,156,132,146,159,139,167,127,147,137,170,167,166,159,150,135,138,146,148,159,147,148,151,157,141,143,141,140,151,159,126,156,155,136,160,137,171,130,152,141,148,145,143,170,159,180,143,133,148,158,162,133,155,154,148,141,148,180,152,140,163,137,150,155,132,149,151,149,152,146,129,145,142,162,131,152,161,153,156,153,148,154,151,164,144,161,141,142,148,157,162,159,150,173,151,160,144,140,138,156,145,159,143,151,130,158,162,161,156,147,152,157,143,163,147,145,163,151,150,148,138,143,146,143,140,162,146,153,151,136,148,142,149,147,163,142,160,155,138,133,165,151,153,135,149,147,156,151,155,151,158,134,143,140,153,158,155,163,144,153,152,148,155,163,175,150,147,131,142,140,151,159,160,155,154,150,139,161,154,147,159,166,152,153,157,148,151,138,150,144,136,154,138,146,145,126,142,150,138,136,165,147,123,146,151,136,145,140,142,150,149,156,164,168,135,135,136,176,134,160,156,149,147,143,144,150,145,151,161,159,147,131,133,152,180,146,144,139,153,142,152,137,161,160,134,171,160,146,148,144,163,153,150,156,155,142,139,131,141,146,146,150,157,133,159,151,138,142,162,143,163,137,158,142,151,174,159,159,142,173,146,153,142,157,167,141,155,159,170,161,163,159,125,153,154,158,142,151,147,152,142,150,144,156,164,145,156,140,167,150,168,148,156,150,164,135,145,148,163,144,139,147,158,160,153,160,147,153,155,144,157,138,161,157,149,153,145,165,139,134,140,158,136,161,133,176,159,162,152,156,154,169,157,148,145,164,140,137,166,146,153,142,155,154,145,185,153,128,156,147,147,155,148,148,159,141,149,153,149,146,149,148,141,143,157,137,144,151,145,155,150,136,165,149,149,158,157,134,153,146,133,157,141,160,150,158,167,155,161,146,145,142,147,155,147,168,148,150,154,144,153,156,159,157,134,162,137,143,140,162,128,136,163,149,153,152,155,156,147,169,152,158,162,149,141,142,144,153,141,156,142,151,149,145,135,150,159,143,149,158,169,137,159,146,146,150,149,147,145,141,141,165,145,141,146,140,138,124,142,139,146,129,153,152,143,144,166,132,164,163,144,147,155,152,145,147,141,158,139,159,141,146,155,146,149,156,133,150,144,167,156,152,164,150,165,163,131,154,152,157,150,164,144,138,158,149,153,149,156,143,157,135,148,151,157,154,149,144,165,156,148,144,143,161,166,163,152,154,145,140,146,145,163,157,159,151,162,150,149,154,151,159,158,143,147,156,164,138,152,132,155,158,151,157,143,168,137,148,123,159,148,156,152,152,150,145,145,155,150,155,151,150,167,156,160,163,132,139,156,142,144,147,148,144,157,163,152,145,149,145,135,168,139,137,129,139,141,140,137,155,146,160,162,161,144,150,141,144,162,163,149,150,136,149,148,156,153,133,157,141,165,182,158,150,142,154,153,174,163,146,161,126,156,145,146,164,132,151,141,152,158,146,157,158,145,145,153,133,162,151,146,138,147,154,127,136,157,159,131,168,145,138,149,145,138,152,164,152,159,145,153,147,170,157,148,150,151,142,152,135,138,157,129,137,138,158,162,161,153,146,146,170,147,171,145,161,141,146,143,135,145,139,145,152,146,164,147,150,160,143,129,163,149,147,153,143,162,139,154,152,156,158,162,149,162,167,149,153,154,163,148,153,150,159,145,148,157,172,159,144,147,157,147,158,145,140,140,139,158,158,127,150,134,145,154,141,134,154,150,132,143,153,136,151,148,145,143,148,128,142,159,147,134,140,175,157,154,145,152,149,155,144,147,143,146,166,161,151,160,155,151,137,144,159,141,146,141,144,156,154,148,147,147,146,146,164,170,176,138,158,144,153,141,156,168,140,147,151,154,157,148,139,148,146,168,143,165,145,152,164,153,144,138,130,160,171,142,137,151,162,141,143,159,131,151,150,124,154,162,138,143,149,153,156,146,144,157,162,150,143,161,149,151,145,149,140,150,138,151,146,138,143,146,156,172,164,156,151,150,151,149,143,146,146,150,148,166,146,159,149,143,153,156,154,144,144,135,145,148,144,141,146,164,163,152,145,158,144,147,142,144,139,158,162,134,144,138,165,154,153,159,147,160,139,142,155,141,157,148,137,162,141,154,153,158,150,149,168,127,135,155,159,143,140,144,137,140,130,156,149,145,164,168,141,153,144,146,136,139,149,144,143,162,152,151,171,165,139,145,146,142,156,137,146,143,128,156,144,129,151,166,138,151,159,148,155,153,154,154,159,148,153,152,145,159,155,168,149,160,156,165,142,168,146,128,152,160,159,160,171,155,154,151,142,144,154,141,136,152,146,154,156,147,150,170,153,146,153,145,140,135,143,155,148,138,161,155,157,145,153,158,155,148,153,134,161,148,140,147,133,145,174,142,162,153,157,148,153,155,154,148,148,151,136,145,152,142,134,136,147,153,141,170,138,160,166,140,174,146,143,134,157,159,141,157,153,160,147,145,150,136,153,137,156,161,154,144,153,155,146,164,149,154,153,133,137,163,151,137,152,143,161,153,138,156,137,164,164,151,146,126,150,140,152,144,133,151,165,137,146,155,151,148,155,153,134,144,157,163,147,144,154,142,150,147,149,135,136,164,158,146,155,162,147,155,138,150,152,151,140,134,136,153,143,153,141,154,141,149,169,142,141,143,144,143,136,152,129,154,137,148,147,158,135,152,165,135,138,158,150,155,130,145,159,150,142,150,138,144,152,141,144,136,151,150,146,150,133,157,155,144,163,146,143,173,145,147,161,149,142,148,145,160,148,149,157,155,147,161,128,162,144,125,159,156,145,160,143,150,161,156,148,147,148,153,140,142,153,136,155,169,144,154,130,145,145,146,161,155,130,157,140,168,138,162,152,162,160,139,143,144,156,163,149,161,137,161,145,158,152,143,154,158,155,150,155,166,145,143,153,172,148,133,143,144,149,143,151,151,129,143,157,159,145,141,156,147,145,171,171,145,146,136,157,172,144,137,156,135,165,160,153,135,142,152,155,144,151,173,164,133,151,137,154,140,137,146,176,141,150,152,152,160,148,146,151,141,141,154,155,163,140,155,152,138,162,147,151,149,137,149,134,154,149,153,158,165,149,139,140,145,159,161,134,162,157,155,152,147,159,148,144,156,131,148,151,154,155,140,119,161,150,150,163,147,144,155,147,155,140,161,134,154,168,154,149,165,149,140,143,151,154,142,157,158,157,156,137,152,142,158,158,160,145,162,143,164,153,160,183,136,139,150,141,142,148,141,155,136,136,138,149,149,168,140,143,157,124,150,147,156,147,155,142,144,143,170,172,154,160,146,150,159,133,147,143,138,134,137,149,137,162,158,133,157,145,153,158,145,135,157,152,154,138,138,165,140,139,134,155,162,147,150,160,154,143,162,150,157,144,143,150,158,159,162,152,171,151,170,161,153,135,167,149,135,158,158,150,149,147,134,175,154,163,140,152,159,143,149,169,145,137,140,156,158,147,136,153,155,129,161,141,158,166,152,129,136,161,151,163,155,158,159,154,166,160,147,163,129,155,152,132,147,166,148,156,168,144,137,154,145,132,158,166,139,160,153,149,139,151,145,135,169,159,152,138,157,143,145,141,150,136,129,162,142,152,133,157,138,156,145,140,148,152,147,144,157,155,157,163,137,140,141,149,142,138,168,152,141,165,165,147,132,145,152,155,138,165,141,152,134,157,164,142,138,145,160,151,167,152,162,161,151,142,148,149,144,151,134,144,155,167,155,140,161,150,150,139,145,139,137,133,149,144,145,168,146,153,154,166,150,155,138,144,139,147,158,139,134,138,145,125,150,143,135,153,161,149,154,153,155,164,149,152,153,130,143,151,161,138,154,161,150,146,155,163,137,153,135,146,182,143,147,146,131,149,162,144,154,155,131,152,150,143,146,151,137,147,153,147,136,166,142,160,137,148,146,140,153,161,169,145,143,152,141,148,139,161,159,148,129,152,157,170,160,150,146,149,132,138,140,159,146,153,139,148,165,142,141,153,146,146,129,152,164,160,138,136,149,142,143,150,152,148,163,165,130,172,158,149,134,148,149,143,134,132,148,141,146,138,151,140,148,140,158,164,140,149,145,140,140,148,143,161,161,154,141,149,145,152,117,144,164,161,157,147,162,144,144,136,154,165,149,132,148,145,142,160,140,150,142,157,167,164,157,143,152,147,146,145,151,156,172,149,139,148,145,148,155,155,148,134,149,142,132,139,152,142,137,130,145,131,147,157,132,132,147,147,148,130,143,141,177,153,146,150,156,168,171,145,162,145,143,147,149,148,131,161,143,154,151,154,145,165,147,164,160,149,149,141,149,155,158,160,150,148,148,150,147,150,147,141,149,147,145,147,167,123,137,145,149,154,158,165,144,159,162,152,152,147,152,150,146,163,135,142,155,158,148,151,152,142,156,150,137,143,151,154,146,161,145,146,153,141,131,147,146,143,148,156,152,154,158,160,139,143,158,148,148,140,149,156,153,138,148,155,150,134,144,151,131,151,149,156,143,134,158,151,151,151,152,154,141,153,172,160,158,165,139,155,145,151,164,180,145,162,142,148,160,148,166,131,151,126,154,140,161,147,133,140,167,158,146,137,134,132,169,145,146,135,159,151,160,152,142,140,150,134,133,168,142,152,147,158,155,149,129,149,138,155,165,143,151,144,146,142,168,158,155,167,156,130,154,172,145,148,140,150,147,166,151,165,148,157,142,140,156,166,162,140,132,148,138,152,146,162,144,158,139,147,148,161,168,153,152,146,147,150,156,149,161,147,136,154,136,154,145,152,153,160,142,118,152,139,142,164,140,165,159,145,148,151,152,159,158,151,160,147,132,160,164,138,149,154,163,163,150,157,141,142,152,142,153,149,150,146,149,153,165,158,150,152,155,158,149,154,138,158,160,164,152,142,144,130,157,141,163,141,140,136,144,165,146,148,139,159,158,150,159,162,146,151,155,166,140,141,161,162,145,148,147,149,148,148,141,139,133,156,157,155,157,147,156,158,159,158,141,150,162,148,146,144,164,144,163,126,136,166,138,146,128,154,140,152,152,140,167,149,140,151,130,148,174,123,136,151,147,151,144,157,172,150,152,169,154,152,136,146,160,166,145,163,150,154,138,147,172,155,135,149,144,154,164,149,152,156,149,153,150,157,148,153,157,168,132,145,160,132,147,158,156,141,139,153,120,131,146,159,148,141,143,144,150,137,143,162,149,139,166,151,153,156,160,153,155,147,125,140,154,164,139,146,139,165,143,158,151,148,140,154,141,140,125,129,135,153,152,157,154,148,166,173,156,151,142,167,149,143,145,156,152,162,160,157,141,142,148,153,161,129,162,167,137,176,144,170,170,151,166,149,156,145,148,155,136,140,164,136,157,145,135,155,141,158,159,157,140,136,156,155,145,156,161,135,157,144,146,132,164,152,144,160,166,142,132,149,151,153,145,143,149,152,129,129,148,141,140,169,164,153,144,144,166,156,134,158,154,157,146,152,154,159,145,163,148,145,130,141,159,149,133,153,137,167,144,139,132,149,148,155,140,150,141,168,149,143,147,153,138,133,141,174,133,149,136,144,153,147,149,161,131,142,148,138,143,164,143,150,146,167,144,153,133,158,168,152,149,168,151,146,147,145,145,153,161,171,137,150,147,146,159,162,143,167,156,150,145,156,177,144,149,155,147,150,158,165,159,164,132,155,165,147,145,159,150,163,155,152,151,144,149,132,154,138,165,153,158,160,146,146,139,139,140,163,158,131,153,166,141,142,136,133,144,146,159,150,141,152,147,139,158,159,154,139,139,153,137,160,164,123,161,142,163,163,165,125,157,168,136,145,133,152,139,140,154,154,159,167,159,149,150,131,158,141,151,157,151,155,146,151,144,171,156,160,149,162,148,155,137,145,141,168,145,160,149,144,143,152,147,145,150,162,144,134,156,153,161,133,163,149,150,168,156,162,168,143,149,139,167,155,139,154,136,142,150,148,143,163,149,162,156,142,151,149,146,139,152,147,155,173,154,162,162,152,134,155,158,146,155,139,147,137,144,151,138,148,165,164,158,156,144,146,148,160,151,137,147,129,155,140,156,148,164,140,148,157,145,157,151,147,142,162,135,154,173,147,154,142,149,164,148,158,139,145,138,167,129,140,140,165,153,144,163,156,139,152,151,147,156,146,148,166,144,159,138,146,161,147,151,158,149,169,157,162,151,157,147,137,135,165,150,147,157,149,131,155,142,150,133,166,146,145,154,152,163,157,148,145,137,148,157,151,159,164,161,150,153,146,137,152,152,163,166,159,162,164,146,138,140,140,143,145,143,125,161,150,139,136,139,151,163,146,152,151,159,154,144,144,156,142,131,147,132,155,140,146,138,158,147,143,149,147,145,144,161,147,139,173,140,142,151,150,158,150,156,137,152,166,155,150,147,162,143,159,153,144,157,131,152,154,158,151,152,141,133,141,138,141,154,175,175,145,147,146,147,149,152,141,143,141,156,161,146,142,152,160,145,152,121,146,142,160,147,144,154,147,143,146,157,156,136,134,160,136,133,147,157,140,149,138,131,139,144,151,144,150,151,161,162,142,131,157,141,140,158,126,163,137,157,156,141,163,149,144,154,139,157,147,153,147,161,148,147,156,152,153,153,150,149,165,149,156,162,137,134,139,153,149,134,142,159,147,141,143,147,145,172,149,137,149,139,127,160,161,155,147,134,156,168,142,162,141,132,151,160,149,157,148,146,144,126,159,163,171,133,155,152,149,138,159,150,147,157,171,160,151,137,156,151,159,138,143,127,159,158,148,149,145,172,163,154,170,164,148,158,165,165,159,137,161,158,169,160,159,146,150,148,153,142,170,152,133,157,149,154,154,151,159,146,150,156,155,161,148,145,140,169,147,127,155,148,137,157,160,137,152,125,161,151,158,162,168,144,167,162,131,172,158,147,134,147,135,158,150,144,151,153,150,167,141,173,146,155,156,147,147,150,158,135,154,142,154,159,151,146,144,174,158,152,149,141,140,142,162,156,155,139,170,165,145,141,148,163,131,166,156,153,156,157,172,155,148,145,157,151,145,141,151,147,159,156,160,161,158,144,150,150,160,153,145,143,146,140,152,162,154,149,157,152,156,153,132,170,147,152,138,139,157,148,142,151,160,157,146,142,164,139,137,176,162,146,134,164,141,163,142,158,157,156,171,141,153,157,141,145,163,158,160,153,155,162,133,144,136,146,146,150,155,143,150,162,138,150,150,165,147,163,156,150,148,146,168,121,153,157,165,137,156,146,141,155,143,141,145,148,135,134,142,158,162,148,161,141,151,161,140,136,154,155,159,153,146,133,153,143,158,146,140,160,139,152,156,152,152,156,157,139,161,148,153,180,141,133,142,146,165,162,151,151,133,157,148,148,127,169,144,131,142,149,141,143,139,152,160,132,124,158,134,149,132,161,152,137,138,178,165,149,147,148,134,154,144,155,152,159,144,145,147,165,153,168,137,148,152,163,159,148,152,142,160,136,131,148,135,158,140,145,144,138,146,144,142,147,143,135,145,146,155,147,163,144,153,146,145,139,148,149,158,166,152,151,159,138,145,168,141,162,153,162,145,141,138,146,177,155,140,143,170,156,161,154,143,157,137,147,152,144,148,151,135,143,157,151,136,163,171,133,147,168,151,169,149,148,140,133,147,157,154,144,152,157,160,155,148,157,136,142,143,140,139,150,151,148,137,148,147,156,157,139,128,140,156,158,130,158,155,141,160,136,142,150,159,147,146,140,157,145,155,155,146,143,138,143,157,144,166,161,133,175,163,160,156,157,155,144,146,144,154,155,133,159,151,163,154,177,173,162,159,163,149,158,150,157,158,160,149,143,157,162,153,145,154,135,152,169,141,162,152,143,150,163,129,137,151,160,168,142,140,162,156,141,148,139,161,144,147,155,136,130,181,141,139,164,152,151,166,138,155,145,155,149,140,148,159,171,147,151,160,151,145,139,163,138,178,146,154,133,175,157,150,163,156,149,142,151,147,138,153,169,139,157,160,138,147,143,151,143,170,157,156,159,156,154,150,143,151,143,143,138,161,138,157,145,139,155,148,147,152,137,159,152,143,150,157,175,140,138,158,151,149,157,153,144,148,159,151,154,138,145,139,149,145,118,148,145,149,156,153,151,151,146,175,144,144,162,166,152,156,145,134,160,150,146,153,141,158,164,155,166,152,154,161,164,149,172,140,152,140,149,151,145,154,153,156,162,153,150,159,156,155,161,125,154,138,161,154,160,157,147,165,145,157,138,142,155,153,166,124,156,156,149,155,135,157,130,147,141,150,147,142,154,136,147,143,138,157,165,149,166,158,160,157,160,168,146,162,165,154,155,167,165,160,136,148,138,150,146,165,165,146,128,143,153,153,151,137,145,148,166,138,155,128,154,131,174,163,132,147,159,141,157,139,150,140,154,148,157,144,158,136,157,159,137,176,152,144,145,141,156,155,162,135,158,152,152,134,145,138,152,142,156,163,150,142,177,143,139,145,144,161,168,139,145,154,143,153,144,133,163,161,156,135,147,162,143,154,146,145,157,149,156,150,160,148,148,120,160,166,144,145,141,149,133,148,155,133,156,146,144,162,154,150,149,140,153,153,176,144,136,152,136,138,148,147,151,149,148,159,166,135,150,147,148,158,141,135,157,149,145,138,150,157,140,150,142,169,156,150,166,146,155,149,153,147,150,144,166,140,139,142,141,140,137,151,147,157,143,136,138,146,148,150,137,141,141,165,158,139,141,137,150,173,161,153,154,149,167,149,141,158,127,145,142,147,153,171,145,143,133,142,161,153,143,165,167,164,138,157,173,180,146,139,133,155,128,162,148,141,155,148,142,134,157,140,163,158,156,145,146,163,159,141,157,143,141,142,161,158,162,147,151,146,162,134,149,142,136,150,159,146,144,146,144,168,148,141,153,165,150,157,145,155,169,153,161,164,146,154,144,141,153,151,144,135,144,148,141,144,156,147,162,140,144,151,134,151,138,150,145,147,158,145,173,154,157,146,155,162,167,151,135,150,141,156,147,151,147,159,157,135,122,158,162,145,149,160,158,136,158,146,142,144,154,145,156,115,164,163,149,153,149,153,156,151,136,164,139,171,167,159,146,165,143,151,152,152,135,139,160,155,119,138,147,133,143,148,163,138,153,156,154,150,163,137,162,149,150,160,151,138,154,137,164,137,144,150,146,148,161,179,144,139,163,168,140,139,164,142,141,154,151,150,151,164,154,153,156,152,175,126,156,145,146,165,136,145,155,151,149,135,155,154,142,155,141,147,163,149,141,153,138,168,166,144,158,147,161,144,154,163,137,135,151,144,145,148,148,141,151,157,144,173,137,133,155,154,153,157,146,138,150,152,148,160,141,147,149,148,152,154,143,154,140,145,152,143,141,134,146,161,135,151,150,174,149,150,133,151,155,153,161,156,163,168,157,149,141,142,128,138,125,134,145,169,139,140,148,158,158,149,143,145,148,133,137,156,147,154,108,151,152,154,139,158,171,162,151,151,155,144,134,153,150,141,135,154,150,140,144,143,168,132,157,156,147,167,148,150,160,144,144,150,142,145,161,152,133,136,140,154,155,152,157,146,140,146,133,149,148,144,147,152,139,149,167,137,121,153,154,152,146,173,161,138,157,148,141,151,141,140,144,155,160,146,182,157,136,142,162,137,145,152,180,143,148,137,157,166,159,145,138,143,151,166,167,148,157,148,153,165,148,155,143,131,150,137,136,169,142,140,156,155,161,153,159,156,160,143,142,161,140,132,160,141,150,143,144,149,144,143,151,148,144,134,152,131,145,144,148,167,139,159,145,138,169,145,137,152,157,151,143,149,157,150,150,142,173,156,140,164,161,138,135,146,153,149,159,145,148,166,149,164,151,156,166,150,166,152,154,172,167,166,141,156,152,144,155,150,164,156,151,142,139,135,132,155,140,153,169,156,143,149,138,151,139,156,146,145,152,146,150,157,162,142,143,156,143,156,142,143,143,135,154,141,156,153,143,149,157,164,161,140,154,133,157,157,154,133,171,156,168,147,143,154,153,140,144,152,134,160,155,170,144,181,159,147,159,136,164,141,172,140,143,150,148,142,163,148,149,164,149,147,146,138,146,149,140,163,154,152,158,139,133,153,164,150,141,149,162,151,156,147,163,146,168,152,140,142,140,145,152,142,157,155,138,151,167,143,132,161,143,144,139,165,156,154,152,152,162,157,147,154,152,155,150,136,162,147,154,154,125,144,166,130,151,156,135,144,141,168,150,157,155,144,138,143,178,147,163,149,162,142,152,166,153,129,147,147,138,168,160,157,149,141,156,139,147,167,146,139,173,146,140,134,146,142,155,145,161,140,150,156,163,160,146,152,138,168,152,132,150,153,153,136,162,146,141,158,145,146,145,150,155,146,144,145,164,143,147,142,130,139,157,149,134,138,152,150,154,138,150,134,147,165,165,155,143,163,145,145,156,165,161,135,164,167,156,154,148,138,152,157,139,157,136,152,163,156,157,162,158,161,151,164,159,155,137,149,148,154,159,146,154,138,154,156,162,131,163,157,144,148,146,130,151,146,144,150,150,130,146,138,142,151,140,137,164,156
150,139,159,152,147,165,142,140,160,156,127,158,131,145,150,152,142,153,144,158,157,163,150,138,146,161,144,134,156,141,138,154,135,152,167,135,129,155,160,144,145,162,146,146,144,126,154,156,152,159,148,152,137,153,146,149,136,148,150,146,145,140,154,143,140,171,149,135,154,168,152,141,143,143,134,153,152,162,148,142,167,153,154,148,146,146,144,164,140,144,151,148,160,165,154,146,145,164,139,149,126,157,148,152,164,154,138,140,137,155,141,150,157,148,150,161,154,151,156,153,141,135,161,151,120,141,154,150,139,160,131,149,150,153,141,152,147,148,151,132,152,164,146,161,151,156,146,156,166,135,149,160,144,160,143,157,141,164,157,149,151,148,142,155,148,136,147,154,145,154,153,162,151,146,143,143,155,155,154,145,149,139,150,132,140,157,141,150,157,151,163,150,146,153,143,159,155,155,139,172,154,147,137,139,143,141,155,150,154,140,155,149,168,140,132,146,149,126,164,156,158,156,155,155,158,143,137,157,143,150,140,151,141,148,158,153,169,153,154,160,147,145,140,149,159,139,153,152,164,150,157,148,136,150,135,154,153,141,163,154,136,152,145,129,138,155,163,149,161,150,136,159,166,140,168,146,157,148,149,142,149,141,147,161,146,157,147,163,145,150,131,156,158,156,164,143,150,148,147,145,153,141,157,145,146,148,152,142,138,141,155,152,138,146,163,132,163,152,164,152,149,130,130,170,146,165,172,125,172,157,156,160,157,150,146,157,124,140,151,160,157,139,130,183,151,136,145,146,128,149,134,165,176,157,146,151,148,137,161,142,146,148,160,153,140,147,145,145,143,154,160,173,133,146,160,155,169,146,152,136,160,146,151,162,147,153,148,151,147,158,164,148,137,153,151,133,157,167,141,165,168,156,156,159,141,178,137,148,154,155,146,151,140,141,158,152,155,137,137,144,165,158,155,146,156,151,165,140,135,152,149,144,150,141,146,162,154,156,145,161,126,136,145,146,143,134,149,152,139,156,141,157,142,160,147,149,159,147,156,150,139,153,143,153,147,146,157,154,148,170,129,147,153,133,148,155,162,142,138,146,156,164,146,141,148,145,154,161,150,159,155,152,138,142,168,159,142,146,156,146,174,150,152,159,138,160,151,147,149,135,160,154,138,155,136,155,135,142,152,142,156,144,144,145,126,151,130,146,135,135,165,159,156,157,151,151,158,154,160,146,170,147,148,140,154,145,128,140,141,146,167,152,150,151,145,135,151,153,161,148,149,141,142,173,137,157,156,144,149,150,148,139,161,146,160,167,170,150,122,159,114,149,149,159,143,149,143,137,138,143,140,132,154,151,152,145,150,141,136,155,141,154,144,138,144,139,152,164,141,162,146,160,156,151,137,141,155,149,164,159,135,131,143,131,150,160,119,140,150,144,133,143,142,155,151,151,151,166,160,140,147,153,147,133,152,149,156,153,150,152,136,143,122,153,134,154,168,143,149,151,144,174,154,159,148,176,147,144,148,158,136,143,166,146,130,170,136,134,154,146,152,160,162,157,146,143,163,150,134,153,152,141,153,141,153,164,148,143,149,157,150,136,152,143,166,129,154,148,160,151,148,135,162,172,139,162,157,141,141,153,153,150,147,138,157,151,145,157,173,165,158,142,151,144,139,167,158,140,121,164,151,138,138,155,166,156,162,160,150,156,139,169,147,153,161,147,138,160,149,161,146,164,161,148,149,135,144,147,152,158,149,165,146,164,153,165,161,158,157,138,155,136,155,155,135,150,149,149,174,144,138,168,139,155,149,147,140,132,154,159,135,140,158,172,140,156,151,146,156,146,149,141,145,161,149,143,145,150,152,140,140,140,146,133,136,150,150,144,161,141,143,132,151,162,130,140,155,145,137,151,161,155,157,155,153,144,169,157,163,145,145,131,146,148,147,158,164,155,167,149,143,166,165,169,143,163,157,167,140,144,141,148,151,143,150,146,123,166,158,144,147,137,140,137,166,137,153,166,136,151,162,123,139,140,162,153,171,151,159,136,136,166,147,151,134,147,135,153,130,129,155,144,146,150,138,159,145,151,148,150,155,144,158,165,140,172,168,151,132,159,155,139,148,140,138,154,153,156,150,142,147,137,141,154,141,160,143,143,141,139,159,126,160,150,156,143,126,151,155,142,147,131,140,142,159,157,144,143,146,129,150,137,140,143,165,160,142,177,142,145,150,170,145,134,143,170,152,156,152,137,166,142,154,147,146,145,128,142,137,157,148,153,128,145,139,170,156,146,129,145,116,143,160,150,145,151,157,143,150,146,150,144,131,127,143,143,149,158,160,171,147,155,155,144,147,146,147,142,166,155,153,150,146,153,159,146,151,149,139,152,150,153,143,163,149,151,152,135,160,141,130,153,150,136,148,142,137,140,152,167,145,145,158,155,148,136,147,151,142,158,141,152,162,147,151,155,160,145,154,142,136,160,154,162,142,173,138,154,149,133,157,148,147,153,135,138,163,158,149,151,141,140,141,135,160,140,151,133,138,154,147,150,144,144,168,155,167,156,148,158,135,144,163,152,155,165,152,150,151,162,155,153,140,151,161,162,146,149,144,151,150,143,144,149,145,164,163,145,143,132,146,151,163,156,156,166,139,141,141,133,154,156,155,135,154,152,141,162,145,155,158,148,151,155,141,152,144,155,153,167,153,162,163,152,157,156,143,138,165,134,148,146,153,161,134,149,131,162,138,142,157,151,142,130,164,142,134,141,153,149,152,136,164,147,153,158,145,152,155,176,157,137,139,163,133,139,145,148,143,160,159,151,153,153,149,156,154,160,148,132,146,147,137,153,157,151,139,164,176,144,151,137,148,134,149,173,149,164,155,149,155,160,149,156,137,141,153,154,161,148,152,157,162,144,141,144,150,149,161,160,139,150,159,134,152,175,169,151,149,144,152,133,166,140,148,163,118,151,170,150,145,137,163,154,162,137,172,133,154,153,161,135,144,156,150,152,158,147,145,145,152,145,162,147,142,133,147,145,141,135,139,151,139,147,154,168,148,160,159,144,136,128,151,148,149,150,144,155,156,128,149,137,151,148,140,161,139,154,164,159,178,158,155,171,140,155,123,132,147,155,150,129,153,143,150,151,143,164,142,150,150,143,169,147,135,156,151,152,137,144,147,151,135,139,134,158,150,145,148,143,154,147,153,156,146,124,149,162,142,139,171,156,145,165,153,137,138,132,162,157,147,169,169,144,144,158,154,152,156,145,143,137,136,155,158,135,129,157,162,143,158,149,151,156,170,172,135,158,154,141,145,143,153,160,151,153,168,167,168,159,166,161,151,159,166,162,134,135,139,150,144,141,157,139,145,153,149,139,157,130,137,158,143,153,164,144,145,141,151,154,137,161,159,153,175,150,178,155,147,142,153,152,147,144,139,144,139,141,152,159,146,128,162,160,145,162,140,148,152,151,158,146,143,141,151,148,152,143,142,150,160,143,145,126,152,142,167,146,160,138,145,166,145,139,136,156,138,148,165,161,144,162,160,151,144,131,146,150,156,159,150,131,156,154,165,151,137,146,152,148,146,140,159,140,160,155,155,138,155,141,137,153,137,140,148,149,136,130,153,148,129,154,148,151,142,162,167,147,153,165,148,140,155,152,126,137,149,151,147,148,147,151,146,147,157,154,144,153,135,139,155,164,122,141,165,138,123,148,141,146,144,142,156,161,149,129,135,135,136,145,154,144,157,150,148,155,157,128,150,144,146,155,146,144,143,154,143,160,140,141,141,178,141,154,167,159,143,152,138,145,141,171,167,159,154,152,149,147,142,141,130,136,162,159,145,162,146,160,155,143,154,142,145,148,173,131,155,133,154,151,141,152,150,138,142,167,146,154,160,149,142,157,152,140,130,138,144,151,139,151,154,133,152,138,137,161,162,154,133,166,136,167,173,153,138,151,162,138,148,140,153,149,151,156,157,147,155,159,159,149,149,165,149,136,139,141,164,165,158,113,157,157,146,166,153,146,151,155,158,159,148,137,149,146,129,164,140,151,160,141,151,150,148,162,151,148,148,148,152,149,167,141,149,148,140,137,169,160,140,169,145,159,143,167,142,155,156,145,123,117,137,147,147,151,150,151,157,160,140,157,152,154,145,154,148,151,132,144,138,146,142,128,170,145,149,139,167,162,143,164,158,140,160,150,158,137,151,164,140,163,140,155,134,132,153,156,156,157,151,148,155,154,128,141,159,150,149,147,157,162,148,142,115,152,141,141,149,161,150,138,147,158,160,162,155,165,149,148,141,140,158,159,134,140,138,147,142,145,142,143,129,164,162,159,147,143,160,137,140,118,146,142,130,163,161,151,150,144,137,154,154,140,148,146,150,144,144,171,149,146,140,127,140,156,149,137,148,138,125,155,153,153,135,148,141,149,157,124,140,148,147,150,146,169,150,155,161,148,151,143,136,156,162,145,155,158,142,153,153,149,137,129,124,144,151,154,169,145,142,143,154,153,131,125,173,131,150,159,150,164,154,140,151,147,157,160,147,166,134,146,160,143,155,145,128,159,151,156,139,159,142,145,142,163,170,143,136,141,149,152,163,145,143,166,166,162,145,153,129,136,145,156,144,142,154,143,147,158,159,138,130,149,140,144,149,150,147,145,160,141,134,150,145,155,153,133,147,155,147,149,142,157,154,163,148,156,144,138,143,150,153,139,158,144,164,137,156,148,147,151,142,139,150,171,151,152,154,158,162,153,156,142,147,155,150,152,144,160,137,147,156,130,150,156,141,141,153,142,164,151,148,153,139,143,156,149,147,148,150,159,157,141,130,156,130,142,160,158,166,162,148,143,147,150,140,144,160,149,157,150,157,151,154,130,137,141,150,128,142,160,179,144,156,162,140,165,165,159,138,158,154,129,147,141,149,150,146,149,150,136,165,163,159,173,173,135,147,155,126,160,167,148,146,152,142,150,160,158,164,155,164,158,144,161,113,153,144,156,153,173,163,151,150,162,155,141,156,159,155,145,162,163,142,138,154,143,141,121,143,142,147,153,153,164,141,138,148,146,152,147,133,154,158,177,141,166,154,155,138,133,144,137,153,164,148,143,133,153,128,146,147,138,140,139,160,171,155,147,155,142,151,146,145,157,160,133,157,145,155,142,136,151,144,143,135,141,156,158,148,158,154,150,168,155,136,151,145,161,150,151,156,154,142,158,138,146,141,148,148,148,148,151,139,156,146,145,150,159,175,150,160,141,154,150,163,170,169,157,152,152,153,141,162,157,174,159,144,153,169,149,179,154,168,150,153,146,148,152,171,158,152,155,154,127,154,150,139,146,134,144,147,137,144,141,146,142,158,156,158,148,150,155,142,145,151,143,165,155,144,135,144,145,143,171,130,156,158,138,150,146,145,160,157,148,156,153,158,153,140,151,152,151,148,158,153,135,135,134,144,141,155,152,158,151,144,148,156,140,130,161,145,164,151,128,147,140,155,158,149,151,146,167,148,149,153,147,141,144,162,142,154,165,167,165,143,144,144,153,164,157,162,159,151,152,154,136,147,138,143,143,155,156,141,156,146,176,151,154,149,169,146,155,156,149,150,164,137,158,136,166,137,138,149,161,156,139,142,151,168,150,151,145,144,138,176,168,147,164,163,148,150,147,154,131,133,167,144,151,136,151,159,159,157,147,140,155,140,135,155,158,143,154,159,131,153,158,140,133,142,133,149,170,139,179,154,147,145,154,152,139,144,157,154,127,148,132,124,155,132,146,139,166,153,119,133,155,131,138,153,156,151,138,148,158,139,129,164,145,154,168,148,162,150,147,170,163,148,154,155,125,167,166,152,150,141,147,140,164,164,156,129,137,154,145,162,149,125,134,165,149,136,146,142,161,137,152,142,148,153,139,150,161,159,139,144,161,142,143,139,144,146,152,142,140,160,156,151,140,147,130,147,144,152,141,168,148,145,160,143,151,158,146,144,155,149,151,155,152,146,152,139,154,158,145,150,174,167,147,142,146,150,160,154,159,158,153,157,145,159,142,156,173,143,159,144,164,149,163,151,160,138,148,161,143,135,140,147,141,181,170,168,162,143,146,143,162,150,151,144,141,158,143,140,131,157,148,151,157,148,142,151,158,157,146,150,159,147,159,145,144,170,158,150,151,135,147,134,149,149,136,143,151,145,147,166,156,161,146,160,159,138,122,149,157,158,154,150,155,163,155,153,145,149,133,162,140,165,158,151,154,150,147,161,151,149,157,162,159,155,156,145,150,152,150,167,147,159,158,128,160,151,145,146,151,143,137,144,141,143,148,157,151,145,145,144,137,129,149,147,160,139,154,147,155,146,138,166,146,160,149,163,125,156,159,151,146,130,153,133,143,151,157,143,150,158,162,145,147,157,154,149,153,144,155,154,166,144,160,148,153,149,152,139,140,156,166,140,139,158,161,159,135,153,142,148,148,157,132,161,134,158,145,135,154,146,135,147,152,148,149,153,131,148,148,163,151,149,128,113,157,160,152,165,146,137,126,148,142,141,157,152,140,154,163,153,149,146,143,155,141,152,130,153,157,148,153,151,140,131,164,155,141,162,137,156,163,157,164,165,138,156,140,136,136,135,126,148,154,175,132,149,160,164,164,140,151,160,165,135,157,157,151,161,142,154,133,160,138,156,138,173,141,147,144,135,149,174,144,152,129,145,146,146,168,153,163,160,154,151,151,143,154,149,154,160,148,147,150,147,148,160,155,160,163,155,161,153,152,153,135,165,147,141,164,146,161,162,159,159,128,133,144,152,166,148,167,160,164,132,166,133,155,150,152,154,137,152,141,151,153,137,147,135,145,167,169,157,154,153,167,161,150,137,142,148,144,142,155,142,149,154,162,150,151,152,142,156,138,159,142,146,164,156,142,155,152,165,149,144,132,150,150,132,146,160,154,145,149,145,147,149,149,140,152,149,148,150,151,134,150,155,143,145,140,148,146,156,147,153,158,137,152,163,149,141,131,148,127,152,174,140,162,142,154,157,157,141,165,163,133,138,139,157,146,139,144,160,146,148,143,141,158,150,160,140,158,137,150,144,136,142,139,160,123,139,174,170,140,152,144,134,167,151,153,148,149,157,150,159,141,139,156,166,151,134,149,149,162,148,161,139,149,141,146,164,162,146,157,164,147,150,143,161,140,146,162,146,156,150,146,160,153,136,145,165,133,140,141,143,152,150,163,140,168,144,149,129,155,150,159,155,158,160,140,146,153,153,143,159,133,137,160,150,149,147,154,143,135,161,135,155,165,126,152,138,160,146,151,157,156,135,134,134,148,146,154,149,135,147,158,160,152,147,174,158,124,141,151,172,153,131,148,154,140,145,152,141,138,155,167,145,152,163,160,147,141,145,166,150,151,142,149,141,153,137,158,141,141,147,159,152,164,131,155,153,147,145,150,133,145,160,155,145,164,165,152,146,156,155,144,165,136,143,161,146,142,151,144,152,132,169,148,160,131,154,151,134,171,163,172,155,166,157,145,148,153,172,147,144,142,134,159,160,158,140,149,146,168,180,142,146,139,155,152,143,141,150,140,148,170,160,160,147,150,148,146,162,152,139,146,158,143,167,139,139,149,161,151,162,148,142,140,152,172,144,145,150,158,142,160,152,137,162,150,136,136,158,152,140,151,144,166,147,158,157,166,145,156,145,142,138,168,152,144,141,146,138,146,169,155,138,156,152,146,154,150,160,141,145,132,145,152,166,134,141,150,154,153,140,172,148,138,145,147,138,136,141,147,174,143,151,146,164,145,150,168,129,153,153,141,148,142,142,140,152,155,151,129,122,141,138,144,152,159,148,169,149,162,149,160,149,140,154,137,153,147,138,145,143,131,144,164,145,155,151,161,150,147,152,135,146,149,146,154,147,156,140,157,127,135,163,139,153,153,142,145,170,146,150,133,152,144,141,145,163,152,149,163,151,142,155,148,152,158,160,129,155,135,150,143,139,157,141,130,139,137,151,153,173,176,155,163,141,140,139,152,153,146,145,154,130,158,146,146,156,153,142,157,144,174,124,139,131,152,145,146,149,144,155,131,139,165,155,141,131,141,159,151,167,163,146,147,141,147,140,160,145,139,148,138,148,149,158,143,159,143,142,149,159,151,144,155,157,139,156,155,144,140,149,149,163,144,152,162,157,154,143,137,136,171,142,152,154,153,165,158,135,132,159,137,140,144,176,151,154,143,140,157,154,116,134,132,140,168,155,140,150,136,138,151,147,151,154,150,143,142,142,165,131,138,138,144,174,148,153,150,150,150,129,146,155,151,156,147,156,137,151,142,146,155,140,130,147,138,154,146,150,146,153,157,147,157,153,145,159,160,134,141,153,136,159,145,169,161,145,160,146,142,145,142,155,167,159,168,159,159,162,152,148,163,161,141,159,145,151,151,167,153,167,146,146,157,136,137,147,140,150,156,147,135,150,149,173,153,158,149,131,139,155,154,167,163,156,143,142,148,143,169,155,156,147,152,145,154,150,141,155,141,171,130,139,142,148,149,164,149,160,156,151,139,142,166,149,138,143,154,137,145,157,150,153,149,141,143,127,158,152,162,150,149,143,164,167,149,146,173,135,148,143,147,159,147,153,136,134,140,160,151,143,140,149,158,146,147,160,146,167,150,150,126,128,153,166,157,159,142,158,147,163,118,158,139,136,137,138,140,146,160,149,153,147,131,152,156,149,144,151,140,151,151,160,153,160,165,157,147,145,158,156,137,146,159,153,143,173,149,160,155,146,152,156,164,145,141,146,156,153,136,165,154,142,157,136,156,165,160,160,152,145,149,142,142,155,149,143,153,159,144,148,144,140,159,169,139,144,140,149,143,149,154,160,158,158,152,133,152,153,139,152,154,152,160,149,141,142,151,146,146,144,148,133,153,148,135,142,154,138,149,145,156,136,149,152,159,159,144,139,160,155,152,144,162,148,154,152,168,137,154,138,150,152,145,158,152,142,127,155,143,166,145,153,146,152,151,156,153,145,154,161,167,161,147,148,149,155,137,148,153,152,147,143,139,145,149,132,158,142,140,146,149,130,154,151,156,154,137,128,141,147,143,153,146,172,149,148,153,152,145,162,148,159,150,154,165,131,140,131,161,159,161,150,161,160,148,141,131,143,150,140,135,149,138,132,171,159,152,148,158,130,137,159,150,161,143,150,165,137,152,145,150,153,164,144,148,141,123,167,143,155,156,142,153,158,155,139,141,131,149,139,139,144,150,151,135,142,148,156,150,151,143,137,148,165,152,142,152,137,144,152,150,166,147,150,154,143,157,143,164,137,148,153,152,153,155,146,166,147,162,141,161,136,131,154,162,156,159,146,162,156,146,153,154,158,153,154,160,135,149,128,125,152,169,150,141,162,132,142,138,165,155,155,148,151,149,153,152,153,152,129,150,164,158,155,149,144,137,162,139,151,149,150,145,142,147,144,158,125,158,149,130,156,158,147,147,149,142,133,143,130,143,164,139,150,153,155,149,164,142,145,156,145,151,146,161,141,142,154,139,146,160,159,146,144,150,151,130,121,153,148,148,163,155,159,155,156,151,152,153,160,157,155,149,134,150,154,136,156,152,137,149,155,158,142,168,141,169,145,149,155,142,154,159,144,137,133,141,155,148,155,151,146,147,143,157,137,150,153,170,148,153,145,144,164,144,155,155,140,130,159,153,145,158,140,152,157,143,144,152,141,156,156,143,134,164,124,153,155,144,139,145,132,148,159,147,163,146,137,162,164,148,140,146,152,162,143,149,160,142,163,157,164,147,149,128,146,159,142,147,166,148,139,157,141,145,135,153,146,150,139,156,153,148,152,156,173,156,146,143,164,143,141,152,167,155,136,150,156,162,164,148,150,155,147,150,133,154,144,140,163,149,149,143,147,147,163,153,163,153,156,149,151,144,149,142,169,164,152,162,161,159,165,143,164,141,132,146,140,158,143,152,151,147,162,146,153,139,161,132,135,165,159,151,164,158,149,141,155,157,146,141,153,148,177,163,151,147,154,154,138,154,164,146,143,150,135,152,168,144,161,155,146,163,129,118,141,140,159,161,144,135,136,163,134,138,161,152,140,148,160,148,153,158,158,137,148,146,133,161,126,151,156,161,166,139,148,150,133,134,149,152,141,167,161,141,158,163,150,138,142,170,148,147,147,163,143,152,151,161,155,143,145,154,155,139,136,159,143,121,162,160,141,163,143,167,139,152,128,151,155,166,149,152,141,161,158,148,157,163,155,158,159,139,144,131,135,158,158,159,134,145,138,164,154,145,128,145,154,143,161,151,135,145,138,153,165,146,127,143,152,160,163,149,141,162,156,153,164,162,167,161,159,144,141,125,149,152,132,135,159,169,163,143,159,151,140,149,166,137,161,139,142,160,142,158,137,152,144,167,145,134,157,127,145,135,157,155,151,145,148,152,171,132,158,162,151,128,165,137,148,149,152,149,154,152,157,154,143,169,157,153,143,151,153,163,164,145,158,147,156,130,162,150,154,142,138,150,142,165,156,158,137,149,149,132,143,150,175,161,165,157,146,145,148,163,139,146,159,129,143,149,148,137,143,155,151,141,147,147,155,172,147,133,154,148,162,147,144,151,151,149,160,147,139,165,137,143,158,149,160,144,147,135,141,147,154,146,177,173,153,140,156,141,149,140,138,148,157,141,138,157,149,156,130,144,162,167,149,169,145,146,151,150,137,148,150,137,150,155,169,169,146,155,156,161,131,152,149,157,155,155,143,157,149,165,165,146,132,149,145,154,149,150,145,158,157,155,146,151,136,155,130,144,144,142,130,153,143,140,161,165,140,144,146,134,145,155,145,166,152,152,144,152,139,154,156,140,152,147,162,138,148,142,144,145,156,153,149,180,153,147,134,137,139,150,164,150,132,156,155,131,147,142,153,130,167,147,162,165,145,157,175,148,152,157,142,144,154,141,156,160,131,158,149,165,134,143,143,143,166,154,133,142,147,159,157,149,147,173,140,150,157,149,154,139,151,112,154,153,160,143,144,149,163,140,144,152,152,143,146,149,164,146,157,124,141,155,159,147,167,144,160,133,152,133,155,125,139,139,150,166,144,145,167,154,139,158,143,160,164,128,150,146,154,147,137,139,138,160,161,144,148,132,150,161,158,130,151,131,170,161,151,168,142,168,163,167,161,133,163,161,146,155,161,152,160,147,162,152,140,141,152,147,142,143,140,141,143,152,151,155,146,148,147,153,142,151,140,144,149,150,150,143,143,146,161,132,154,145,148,133,167,146,150,170,138,144,133,154,150,147,151,146,144,148,147,146,146,145,170,147,148,152,147,169,135,150,138,144,144,151,136,147,139,144,146,159,152,142,157,156,133,146,139,151,140,143,154,148,148,131,144,146,149,153,149,161,136,146,145,162,161,158,143,158,148,177,142,165,162,132,160,140,146,157,132,161,143,149,153,161,143,172,141,165,145,151,142,151,153,172,149,141,132,160,167,150,148,147,153,134,151,167,164,146,160,155,157,141,161,155,143,132,157,155,142,163,143,153,144,151,148,148,165,141,144,144,157,141,166,129,144,147,151,143,150,161,176,160,146,152,134,152,152,148,139,138,153,144,152,154,141,150,156,137,156,143,149,152,197,156,152,137,145,154,141,149,163,159,148,172,161,161,161,152,143,141,134,155,148,154,143,160,158,137,153,139,137,158,138,149,161,122,147,159,126,136,142,144,150,164,148,163,159,155,128,142,145,160,157,161,143,160,164,147,171,157,127,143,163,142,151,138,141,135,152,139,150,156,151,154,151,154,155,170,139,140,172,148,163,150,134,152,145,153,154,137,166,152,149,157,153,161,149,146,162,142,158,159,161,154,152,158,165,166,160,150,144,150,139,150,143,149,143,168,148,151,154,152,146,150,144,131,151,156,141,135,139,157,143,161,146,140,165,163,157,144,134,156,133,149,152,140,162,161,148,151,153,133,147,141,158,159,145,150,159,153,149,152,153,145,143,157,150,142,151,145,149,162,144,166,156,153,160,145,150,178,142,152,149,144,139,152,154,137,143,137,152,156,140,153,164,156,143,153,154,145,161,153,160,145,161,149,132,156,143,145,164,144,158,154,148,149,150,149,146,153,147,162,157,144,152,159,145,151,141,146,138,146,138,163,136,168,145,160,134,138,166,146,155,151,160,160,149,149,164,163,138,158,142,164,146,154,143,143,155,147,131,159,155,154,146,138,165,158,153,142,148,127,155,151,146,155,158,147,152,162,140,139,150,145,141,160,161,140,148,156,143,156,144,149,150,151,147,161,152,142,149,163,171,143,136,167,150,159,142,153,154,165,149,155,147,137,163,164,150,141,144,137,159,155,140,144,146,144,148,148,153,148,143,153,151,150,143,163,148,153,146,148,146,151,154,162,148,159,148,137,163,161,142,157,149,157,151,166,151,156,145,156,153,159,149,142,150,145,155,130,164,161,129,135,150,154,153,145,148,145,139,155,127,143,150,154,159,160,163,150,162,138,149,161,137,141,131,156,143,159,144,166,157,166,135,151,155,159,154,162,157,156,156,142,154,135,143,154,142,143,163,160,159,149,178,146,144,146,146,158,154,156,122,157,152,160,132,161,151,140,155,158,150,156,156,150,131,139,153,177,149,171,133,136,145,159,149,143,157,159,142,157,146,152,149,171,157,134,137,137,153,143,163,158,160,145,147,132,153,154,166,141,151,147,142,153,154,138,131,117,144,155,164,175,149,152,160,155,153,154,154,147,145,144,148,149,153,172,158,144,146,130,160,147,125,153,140,144,162,153,146,133,155,167,146,142,162,147,158,152,145,144,166,159,147,142,144,129,146,129,158,145,141,133,150,155,162,170,144,145,146,150,144,150,154,148,154,159,155,140,170,155,133,147,148,148,158,145,153,146,141,136,134,132,135,146,142,152,137,160,152,160,156,151,156,157,151,140,142,155,154,137,138,162,151,127,152,161,146,149,164,141,148,135,155,153,143,155,160,156,150,149,142,150,151,149,164,160,153,161,153,144,147,128,142,162,164,147,146,139,151,137,163,144,169,136,150,153,154,145,162,138,163,145,127,157,145,149,169,133,144,162,134,165,139,133,154,145,165,155,162,138,172,144,160,146,158,158,142,155,167,139,152,145,147,139,147,134,163,160,164,143,134,154,166,146,149,156,139,149,148,139,148,146,127,136,160,175,153,133,161,152,165,165,144,154,151,154,134,151,146,128,176,143,140,154,142,142,155,160,148,153,168,162,154,162,146,170,157,151,159,134,140,130,159,145,155,162,155,136,151,151,155,154,151,150,149,153,147,156,166,137,161,136,146,150,159,151,143,148,136,145,149,131,146,159,132,144,154,157,164,150,130,148,155,146,151,133,141,155,159,153,151,153,161,143,156,144,149,152,159,160,144,139,157,154,143,135,154,160,165,132,150,149,142,130,162,133,139,145,151,153,158,150,164,140,150,131,151,136,150,157,137,163,151,157,167,152,144,156,175,140,135,155,170,138,158,155,157,148,150,140,150,161,154,157,165,154,148,145,164,137,147,154,143,144,158,149,145,148,127,129,144,136,164,151,124,144,146,144,142,147,150,140,140,156,140,162,136,150,150,143,160,154,153,138,155,148,139,151,143,174,146,153,142,152,135,141,155,147,143,164,156,146,144,139,154,151,147,150,149,157,127,145,139,152,155,129,141,160,135,167,134,155,148,137,153,152,140,136,146,154,158,160,148,161,153,144,146,160,150,139,141,147,143,150,149,145,145,130,171,149,157,170,159,148,165,148,129,157,149,147,161,150,160,138,161,151,157,162,147,154,157,160,144,151,145,139,137,148,134,144,150,146,145,148,140,158,133,138,145,155,168,175,153,160,160,154,152,147,165,143,157,148,149,148,162,145,154,160,147,146,150,160,161,164,145,146,149,151,139,161,141,146,141,159,144,170,168,137,134,146,165,152,143,148,150,150,144,146,146,132,150,138,150,152,158,142,165,162,157,140,155,141,149,154,161,135,152,139,135,158,173,150,153,133,127,139,156,154,135,162,150,144,153,122,150,159,153,163,148,152,152,163,141,154,152,139,140,153,142,140,165,149,136,138,137,152,152,163,150,124,136,141,160,167,161,155,156,153,150,148,139,137,149,125,148,145,147,137,151,152,159,160,161,148,146,154,158,147,150,148,152,155,151,147,158,149,145,157,157,163,147,146,155,143,147,163,163,156,142,136,141,141,151,164,138,155,150,146,165,153,149,172,158,147,149,117,167,139,161,144,146,141,144,135,157,161,141,149,173,123,167,151,147,159,143,129,146,145,138,137,147,158,163,157,141,125,154,150,146,156,151,156,141,144,160,157,139,171,156,163,152,139,138,150,164,166,154,149,145,142,177,156,158,160,153,150,153,159,139,150,134,161,137,146,150,159,167,147,168,151,153,149,146,158,147,131,153,143,134,151,144,181,140,166,152,159,146,135,151,165,164,155,154,156,171,150,154,165,154,144,148,147,141,147,168,138,144,153,148,141,149,152,162,156,151,166,139,144,137,141,164,171,152,134,148,153,152,137,143,140,167,160,150,134,167,171,144,146,138,151,145,142,160,156,142,154,177,153,134,179,152,143,142,145,151,148,152,151,144,152,147,138,134,158,156,141,146,144,131,142,159,143,150,165,151,137,160,150,138,163,160,142,135,145,147,140,149,150,155,169,146,146,138,152,143,143,141,157,139,141,158,136,158,162,144,151,154,135,145,136,153,152,154,148,158,149,145,139,147,167,133,139,169,139,139,140,165,154,157,144,164,160,157,141,143,155,151,151,155,149,139,156,170,141,148,157,156,155,152,147,147,141,141,149,160,153,132,141,160,152,137,143,160,154,137,152,156,133,165,155,153,152,152,161,140,154,134,131,168,151,136,151,146,143,158,139,148,155,149,139,161,153,141,149,146,134,142,157,159,154,141,160,156,136,148,163,157,158,146,148,150,156,175,173,149,154,162,143,135,151,167,153,148,159,157,171,134,127,148,163,156,136,153,165,149,141,164,148,149,160,160,159,170,148,152,133,155,155,155,146,146,145,145,144,173,145,152,149,144,145,176,149,174,143,133,163,157,132,161,152,154,147,138,158,166,145,129,143,139,152,134,149,156,153,142,139,147,141,150,151,172,136,128,135,146,143,166,168,144,161,154,144,149,145,143,141,134,131,151,147,147,157,133,140,145,150,151,154,138,138,153,146,150,144,168,162,169,151,153,151,151,161,144,146,142,147,160,119,150,153,152,143,141,146,155,143,148,151,143,160,137,150,155,139,172,144,163,158,149,139,161,151,148,163,158,136,153,141,156,145,160,159,137,153,136,146,153,151,150,128,142,162,128,162,146,136,153,145,141,145,149,162,148,134,156,142,159,139,168,138,154,155,166,139,152,134,147,162,151,160,149,163,150,163,145,138,149,157,152,152,147,142,146,136,157,149,156,144,150,162,131,159,168,146,154,159,148,137,150,154,164,130,154,156,141,148,141,154,149,161,154,140,145,141,152,159,139,165,154,149,152,149,148,145,157,142,171,142,141,147,139,160,147,141,139,151,175,141,136,146,151,155,150,152,145,156,169,139,170,143,162,148,155,154,152,145,148,151,148,158,171,141,143,142,138,153,147,153,160,148,141,144,139,147,154,158,142,153,157,153,152,149,134,167,143,148,153,164,172,148,148,145,148,145,141,159,151,144,160,142,145,150,173,148,137,163,136,132,145,166,140,125,133,157,150,144,157,151,140,137,140,163,167,144,128,143,150,161,127,144,160,151,146,139,153,157,136,149,149,156,152,149,138,163,137,165,149,141,137,162,156,146,147,146,135,150,147,152,153,142,145,168,142,140,141,145,148,140,149,147,157,156,166,146,143,168,153,131,152,141,157,143,144,141,147,153,147,139,142,156,141,162,166,151,151,151,139,141,152,142,156,151,160,158,150,160,172,151,144,146,169,149,140,156,143,139,159,139,154,160,136,147,158,147,131,153,125,149,151,144,163,159,148,128,154,135,140,148,143,162,141,143,154,151,159,139,155,144,159,140,137,157,155,158,138,134,139,151,160,142,139,150,140,160,149,168,156,141,163,156,128,148,152,149,161,150,139,143,150,139,163,158,141,157,135,151,167,149,140,135,163,148,151,142,165,155,145,141,139,158,146,151,140,142,146,164,144,159,144,127,154,147,125,149,158,143,163,160,162,140,162,161,146,158,127,151,132,135,144,150,139,130,163,153,150,146,154,152,131,152,144,155,149,134,147,148,144,132,135,166,158,158,132,165,141,151,147,126,153,132,151,146,145,153,157,162,166,157,150,156,142,158,142,152,144,146,157,128,153,144,157,128,146,148,163,146,136,147,137,137,145,160,145,148,141,164,150,152,161,149,131,168,160,134,125,158,145,139,172,151,150,150,151,148,138,164,153,164,141,154,147,148,134,148,134,154,149,155,147,151,159,136,164,157,165,143,128,134,139,168,156,147,151,153,170,148,150,131,156,147,165,142,157,140,139,147,155,165,144,125,160,151,140,140,164,142,144,139,174,127,149,151,160,162,138,145,153,149,149,160,153,157,149,156,160,149,146,157,150,145,152,145,148,154,146,144,150,154,147,134,136,147,151,180,147,150,151,154,148,157,140,156,161,140,153,147,151,146,141,176,162,152,163,147,148,146,149,145,144,164,144,143,157,159,144,151,139,159,152,160,117,134,164,151,140,151,132,150,143,140,145,144,147,148,147,158,155,152,141,170,155,167,165,153,152,141,152,161,148,171,149,163,166,140,152,158,145,150,151,153,157,157,152,165,172,160,140,159,150,154,148,151,143,155,143,143,151,160,144,146,143,161,153,141,149,141,166,147,155,137,141,159,152,135,142,126,131,152,151,152,159,155,152,145,142,151,141,159,156,147,153,155,138,156,142,166,148,164,166,156,148,165,161,158,150,153,154,154,148,152,132,158,146,159,157,153,160,147,162,137,130,152,142,132,154,147,145,136,136,144,140,146,146,145,147,152,172,163,151,144,137,154,139,167,144,150,121,154,154,140,155,153,146,158,146,174,160,140,148,137,147,151,139,152,155,146,143,163,147,155,122,155,148,155,152,156,144,169,155,137,156,147,140,143,148,152,158,145,153,151,128,150,145,159,124,157,163,165,167,165,150,156,143,185,143,152,159,155,135,138,156,140,144,152,153,132,133,150,146,160,149,140,131,155,127,153,140,170,135,155,149,154,151,149,159,161,144,159,154,145,147,160,144,135,160,157,151,150,142,150,154,139,146,134,172,143,154,130,158,156,149,151,149,151,137,139,149,146,162,163,145,161,141,152,138,149,159,135,141,139,131,129,150,147,147,166,158,173,160,134,156,157,152,135,161,161,156,142,141,154,148,172,135,160,139,146,137,157,141,145,139,151,139,152,158,145,160,140,139,156,138,154,149,149,150,146,142,155,139,164,160,154,149,143,142,165,145,152,164,134,175,137,137,142,145,155,151,157,149,146,155,162,166,154,155,159,154,144,136,141,153,164,145,133,147,153,145,163,158,141,139,149,146,139,157,137,140,162,149,168,151,145,144,141,162,142,150,146,153,158,181,147,162,145,136,161,166,159,157,145,155,147,156,153,141,165,141,134,149,141,142,174,151,158,125,156,148,141,146,118,156,152,155,163,146,133,140,161,151,172,164,154,155,148,148,176,144,134,153,154,153,149,144,145,144,143,150,147,133,153,147,146,137,150,153,158,134,154,168,158,146,153,134,153,161,130,158,146,137,148,134,150,150,150,136,165,155,143,135,149,136,138,169,141,155,143,141,140,167,163,165,151,147,152,141,143,150,149,146,144,153,138,134,158,150,155,142,149,146,153,131,156,171,142,148,151,142,149,159,144,150,172,161,143,137,166,160,137,152,162,148,149,133,151,144,168,174,162,168,161,140,170,159,132,152,151,152,158,135,166,157,144,150,140,158,149,164,160,158,160,138,154,162,146,163,148,135,142,146,143,141,146,151,150,155,140,149,140,143,139,161,134,149,136,155,156,139,142,147,153,148,152,156,140,149,160,147,158,150,146,153,139,142,132,151,161,134,141,147,155,161,161,150,144,166,150,149,153,159,153,154,152,148,168,148,154,150,147,153,147,153,146,155,137,152,148,152,152,146,143,139,163,155,136,151,122,147,166,150,154,136,143,150,160,132,157,145,140,149,154,143,156,153,155,130,158,126,137,149,143,125,127,161,143,141,154,137,154,148,148,149,138,145,158,142,149,151,148,137,158,147,157,144,162,152,148,147,144,159,137,154,160,147,134,151,153,170,153,162,144,150,155,152,147,151,157,151,139,132,145,157,139,150,143,157,139,154,165,160,160,134,166,162,149,148,166,148,140,152,142,152,166,146,151,148,143,154,139,151,131,138,152,149,150,146,166,159,151,169,148,154,131,127,140,150,142,143,144,163,147,155,119,148,136,156,167,157,152,140,173,167,140,147,147,157,151,158,150,137,171,157,146,140,141,165,148,147,147,141,164,155,155,160,148,154,143,146,141,145,155,157,141,161,146,135,140,150,160,135,162,130,155,155,163,153,152,138,146,149,137,139,144,155,134,147,143,166,150,137,157,148,168,154,158,136,144,129,152,147,143,148,145,155,155,145,149,156,144,143,142,144,132,143,143,163,142,148,147,143,154,137,150,146,149,147,146,159,155,151,152,155,158,149,149,144,140,150,141,165,164,146,164,152,163,159,152,136,153,145,143,165,151,147,137,150,143,142,154,139,156,161,141,150,144,156,166,136,169,171,148,152,159,143,156,146,154,164,153,157,146,139,142,146,138,141,142,168,151,152,143,140,165,152,161,148,161,172,142,133,139,164,147,146,169,149,157,156,137,146,153,151,139,152,154,148,137,146,165,167,157,151,143,173,165,159,156,132,136,156,158,159,169,143,141,132,146,144,159,156,137,135,160,156,155,175,144,126,144,158,158,141,168,159,141,132,138,155,138,143,151,136,150,153,156,160,163,158,147,131,157,159,157,143,145,155,158,159,141,158,159,159,135,134,145,141,155,159,135,155,147,142,139,132,143,157,145,137,148,143,164,153,157,167,153,155,148,148,150,169,133,155,149,163,152,167,145,146,153,156,148,144,141,141,159,132,165,155,154,165,148,118,161,142,147,158,151,150,159,157,154,140,158,149,161,155,155,152,150,168,162,147,150,133,163,140,153,137,139,137,146,156,150,149,144,160,150,143,149,154,148,164,146,160,148,138,150,139,141,134,159,144,161,146,157,148,141,143,150,152,133,134,158,158,155,150,142,146,145,133,137,154,146,132,145,159,157,160,157,153,145,169,141,162,159,150,171,149,151,150,137,162,140,146,164,153,129,162,145,158,140,150,155,165,137,134,155,158,144,161,149,145,153,160,150,148,152,153,149,152,144,155,144,149,145,133,157,160,152,147,142,152,149,156,159,137,149,165,152,137,158,143,138,146,142,153,145,162,154,141,175,156,153,156,155,153,146,158,161,141,147,135,163,161,146,180,149,158,140,158,151,149,144,170,151,143,146,135,151,145,151,147,151,151,166,155,154,142,158,154,139,144,145,139,149,125,157,148,141,168,154,134,143,165,157,150,167,150,161,150,149,153,144,154,152,154,164,146,155,133,172,127,145,145,155,154,156,149,159,145,141,151,133,141,156,139,169,154,135,153,133,145,146,135,148,165,152,154,135,151,141,145,135,149,149,162,154,147,155,139,143,139,151,146,150,152,140,154,151,157,131,166,151,142,164,150,161,154,150,170,155,144,138,161,133,136,152,149,150,138,150,138,163,138,162,149,151,140,136,153,145,162,138,145,142,146,151,152,153,136,148,157,151,154,149,146,161,151,141,154,165,163,137,136,160,171,119,138,152,148,150,147,150,148,160,125,141,154,142,148,153,146,145,157,142,138,153,137,168,120,161,170,165,147,147,131,142,146,144,140,137,158,132,158,141,150,145,160,162,148,151,161,154,144,156,158,149,148,142,157,144,173,132,152,145,145,142,149,159,130,150,132,150,144,154,144,140,141,158,149,142,162,142,148,149,159,144,155,149,152,132,174,163,163,158,157,162,165,149,149,144,164,147,151,140,153,150,155,156,149,148,155,161,140,158,162,175,142,135,146,157,159,161,132,151,152,141,160,139,163,154,145,154,150,146,157,151,143,175,142,175,143,133,141,157,143,154,168,141,146,153,134,143,140,149,133,153,152,142,167,148,152,159,172,144,150,161,154,138,149,152,156,159,141,164,151,146,140,153,145,135,160,141,130,147,152,143,159,135,159,150,151,152,148,152,153,157,151,155,150,171,130,157,138,157,155,139,134,137,166,133,142,152,147,153,155,150,160,155,165,166,155,155,153,168,148,149,145,136,141,169,144,163,150,150,135,175,132,163,148,146,154,135,158,146,148,165,158,119,151,142,149,142,151,150,149,160,143,150,155,159,134,166,153,134,158,143,176,154,148,161,154,163,161,129,136,133,144,145,139,162,153,151,146,164,161,161,148,133,147,156,163,159,143,172,148,155,139,143,126,148,143,155,142,157,143,168,134,158,151,156,139,141,165,136,152,147,143,155,157,137,161,161,144,137,137,143,166,149,136,154,162,149,149,160,152,156,130,166,138,155,149,144,148,166,150,157,147,150,161,139,135,156,147,136,146,145,169,146,149,145,136,169,168,150,155,141,149,169,166,132,144,165,138,160,153,142,153,155,146,159,167,166,156,166,122,165,151,147,145,152,150,173,147,128,157,165,137,139,161,151,151,147,144,146,169,172,159,155,144,155,141,141,147,148,141,136,155,161,152,157,164,157,136,163,132,136,153,145,160,165,145,160,168,152,129,159,153,155,148,155,158,156,141,134,152,137,149,145,130,135,159,146,156,159,149,167,155,166,155,159,173,164,152,147,139,172,144,161,162,151,123,146,151,145,140,161,139,164,160,157,152,149,140,155,149,156,165,143,141,136,136,148,143,159,151,162,128,155,156,141,160,160,151,150,148,132,154,145,159,127,153,161,154,167,150,152,165,176,147,154,162,154,151,144,156,140,153,150,157,147,153,152,146,161,136,143,152,159,153,151,152,125,147,161,137,148,153,138,157,161,158,156,138,146,163,147,145,145,155,160,145,153,147,163,146,153,139,148,143,155,152,155,138,145,142,156,135,143,148,152,144,142,154,146,148,154,149,127,157,127,140,143,146,166,145,155,141,155,160,149,155,140,151,147,142,153,147,136,141,137,160,156,157,174,153,152,157,134,167,148,143,158,162,151,165,149,143,149,135,148,159,119,138,140,153,165,158,140,144,118,161,132,161,148,139,139,155,131,140,138,143,139,158,154,150,138,146,136,144,152,144,162,148,161,136,155,135,166,159,172,142,153,169,141,156,155,144,137,152,134,184,167,151,132,153,144,142,151,144,141,172,152,148,146,154,141,142,161,165,139,152,128,144,135,154,150,144,141,155,155,152,167,148,138,141,159,149,159,148,141,166,146,144,141,155,149,141,142,141,135,160,142,146,173,139,142,146,157,135,146,146,137,160,145,160,154,162,125,155,132,157,134,166,150,159,151,153,139,164,161,136,129,148,155,151,124,162,149,155,143,135,141,159,156,165,155,153,154,144,155,150,158,174,153,147,160,162,153,162,147,153,157,154,149,147,149,152,145,131,172,149,151,157,132,141,145,142,134,146,154,148,144,139,161,142,166,148,135,162,150,144,155,137,155,180,161,134,150,148,166,147,138,148,152,123,144,145,149,154,154,169,142,143,140,163,143,152,157,150,156,172,154,145,134,161,142,143,154,152,160,137,142,157,154,157,142,155,139,125,153,166,155,146,139,161,132,150,143,147,144,145,147,169,152,161,146,141,140,148,158,155,153,151,150,157,138,145,132,173,149,141,166,153,161,153,143,146,172,140,140,166,153,151,146,134,141,139,146,163,160,146,142,141,147,143,146,141,154,149,132,136,143,151,164,154,140,145,158,135,141,140,155,159,138,152,132,147,152,137,147,143,151,143,151,144,159,136,155,155,161,140,138,146,147,144,150,151,150,156,145,160,147,144,141,145,139,160,155,137,146,150,161,148,161,168,160,146,151,154,157,147,161,137,179,160,151,143,168,135,144,145,145,136,162,152,161,130,138,153,154,137,151,139,158,158,142,152,152,133,157,148,143,152,126,131,166,159,163,150,142,158,130,132,141,147,159,150,156,152,139,157,136,154,158,148,153,143,143,144,168,127,167,145,155,142,152,162,151,166,155,148,153,143,159,132,187,146,155,159,136,158,148,136,160,151,131,145,149,164,171,155,139,136,148,150,166,142,145,146,159,161,139,148,148,162,145,150,126,134,151,141,155,138,151,150,145,157,157,159,150,136,151,151,146,154,158,147,141,143,185,151,164,159,151,148,149,139,145,157,142,155,151,144,152,148,160,131,135,138,158,165,148,138,146,131,143,136,153,151,137,161,144,142,142,146,144,160,149,160,169,133,143,140,136,155,143,140,157,142,159,159,147,139,129,152,137,149,135,164,155,142,162,148,143,145,165,177,143,150,152,146,162,169,168,146,141,157,153,149,157,138,141
153,141,136,132,136,133,134,161,161,139,157,152,137,145,151,152,145,154,133,144,149,139,134,158,142,158,148,151,153,160,153,130,137,143,149,162,141,134,165,146,172,153,137,144,162,141,152,131,147,155,161,147,152,148,141,166,158,151,167,165,150,150,154,170,166,143,138,156,150,155,144,153,148,167,164,148,173,158,162,143,146,153,156,170,144,146,145,159,138,137,139,151,156,152,147,162,152,154,152,145,147,154,148,146,165,171,162,146,149,148,132,155,139,144,148,146,151,154,138,154,159,163,149,130,136,152,154,150,138,138,165,146,142,156,152,137,146,153,143,146,147,155,130,152,148,155,157,130,136,155,160,149,155,155,147,151,151,177,158,143,156,157,148,165,151,137,155,164,163,141,147,139,149,148,145,183,141,152,149,159,148,140,153,144,159,167,143,130,143,140,155,163,126,149,150,144,150,140,154,133,153,124,168,159,156,160,152,141,155,154,149,139,150,135,156,134,149,151,179,150,143,163,153,165,137,148,142,161,138,142,154,132,157,144,147,139,158,132,172,155,142,177,161,153,172,153,160,132,153,167,152,169,148,145,141,156,175,152,157,171,152,157,140,159,175,144,146,152,150,137,148,160,143,145,154,147,152,146,140,151,156,166,159,140,153,164,159,136,139,162,143,169,136,154,173,138,170,151,152,149,149,147,146,145,140,164,146,141,143,156,119,157,155,161,162,136,151,141,167,142,168,145,145,144,146,150,157,158,147,140,143,142,160,151,137,146,150,158,151,147,161,142,157,161,144,140,160,160,154,135,155,157,142,146,174,146,152,155,152,155,153,145,143,157,150,146,145,150,143,148,149,148,141,137,153,148,159,145,141,131,140,133,137,141,131,170,149,172,136,152,155,144,158,143,149,149,159,146,149,143,145,143,154,161,160,149,152,151,144,146,159,155,152,155,152,172,159,153,138,160,156,130,136,160,165,150,146,154,164,170,148,154,130,148,138,155,152,136,151,174,152,150,172,155,141,140,137,150,159,155,155,148,168,174,148,145,153,126,173,149,166,149,148,134,152,155,143,144,152,154,152,157,152,154,167,159,148,158,135,153,141,160,166,163,152,139,136,153,160,155,156,141,148,143,149,153,153,143,172,132,137,166,143,145,145,144,142,155,147,144,168,169,138,162,150,143,140,159,133,154,158,157,147,153,145,159,153,154,142,149,137,140,145,157,140,155,144,147,163,138,153,156,135,138,129,157,139,142,150,162,150,154,148,141,152,146,163,148,155,139,156,144,134,155,158,160,128,158,145,138,150,146,138,149,145,158,149,135,158,136,164,142,149,161,149,148,154,156,150,156,151,156,152,162,153,143,150,144,135,150,136,151,133,154,145,143,149,140,152,155,175,140,164,148,145,146,155,149,154,157,139,148,150,145,155,151,134,154,139,163,147,138,151,142,135,145,141,164,144,150,162,166,155,140,148,145,135,147,167,162,159,148,162,132,171,165,138,156,151,170,153,161,153,168,149,148,150,160,138,155,175,150,137,153,168,142,155,154,164,146,159,140,168,148,150,159,158,150,147,161,156,136,159,143,143,154,145,156,158,147,149,132,163,147,167,150,142,156,156,153,149,170,159,150,156,158,152,168,156,162,161,147,144,141,157,157,151,149,136,150,158,146,144,147,163,161,145,146,155,148,159,147,143,142,142,135,138,146,154,150,158,141,151,143,155,153,143,149,158,149,135,157,132,153,165,164,153,144,149,134,154,152,147,154,172,153,149,150,146,135,153,166,143,152,149,153,154,168,138,161,150,160,148,154,144,124,132,153,150,166,142,141,149,139,158,153,170,150,162,148,143,146,148,145,161,152,130,148,128,155,138,142,156,140,160,158,147,158,146,148,137,133,171,154,138,151,172,164,151,156,164,127,144,129,142,140,136,155,160,164,151,155,137,130,150,162,139,146,152,150,149,163,157,151,141,136,151,156,140,143,147,126,152,146,149,130,154,155,134,145,132,136,145,166,158,160,135,143,173,155,156,150,153,155,157,158,165,156,157,153,154,167,126,135,158,136,140,163,180,175,153,132,139,149,162,151,160,162,149,143,151,142,136,148,161,152,142,157,150,168,140,143,147,141,161,151,152,141,135,161,136,142,151,137,160,152,150,148,152,151,152,154,140,144,165,156,152,141,169,155,153,156,143,148,142,149,170,162,146,152,152,160,152,133,149,149,147,153,137,158,159,145,154,131,149,151,152,154,145,167,135,146,165,140,162,140,148,148,152,153,156,145,134,152,134,153,150,153,128,151,133,161,137,149,153,150,154,140,154,158,153,147,156,151,158,141,147,153,143,153,144,139,153,156,144,151,158,149,153,130,131,160,151,159,134,151,155,151,138,166,146,151,136,158,127,145,155,153,134,148,141,146,156,139,154,150,159,150,164,156,139,165,155,137,173,158,154,142,155,163,151,160,141,148,156,138,146,158,148,149,140,153,145,160,127,137,152,143,154,152,142,121,136,154,141,133,132,165,146,144,140,145,154,142,150,151,169,145,127,139,153,129,159,135,155,167,132,145,140,148,147,148,171,144,156,139,142,130,148,147,140,150,155,144,135,158,154,137,157,148,135,155,140,156,137,151,174,138,156,153,154,135,162,147,152,139,171,150,139,165,152,154,170,163,142,146,144,143,150,159,148,151,173,151,159,161,132,149,145,151,166,149,144,152,141,145,155,162,160,158,158,151,152,160,171,155,146,158,151,153,141,143,151,146,142,141,160,149,131,172,152,141,143,147,139,161,154,139,160,146,145,151,161,147,148,158,136,138,151,163,145,149,148,126,160,161,154,127,151,158,161,135,155,150,153,139,138,137,158,151,150,138,140,163,143,168,160,147,155,157,134,164,167,143,162,148,165,143,149,147,134,136,142,161,132,155,130,148,171,140,142,149,131,148,148,171,150,159,155,153,152,150,151,168,167,134,143,140,136,158,155,142,140,140,160,141,160,145,162,153,138,162,147,135,134,155,148,162,149,144,149,149,145,163,157,145,140,143,146,133,143,137,144,140,157,152,143,158,152,156,157,158,156,169,151,152,154,138,157,155,146,154,150,166,155,159,150,141,129,145,157,150,156,142,137,148,127,150,153,148,135,162,147,169,151,138,159,164,152,138,138,143,139,151,146,139,148,147,129,127,158,155,144,146,160,156,150,174,140,145,154,153,155,151,159,144,143,146,142,143,145,145,158,145,149,149,153,149,170,148,134,151,140,161,164,145,144,146,164,139,151,158,143,150,130,161,147,154,154,134,140,162,155,159,153,150,145,154,147,138,159,125,148,150,154,149,145,155,167,153,146,157,151,152,159,136,145,152,145,143,159,143,140,167,139,147,164,146,141,163,153,145,165,157,141,155,129,158,153,146,144,175,156,140,157,152,148,145,154,146,152,143,171,156,159,167,151,152,158,171,126,135,161,160,151,156,151,153,144,147,149,154,146,162,145,147,164,139,176,158,143,150,150,144,151,135,158,149,156,139,150,141,159,155,141,140,163,149,154,153,157,150,157,143,133,153,150,154,149,159,147,144,145,144,144,149,136,161,157,155,136,134,142,169,154,157,146,136,148,149,147,152,149,149,149,148,145,144,142,154,151,157,146,138,166,169,161,154,150,159,155,152,147,153,161,146,159,136,170,167,143,162,152,156,156,158,139,152,138,148,160,148,149,141,141,146,166,148,146,160,172,152,139,151,162,134,147,155,143,143,151,163,150,157,150,116,140,144,160,139,145,154,130,157,153,136,152,157,148,136,158,164,148,147,176,147,149,158,165,157,143,150,140,161,150,143,154,147,144,153,154,128,149,163,158,143,160,147,125,149,152,155,155,145,133,143,156,157,154,137,158,168,138,139,157,148,149,167,154,159,173,142,151,144,156,154,168,136,150,151,148,144,168,137,145,140,145,154,142,149,148,145,151,157,167,137,154,142,137,143,155,158,148,156,138,132,141,137,160,149,153,154,165,141,143,157,145,141,148,140,152,151,141,171,159,140,151,136,152,125,163,155,157,143,146,157,166,161,128,142,162,146,153,152,149,148,140,146,151,152,153,155,157,143,164,138,152,132,150,145,153,145,159,142,155,152,145,145,155,181,162,146,134,156,156,138,153,138,164,151,139,161,156,133,142,140,129,145,130,139,140,149,142,163,153,150,140,142,159,149,148,157,130,153,145,139,139,142,144,148,144,146,136,154,167,145,145,132,135,151,154,136,166,145,144,149,134,156,155,137,157,140,151,152,142,157,146,144,137,135,151,138,150,157,164,154,161,165,182,151,146,150,157,137,150,154,144,130,130,135,159,146,151,142,163,147,155,136,165,153,158,151,144,157,137,164,127,152,153,132,135,166,169,148,143,157,151,163,132,176,137,156,142,155,147,147,135,165,168,146,140,142,166,158,150,133,158,144,140,151,143,137,161,142,156,129,156,152,146,159,163,142,155,139,153,142,146,159,156,131,153,148,134,159,141,152,131,165,134,131,170,140,148,139,154,176,154,144,136,147,142,170,137,145,159,159,136,133,148,140,137,153,155,139,159,150,141,146,154,158,147,154,142,150,152,158,155,147,180,158,162,146,144,142,155,151,164,146,147,152,153,161,148,154,151,137,139,154,153,157,146,158,139,138,150,146,138,138,150,138,135,136,144,119,163,133,140,141,141,148,158,143,155,154,159,150,151,142,136,161,163,141,151,146,147,135,164,154,160,140,153,154,165,160,152,151,157,154,148,160,137,143,147,138,150,155,155,153,134,142,151,145,165,143,138,141,154,137,157,152,164,142,170,172,165,170,151,166,160,161,138,159,150,152,161,151,146,152,158,143,139,149,147,168,138,148,151,156,154,162,158,148,154,149,134,146,150,150,140,164,141,138,146,148,149,151,135,148,152,140,137,135,143,137,153,164,149,137,135,138,156,142,152,143,130,144,130,149,155,164,149,137,143,159,151,141,152,159,162,153,171,157,143,157,159,133,141,141,153,158,165,139,145,152,153,141,159,151,155,149,179,144,143,137,151,153,163,165,173,157,136,138,150,169,141,153,141,150,147,158,163,154,143,156,163,140,151,125,155,160,131,164,141,155,145,156,159,146,149,154,168,144,159,149,165,155,156,135,144,155,151,134,145,157,165,144,150,131,162,147,133,164,128,136,163,155,148,147,155,159,144,153,142,156,141,165,146,136,149,141,136,170,157,124,149,152,137,148,132,164,142,156,144,140,157,170,131,176,157,143,161,148,155,167,154,151,149,150,144,142,152,145,155,154,143,158,153,138,146,146,147,163,135,150,163,127,152,145,158,152,159,139,139,158,128,143,155,165,157,176,122,160,138,160,161,149,160,145,153,146,163,138,130,147,142,163,134,152,150,154,157,148,127,158,150,142,130,157,161,152,150,154,147,148,143,150,135,144,150,155,165,168,159,162,146,146,153,152,138,150,175,138,148,144,149,151,153,164,130,167,155,148,170,153,154,160,150,160,161,151,162,154,189,156,154,146,165,145,156,149,143,144,155,148,154,158,153,157,139,153,164,153,156,145,150,159,160,166,141,136,165,156,137,160,154,127,153,158,160,151,156,156,152,128,142,151,148,160,145,165,149,150,146,133,141,163,144,140,127,128,152,164,168,142,138,150,142,150,152,151,148,151,155,136,157,158,137,137,143,173,140,146,161,138,144,154,141,143,151,136,139,166,138,149,136,138,143,144,152,135,158,153,134,146,150,161,145,151,124,141,147,146,186,166,148,161,141,155,124,138,160,148,142,146,147,140,147,137,174,144,166,137,150,144,163,155,147,168,134,138,137,184,138,148,143,148,140,142,153,145,153,144,137,163,143,153,152,140,139,150,153,159,129,145,125,160,151,148,136,141,171,145,138,146,154,149,142,160,127,152,118,164,160,155,148,167,158,150,168,163,146,156,163,141,137,153,172,160,168,152,171,147,149,145,153,164,149,160,151,156,144,153,152,135,145,125,163,162,135,147,158,126,152,153,166,143,149,145,143,164,154,165,163,169,154,141,149,147,151,171,146,160,170,143,129,159,152,149,146,154,169,159,145,160,146,171,144,139,154,137,150,153,157,139,173,156,129,156,140,140,164,152,167,142,156,133,147,135,137,151,151,140,153,125,148,159,145,131,148,164,123,142,158,149,152,153,156,150,143,148,154,158,143,123,162,148,149,166,153,144,170,141,147,166,151,146,150,167,143,135,153,140,148,141,143,140,131,149,145,148,162,159,141,157,155,147,151,131,125,154,155,159,154,148,149,146,146,153,157,138,153,140,150,136,158,137,133,146,144,159,153,159,159,140,139,166,136,143,149,152,143,164,177,147,141,154,153,139,149,152,172,146,147,141,154,157,147,144,154,151,142,161,141,152,148,149,144,142,132,159,151,143,163,159,144,144,155,168,139,163,148,141,153,161,148,142,148,144,161,138,144,161,144,151,155,145,145,160,171,161,155,133,133,153,155,157,134,140,144,141,141,129,159,137,172,158,150,150,142,130,136,158,169,112,151,158,158,144,139,159,151,156,157,144,156,156,155,150,162,158,146,153,153,145,143,148,131,147,137,150,161,147,156,159,164,167,156,152,155,144,160,138,148,142,145,142,146,161,152,150,157,137,161,165,154,141,136,154,132,135,155,154,153,144,161,169,159,142,138,175,160,145,147,145,147,165,156,140,146,148,152,152,147,148,138,148,133,160,159,151,140,141,159,153,162,142,154,147,140,157,168,152,170,141,155,145,141,155,142,147,146,140,133,126,143,149,149,140,152,132,166,138,136,152,159,156,148,160,152,143,146,153,154,150,156,149,140,151,155,165,145,158,156,146,135,132,144,150,148,145,143,154,158,140,164,138,147,138,168,161,165,148,138,145,141,153,136,136,175,164,127,166,146,147,147,142,143,169,149,142,162,151,156,139,148,161,157,140,154,153,147,150,159,148,159,141,150,152,167,138,161,138,167,146,136,146,150,143,171,152,128,154,163,160,139,138,143,153,154,139,130,148,148,140,144,135,136,152,165,141,157,136,152,142,134,160,170,140,141,148,142,157,146,153,166,162,158,148,155,150,147,136,142,132,166,160,141,136,157,166,158,147,146,141,160,139,152,148,149,149,148,175,144,143,169,150,154,165,152,152,158,160,160,139,145,165,150,156,171,151,144,140,174,124,136,156,143,160,144,144,151,152,157,163,135,150,155,168,145,150,174,142,141,146,157,173,151,136,158,137,146,147,162,145,158,162,153,147,151,152,158,157,150,149,126,141,151,172,153,145,161,146,167,157,160,168,141,154,153,153,155,140,139,144,147,149,149,161,152,150,155,150,152,139,143,161,156,155,157,152,155,155,128,149,166,158,138,165,136,154,149,143,165,141,140,169,159,154,146,150,158,140,156,132,143,154,155,149,138,141,149,143,137,142,159,146,135,141,145,149,152,142,155,164,162,147,162,125,147,131,152,131,154,126,161,160,145,147,154,133,149,163,127,138,160,148,139,135,159,140,156,165,139,140,157,156,138,162,145,141,153,156,129,156,151,137,144,141,158,152,144,127,138,156,153,149,141,140,143,145,150,159,172,149,154,143,132,171,144,139,141,160,154,134,146,149,152,161,158,144,160,171,149,161,164,136,159,158,139,142,165,157,141,147,144,143,158,135,155,135,129,156,148,157,149,153,140,135,149,170,148,141,158,142,163,155,129,154,177,164,144,150,146,125,139,168,130,170,151,143,162,149,146,143,158,164,161,137,163,166,147,141,138,144,148,159,145,153,162,146,150,146,131,153,157,140,146,153,136,169,153,138,152,158,166,155,153,155,128,151,153,143,139,151,150,142,148,150,156,146,138,142,165,134,150,153,160,154,149,139,159,150,128,157,149,145,147,150,152,159,147,146,152,138,147,159,145,165,143,136,151,135,143,147,137,139,142,160,131,151,154,137,132,134,141,142,149,155,140,147,160,156,161,141,155,143,163,145,149,151,130,145,159,160,154,161,170,139,143,167,135,141,160,129,160,156,135,159,153,130,134,153,159,151,121,148,138,145,149,136,146,142,145,171,155,151,156,144,155,149,141,136,158,148,147,151,155,146,138,148,156,132,163,162,151,177,124,153,125,147,149,148,138,138,147,144,151,148,155,141,137,146,157,133,125,153,146,138,154,146,160,160,151,139,160,142,152,142,153,150,143,155,143,157,133,164,133,142,155,180,169,152,175,151,153,138,158,161,125,149,154,161,138,156,146,150,154,142,154,154,142,163,170,137,141,157,156,166,158,169,145,142,166,144,159,143,138,169,139,158,158,164,160,150,129,155,153,152,162,146,147,141,165,157,149,144,160,120,151,148,135,153,154,153,142,156,146,125,162,149,149,133,144,140,140,157,168,152,164,150,140,162,168,137,148,131,158,159,154,170,160,157,156,161,151,153,160,148,155,151,139,153,156,159,159,138,143,149,132,137,154,147,138,139,164,168,143,171,171,143,135,131,156,163,150,151,165,150,152,154,150,151,136,150,156,139,162,167,144,156,144,152,143,151,145,139,153,140,140,154,139,155,146,151,163,162,144,139,154,134,154,163,146,156,148,157,157,158,122,142,170,152,162,135,164,132,146,155,142,135,145,136,155,151,149,148,151,139,137,153,157,164,142,149,152,138,127,154,150,143,145,134,149,151,129,138,160,153,145,159,165,159,146,150,151,158,124,140,142,149,156,136,147,144,154,161,159,145,143,163,145,162,165,137,148,161,152,135,142,166,158,153,150,163,146,149,130,155,165,159,155,150,140,152,165,130,147,147,148,149,167,154,138,166,135,157,156,125,152,155,152,139,146,151,157,168,128,136,157,129,140,152,149,149,150,143,141,150,154,158,142,146,168,139,135,151,162,145,156,139,161,160,137,139,155,145,153,140,181,135,155,164,150,141,164,137,166,160,180,155,146,155,177,138,132,146,162,145,158,152,149,138,151,165,154,156,156,134,133,173,125,159,170,135,134,144,159,141,155,137,146,148,147,150,145,135,148,160,159,158,157,134,157,131,147,149,154,147,146,151,146,135,156,137,134,134,142,165,148,147,147,154,137,151,172,155,163,142,147,149,149,137,140,134,137,153,135,157,149,148,158,155,155,148,143,164,151,170,151,158,166,140,145,157,153,136,133,155,158,166,160,153,131,155,139,167,141,158,175,148,129,159,151,156,150,147,139,151,155,154,163,150,131,167,145,147,140,151,142,150,147,146,150,134,165,130,138,147,153,154,148,146,157,158,164,121,164,154,148,154,140,162,149,145,163,152,146,147,155,155,137,127,158,157,145,158,142,154,139,161,132,156,166,156,148,137,146,143,152,173,160,154,136,154,153,146,146,146,156,148,146,144,147,154,153,145,150,157,143,145,175,166,158,162,148,156,157,162,149,173,142,166,153,153,151,156,145,168,154,146,142,158,149,156,158,148,171,160,156,157,138,150,147,144,149,168,165,153,150,143,149,154,140,151,159,138,146,153,152,138,151,147,136,141,127,154,168,152,138,141,160,150,140,135,157,155,137,151,156,147,162,146,153,143,146,148,145,149,144,155,149,150,145,154,155,152,148,146,139,159,149,158,145,154,170,148,140,159,161,141,130,156,149,143,161,160,135,120,154,146,148,133,153,147,142,131,148,158,147,144,142,154,140,137,170,163,159,147,142,137,144,131,149,147,137,175,147,160,142,143,156,134,150,142,170,141,149,158,139,133,158,141,147,156,141,142,163,143,151,136,151,158,151,162,148,155,150,142,149,158,132,141,152,130,162,136,139,157,144,160,165,146,154,158,155,162,151,149,151,157,157,132,157,154,155,145,151,151,146,148,132,156,159,151,148,166,144,177,140,156,157,155,153,142,145,143,141,151,148,146,146,161,151,156,157,141,150,135,143,150,167,126,147,143,165,137,167,149,151,134,154,148,151,140,143,151,159,132,141,153,141,144,141,168,141,139,154,139,150,153,148,161,161,168,125,124,133,137,148,135,164,132,163,145,161,154,138,167,139,117,153,154,161,154,160,144,155,143,139,157,156,151,150,165,131,152,148,146,155,149,158,132,131,154,152,157,172,130,148,146,139,143,147,141,149,144,147,143,162,155,150,144,138,162,157,134,152,153,134,133,166,153,139,138,145,147,150,152,154,141,144,129,146,144,162,150,151,156,134,143,164,163,126,161,138,148,140,167,157,163,143,146,142,139,139,143,150,142,132,126,156,149,149,158,140,155,148,160,154,124,161,148,130,150,160,167,138,151,150,150,162,166,142,147,165,152,147,165,153,132,149,128,172,160,160,127,148,121,177,137,135,170,146,144,141,144,160,157,138,148,153,147,166,148,148,145,155,165,154,147,155,143,154,147,136,154,126,166,152,153,152,159,163,145,143,140,159,170,135,143,164,140,148,150,152,158,162,154,158,149,161,174,165,153,145,147,166,164,147,149,145,143,164,149,126,163,153,165,145,145,161,142,159,140,139,163,148,161,146,165,139,138,151,155,152,143,175,149,167,145,144,156,155,161,135,163,157,158,159,159,145,146,148,157,152,171,152,154,144,167,137,157,164,145,157,150,146,141,147,132,146,154,129,154,152,155,166,146,154,162,147,136,155,153,142,160,133,144,148,148,142,136,132,142,146,145,155,148,143,146,152,144,146,143,140,133,126,146,152,149,151,156,143,157,140,143,159,165,160,144,150,145,169,155,165,167,148,141,146,149,140,148,142,144,140,142,154,146,145,152,152,148,161,147,153,124,138,173,174,158,140,149,143,145,124,152,142,158,170,135,157,143,175,129,134,182,126,151,147,145,134,145,147,161,137,141,148,133,135,158,142,168,145,142,157,152,152,146,152,165,161,138,139,134,166,151,179,151,150,147,137,129,155,148,139,137,148,151,148,141,138,147,157,164,149,155,150,161,134,150,138,153,145,147,151,152,158,144,146,142,160,143,160,122,152,162,164,142,139,146,145,151,138,153,140,133,150,143,147,143,142,147,152,149,181,155,151,145,145,151,151,150,162,143,139,144,136,144,133,141,154,138,143,142,139,162,133,170,142,166,164,137,136,161,128,157,156,146,157,159,149,161,165,155,142,156,139,148,156,134,148,138,157,140,147,163,169,142,156,132,153,147,148,152,146,148,147,145,157,163,132,140,146,142,153,170,142,138,159,144,144,140,158,162,154,171,166,146,162,137,141,152,158,150,142,130,148,146,156,124,161,156,139,160,144,146,149,142,141,179,138,142,141,145,156,149,177,160,152,179,161,159,152,139,152,158,142,156,141,143,162,152,165,162,139,142,157,149,141,140,151,157,151,153,166,146,151,156,144,150,152,164,152,155,159,157,151,159,142,158,129,153,153,162,139,141,145,159,144,148,149,141,149,152,143,163,137,163,154,166,144,141,141,135,146,145,150,151,125,145,140,139,158,152,164,144,147,127,138,145,140,162,148,125,154,150,144,157,156,143,146,141,168,148,147,158,130,148,142,142,146,153,158,146,157,159,160,152,150,148,146,138,144,151,149,133,135,149,142,144,139,154,144,140,154,147,149,161,158,161,156,141,132,147,146,149,156,135,149,139,166,146,155,146,158,144,140,170,150,145,145,134,153,160,148,166,133,167,161,150,154,160,155,165,149,140,140,157,152,162,149,146,148,157,157,152,138,147,147,157,152,150,130,148,148,150,144,144,136,153,165,156,162,148,146,139,154,148,130,165,152,151,163,128,147,158,142,160,132,162,146,158,154,151,136,153,154,142,146,150,151,142,136,143,154,149,151,146,133,142,140,158,150,154,162,164,157,147,150,140,149,136,161,158,138,160,143,155,162,149,146,150,138,142,166,143,146,165,156,150,167,158,149,138,151,147,168,131,152,136,164,143,165,144,139,153,147,149,141,145,160,131,150,156,154,152,147,155,156,141,157,163,157,164,146,145,156,161,149,161,144,136,144,144,147,136,145,149,144,132,144,140,146,144,161,157,172,158,147,147,175,140,138,153,136,144,148,148,162,145,166,166,134,157,131,146,154,168,155,155,152,161,148,153,148,149,146,163,163,167,147,143,157,159,157,141,156,145,160,167,150,142,168,148,152,144,152,128,134,144,145,145,169,146,160,137,160,160,147,145,135,159,150,160,131,149,160,157,150,138,147,157,160,157,158,150,145,156,172,148,146,129,147,153,154,129,146,146,140,151,146,159,158,156,153,150,135,154,134,124,149,155,153,158,141,148,149,142,151,148,156,166,157,151,147,147,133,157,144,145,141,171,157,151,129,148,143,158,147,165,140,158,150,137,159,151,145,151,142,143,145,139,162,148,148,142,150,169,146,145,146,135,180,156,160,156,164,153,145,152,163,169,149,144,144,150,152,158,156,136,153,150,155,151,159,152,154,149,141,154,150,146,129,139,153,145,158,140,136,136,154,141,150,140,159,135,155,141,149,147,151,147,156,146,146,149,168,162,146,154,167,162,152,149,146,157,134,123,153,125,130,158,154,136,149,152,158,151,143,150,165,132,154,154,146,146,146,143,159,143,153,151,163,148,146,166,143,156,163,140,162,156,148,144,133,152,161,147,169,154,167,156,153,147,146,158,155,143,150,139,148,152,141,133,128,138,161,148,143,141,161,152,159,146,167,147,145,150,151,136,160,141,152,152,141,144,155,143,154,150,158,137,142,145,143,148,157,159,142,159,152,153,147,152,157,145,166,152,159,143,160,167,145,145,157,148,166,145,153,141,135,138,148,156,152,160,141,155,168,167,153,161,164,158,154,149,137,169,148,147,167,135,152,156,151,139,148,146,161,145,143,137,165,156,142,138,157,145,135,154,159,133,154,153,162,149,152,152,159,153,144,148,144,147,151,166,155,154,154,142,140,147,158,155,146,160,160,138,143,134,156,149,152,145,149,162,163,128,168,160,152,143,160,151,151,155,150,145,152,143,163,159,164,159,150,152,141,156,154,160,160,146,142,162,153,127,171,154,135,159,135,143,143,138,140,138,145,135,147,133,139,159,155,153,161,148,134,137,155,159,142,145,159,155,125,155,150,145,156,175,149,144,135,154,149,160,125,144,156,154,149,135,162,142,141,145,155,148,146,137,152,163,148,169,159,157,153,150,152,150,156,143,142,147,156,154,138,148,161,145,144,149,160,185,151,142,147,150,121,147,129,156,144,131,160,152,155,168,158,166,149,130,135,154,156,159,170,146,143,158,156,143,145,155,149,140,145,153,136,165,144,142,153,150,129,150,141,129,154,151,142,143,162,139,147,156,157,145,142,164,150,148,144,146,141,156,158,141,164,164,129,140,153,155,140,129,156,146,156,150,155,158,161,164,139,152,156,164,151,152,148,143,162,136,163,155,170,163,162,140,147,167,138,156,144,161,150,151,157,135,146,149,133,166,139,148,168,147,155,137,165,151,153,158,151,147,155,145,141,161,145,140,135,132,152,156,155,155,143,150,147,149,168,156,146,155,145,131,117,158,154,153,138,133,152,150,155,153,141,141,148,139,162,136,171,144,136,155,151,152,142,143,144,158,143,174,159,142,157,141,149,151,155,148,145,141,163,158,150,147,167,151,155,145,148,138,137,148,136,140,146,146,149,135,136,157,148,146,152,141,158,158,157,149,149,143,137,139,156,160,165,143,150,155,152,153,168,154,139,147,144,152,143,135,148,124,155,141,139,148,144,160,141,158,148,153,148,146,145,164,148,161,161,143,133,137,153,158,153,133,164,149,154,145,168,147,155,145,147,157,143,145,143,152,148,165,134,143,122,140,140,149,152,150,161,131,158,159,156,153,146,149,155,138,135,145,151,145,152,137,164,152,156,123,133,160,153,152,176,132,150,146,148,137,148,140,149,155,156,159,142,155,155,153,147,151,147,137,157,169,152,147,167,149,156,177,144,150,157,143,149,145,152,138,154,137,166,157,152,159,145,161,146,155,157,144,145,146,156,156,153,161,147,171,148,136,142,152,156,138,152,148,145,163,147,153,163,159,139,139,149,164,150,158,145,161,156,156,173,178,155,169,148,160,157,152,156,160,159,168,160,153,170,158,158,148,159,150,154,136,136,137,165,146,136,153,154,147,149,164,143,146,145,146,165,148,133,153,134,136,131,162,156,156,161,169,158,149,150,144,145,145,139,148,158,150,144,138,148,156,153,151,145,147,141,153,149,149,136,156,144,164,146,154,156,149,147,150,154,156,161,164,133,138,128,145,126,175,162,144,134,163,154,156,145,162,154,143,139,131,158,152,143,147,136,143,141,163,146,156,147,134,153,153,146,149,147,154,138,149,146,144,137,164,129,124,154,168,152,150,157,146,162,146,156,150,144,143,154,165,132,162,159,162,163,153,160,157,148,143,145,149,158,137,141,142,137,169,146,135,137,154,141,132,149,151,148,145,159,148,154,143,159,144,142,151,155,142,131,158,156,146,136,155,134,149,155,132,163,155,156,136,134,136,149,162,141,139,152,153,184,156,155,137,142,135,138,164,170,130,144,142,154,152,148,150,141,156,152,143,150,149,160,152,150,165,142,158,149,158,147,157,155,121,146,149,155,169,156,145,123,169,160,150,127,158,159,152,158,134,143,142,155,187,145,135,147,127,155,142,139,160,159,154,146,152,149,130,148,152,146,144,136,151,158,144,162,149,155,159,166,148,146,156,142,164,157,158,165,181,141,146,139,149,136,158,134,143,143,145,148,144,138,164,145,152,146,159,162,145,134,148,134,162,156,157,141,133,150,162,149,152,135,146,151,135,145,153,142,141,152,145,143,154,139,143,181,157,154,151,149,138,144,150,138,147,151,158,148,151,162,146,143,143,137,146,158,155,147,168,153,161,148,147,164,138,150,128,140,152,171,169,150,147,168,142,145,151,156,159,148,145,155,131,146,146,139,142,179,167,150,142,140,140,145,126,145,151,170,156,152,136,159,156,145,158,151,124,140,141,134,153,157,148,148,162,150,162,149,163,148,150,150,161,153,140,140,139,167,147,140,151,155,145,150,145,148,157,157,167,157,146,144,142,149,148,141,168,153,135,149,151,153,134,158,155,140,142,153,150,157,153,150,153,129,156,167,151,154,144,155,155,153,127,154,171,165,141,144,141,140,139,148,159,136,130,144,136,154,135,151,156,149,155,151,132,138,173,160,132,161,151,154,157,141,135,149,154,141,152,170,141,151,157,127,156,146,148,145,146,124,164,126,156,147,156,142,156,159,152,145,160,140,147,149,131,132,142,144,139,151,140,153,142,174,176,127,141,134,138,152,156,157,160,136,153,144,139,142,137,142,150,147,166,148,140,151,158,148,136,153,146,157,147,141,154,157,156,134,166,130,161,140,151,152,156,143,158,154,136,164,162,159,157,151,158,134,139,143,145,151,155,161,149,141,157,140,172,142,158,147,146,145,159,145,162,158,165,157,149,133,159,144,142,139,159,152,160,161,157,156,151,162,159,159,156,166,151,160,153,159,150,149,159,152,144,153,155,154,130,154,147,145,149,143,153,152,134,162,148,167,148,140,168,141,135,153,160,155,142,131,150,133,146,142,133,143,146,154,139,136,165,143,171,149,145,142,157,154,156,158,156,143,155,142,169,149,150,150,145,139,143,151,151,148,156,144,142,145,152,140,161,156,152,155,157,146,161,159,164,136,140,155,165,158,144,146,142,161,153,142,160,126,155,156,139,162,156,149,162,146,151,146,137,148,139,168,147,154,141,168,156,154,157,139,138,157,157,148,138,149,148,159,143,135,147,140,154,149,144,140,157,157,171,167,142,161,138,154,139,152,158,153,163,151,128,162,161,146,157,155,169,155,145,146,148,151,144,151,134,160,164,145,162,158,160,147,139,144,151,157,154,139,148,167,156,150,148,160,134,141,152,141,144,152,153,157,139,164,130,167,139,138,151,134,130,142,138,140,144,169,158,160,143,148,147,166,158,156,153,131,144,157,178,145,157,140,143,145,168,131,151,148,148,153,148,138,158,160,143,136,152,163,148,158,130,140,134,146,133,155,142,134,167,137,118,144,144,164,155,157,154,147,145,159,157,154,144,150,146,138,128,135,152,144,146,147,152,157,150,129,143,153,159,120,154,153,136,163,148,155,149,135,128,139,134,159,149,166,143,164,151,162,157,136,141,146,138,155,135,133,156,138,141,165,151,147,156,130,143,146,147,145,170,161,151,146,159,132,151,143,154,142,148,166,155,150,145,142,146,138,157,150,156,159,157,160,152,128,164,149,142,150,155,150,151,139,127,157,166,149,142,150,145,157,149,155,172,144,144,174,174,151,164,160,156,152,148,145,163,131,145,159,165,142,147,133,139,153,139,127,142,166,145,152,156,158,155,152,158,153,151,158,134,133,169,177,161,136,149,143,157,137,150,169,156,142,145,145,161,148,162,135,151,144,149,163,149,167,147,155,146,154,148,157,161,160,170,167,148,148,142,141,158,140,144,155,136,149,149,151,162,144,146,150,140,152,156,162,144,134,148,145,138,139,121,158,160,154,147,145,145,159,141,139,140,163,152,157,153,143,146,156,144,152,144,147,166,155,132,146,157,150,145,152,159,166,151,133,146,156,138,146,163,139,148,146,157,157,158,138,165,163,144,148,153,159,145,141,171,165,151,151,138,144,143,154,165,145,171,144,153,162,148,145,131,152,161,141,151,157,142,135,143,181,166,143,139,144,149,135,140,154,142,140,148,166,159,159,153,150,141,149,148,160,142,161,133,142,157,164,151,139,137,159,157,150,118,160,156,151,165,140,162,149,151,165,155,132,168,122,153,137,164,144,170,148,179,134,158,163,147,141,151,161,154,151,152,149,139,152,150,144,149,147,155,162,154,156,159,142,146,133,142,153,122,143,159,152,155,151,141,137,161,158,140,140,148,155,140,154,155,165,148,172,138,144,165,150,158,143,148,137,149,148,149,162,142,140,137,152,153,148,146,162,157,145,157,149,146,151,171,149,150,151,148,149,152,145,145,166,162,160,165,170,156,159,152,136,150,141,165,138,146,157,147,156,157,148,169,144,160,146,150,148,146,160,156,175,142,167,138,166,161,142,178,178,170,160,142,137,164,148,154,143,134,144,140,133,142,107,133,133,154,144,168,140,145,143,134,166,156,148,141,149,138,160,162,155,133,169,153,151,144,141,145,156,144,146,159,128,157,162,152,153,148,136,145,148,134,146,150,160,162,163,166,162,162,165,125,158,148,169,153,149,142,145,170,153,152,140,147,139,148,162,148,153,153,150,150,142,134,174,167,149,138,143,150,150,148,158,154,154,159,143,144,149,140,144,156,141,142,123,152,127,171,150,153,169,143,166,163,157,156,160,155,141,162,182,150,147,136,153,144,147,166,145,164,173,143,165,149,142,145,148,146,142,136,150,135,150,131,156,146,149,167,146,159,139,157,157,158,147,146,161,139,161,137,139,156,149,161,155,139,149,139,148,140,151,146,130,155,159,151,154,148,152,163,146,143,146,160,136,144,150,146,157,177,156,168,145,170,149,152,144,172,141,163,154,150,169,155,137,154,143,163,156,159,162,146,145,150,144,155,156,156,146,144,146,161,148,147,180,141,156,131,160,145,147,144,135,147,170,143,153,142,147,159,139,134,140,162,136,134,143,154,143,150,129,143,152,153,162,155,170,145,155,133,154,141,140,147,160,125,161,163,143,141,133,137,143,159,154,153,144,151,147,151,146,146,144,133,154,138,145,144,136,154,143,162,155,150,160,141,128,155,167,138,145,148,140,149,134,148,135,141,136,172,147,147,145,149,121,156,153,147,161,150,150,145,156,142,148,159,154,154,177,153,167,166,149,166,145,136,146,153,148,148,141,150,151,153,143,147,140,146,161,149,147,158,155,170,140,144,132,153,140,134,154,139,139,144,158,138,151,149,142,131,149,149,155,139,145,146,150,146,159,150,151,136,140,145,126,149,159,152,161,148,149,142,151,161,151,139,161,128,152,162,172,121,139,154,132,162,131,166,168,138,145,134,153,147,174,142,157,150,166,145,168,162,154,157,142,160,165,149,151,144,133,129,155,156,137,135,157,169,145,167,147,150,150,133,128,159,147,150,151,141,149,153,165,148,145,155,150,155,150,173,155,165,160,149,148,145,132,157,145,153,160,160,132,151,149,164,151,144,139,146,149,176,167,152,142,145,155,143,152,159,165,152,161,157,138,144,135,158,151,138,160,150,141,146,153,151,165,151,168,151,155,142,143,156,165,156,165,170,142,158,161,154,173,157,143,143,157,153,162,159,167,149,135,135,136,162,155,152,148,144,157,158,142,154,155,167,151,151,155,170,138,153,153,162,144,146,127,144,145,145,157,153,141,151,151,154,149,171,168,168,147,156,139,144,158,144,144,154,143,144,168,163,154,149,154,154,143,169,157,149,156,147,149,149,150,175,149,159,151,132,164,145,146,162,160,152,155,150,149,170,165,149,148,164,156,151,133,146,146,157,179,144,146,159,136,140,155,151,160,154,152,134,153,148,141,158,147,158,163,158,154,146,136,154,139,156,155,151,165,145,140,152,144,149,152,158,164,141,149,142,131,147,145,140,115,144,153,146,145,154,158,135,137,156,162,143,150,162,147,145,161,179,149,153,143,146,148,146,158,142,135,157,164,141,138,133,137,143,140,173,152,150,155,168,155,137,144,151,153,157,142,143,151,145,162,157,179,160,165,142,145,134,145,150,153,156,157,148,147,125,150,161,142,145,166,155,145,130,148,143,158,129,166,155,145,138,134,165,146,144,142,137,164,155,146,150,151,157,156,140,138,145,158,169,155,148,139,142,153,152,143,167,140,152,150,155,138,155,151,150,154,143,149,165,146,143,169,136,125,151,161,141,144,162,158,171,139,151,141,160,136,145,148,168,155,129,151,160,144,154,148,135,151,164,154,143,136,169,164,144,141,159,144,129,148,130,148,138,152,146,150,140,163,148,156,147,169,163,138,153,129,155,155,128,140,148,159,149,142,150,149,139,155,171,152,141,138,146,154,144,168,150,168,127,162,140,168,157,141,148,151,142,149,151,152,133,150,158,157,140,157,141,148,159,149,147,158,146,164,155,127,154,150,157,158,142,144,158,160,138,163,149,145,163,148,131,154,153,162,167,158,147,149,148,138,147,166,161,161,141,134,143,147,128,147,146,149,129,157,133,157,157,159,156,143,171,145,143,159,152,156,168,144,150,157,145,169,142,158,151,139,136,161,140,150,153,121,157,141,148,154,159,152,155,137,142,156,162,151,160,138,157,147,154,149,164,153,146,153,156,143,154,150,166,148,160,140,159,141,148,153,168,156,170,123,143,154,168,153,141,159,161,144,159,161,161,140,143,139,150,133,142,156,140,145,150,119,144,136,169,162,155,165,135,142,174,149,130,153,146,161,143,165,146,168,150,151,166,152,134,136,149,146,144,156,151,145,154,146,145,139,139,148,162,147,150,137,144,152,151,154,159,139,133,149,156,142,151,141,139,139,141,129,148,160,140,154,154,139,147,134,150,157,152,156,151,148,150,148,154,143,151,153,137,146,145,159,141,161,144,135,139,138,138,152,165,146,151,150,146,164,150,164,152,140,151,143,139,156,143,169,157,137,151,172,155,149,149,132,173,143,148,160,153,151,146,140,146,145,158,175,152,162,156,162,135,155,175,137,148,142,145,139,170,175,147,133,149,150,152,144,143,154,154,144,135,152,133,138,151,166,151,156,142,131,159,141,149,148,138,139,156,142,152,164,156,152,173,157,130,144,159,155,147,155,146,150,133,143,146,163,154,146,143,163,151,153,144,148,132,134,160,142,143,138,152,148,148,148,140,131,132,145,144,149,157,150,136,147,146,148,130,152,152,143,148,147,132,145,144,148,142,149,159,165,151,149,139,168,148,168,153,153,154,139,153,147,153,144,150,150,176,129,151,141,156,150,137,133,142,164,141,159,143,145,160,150,146,159,157,143,150,154,143,140,143,141,162,158,158,164,162,156,146,127,159,160,157,148,158,151,137,146,149,144,145,152,139,165,152,161,155,140,145,167,155,160,153,127,138,163,144,147,143,162,171,157,155,169,150,152,155,161,156,144,153,156,162,163,149,145,157,146,140,134,152,143,130,133,158,129,151,155,166,162,148,144,146,160,140,144,154,156,141,145,133,140,141,152,140,140,182,154,138,146,158,151,150,145,141,158,139,149,151,152,152,142,138,150,162,125,161,136,155,158,147,151,142,168,147,127,155,150,142,140,122,168,154,154,154,139,156,153,149,162,146,152,132,165,143,142,141,149,153,141,161,155,161,169,158,156,147,130,154,140,158,159,155,129,155,161,157,147,155,154,131,160,152,135,154,151,149,153,146,162,146,156,151,160,157,172,156,168,145,144,141,148,143,169,143,155,158,144,152,145,146,151,159,163,152,164,141,153,152,140,155,142,157,123,148,137,136,141,162,143,138,163,157,141,158,164,151,154,140,159,148,126,149,135,136,156,132,150,145,140,158,172,123,149,129,136,117,135,165,162,170,156,159,167,144,156,149,149,140,159,153,165,158,131,154,157,137,136,163,162,154,160,171,160,151,156,145,133,126,174,135,143,164,154,155,137,145,172,139,146,151,142,149,149,164,170,153,140,120,155,143,166,137,122,143,153,151,147,151,162,151,148,139,169,142,159,147,156,145,150,160,149,132,138,133,148,148,146,151,165,159,150,160,151,141,143,141,157,146,155,143,148,154,135,156,177,157,138,165,130,151,142,133,145,141,152,147,146,138,163,146,158,146,150,143,159,144,143,157,148,133,149,137,145,172,154,148,146,153,163,134,165,147,150,165,148,135,151,143,152,140,134,147,157,147,138,157,153,152,150,142,137,154,143,155,152,180,133,151,146,149,145,152,145,149,159,151,145,149,152,150,157,140,151,142,153,145,152,153,141,155,134,166,159,141,146,155,143,143,144,170,140,140,164,172,149,164,154,148,164,143,133,150,141,157,155,163,153,147,143,168,165,136,151,161,175,148,139,137,145,141,145,148,152,158,148,146,156,159,144,140,141,155,140,159,154,155,132,162,160,153,163,130,146,153,169,148,154,166,175,157,151,150,160,157,146,123,150,148,160,133,141,145,127,153,147,152,154,145,138,153,151,138,140,163,151,168,145,137,122,154,143,148,147,131,168,137,139,152,156,165,146,137,138,134,142,160,134,146,145,152,158,137,151,164,143,155,147,144,149,149,142,145,169,157,151,146,141,145,149,146,130,145,155,161,144,133,140,174,143,152,156,148,145,154,151,158,140,151,151,134,154,156,145,149,164,146,173,125,147,155,155,149,153,171,138,131,137,141,141,166,142,135,147,151,155,154,147,164,148,140,159,144,138,140,135,141,132,152,139,136,165,145,140,162,159,145,162,161,143,156,158,157,147,144,150,156,154,167,168,158,147,149,165,160,154,153,155,150,162,153,138,140,155,140,156,124,151,162,145,142,132,152,149,161,153,146,135,157,142,132,162,139,149,162,156,149,145,156,132,172,132,153,147,142,148,161,142,160,151,166,152,155,165,140,164,149,144,165,154,155,158,151,146,155,150,145,152,147,163,137,136,149,136,146,154,161,163,143,148,136,151,133,153,145,136,154,146,140,161,147,139,156,133,160,136,150,155,139,157,155,144,157,153,150,144,162,157,147,149,164,142,139,145,144,140,163,144,162,139,169,150,142,151,160,150,155,145,158,140,176,161,166,141,151,157,148,141,146,161,138,160,129,160,135,138,165,173,140,145,142,133,143,146,161,147,135,164,154,144,149,169,144,154,153,145,152,159,154,147,142,152,144,148,162,150,150,138,146,159,156,133,157,129,143,141,148,149,130,154,162,144,166,159,139,166,140,160,151,148,157,162,141,156,140,141,127,138,152,157,138,143,142,166,148,147,146,143,136,136,161,166,161,152,147,155,142,144,153,137,154,145,170,156,130,145,158,137,149,165,169,144,146,157,157,136,161,159,169,142,140,146,143,160,147,138,152,150,160,155,149,147,148,143,150,151,138,172,156,129,152,154,153,163,161,167,141,161,147,151,140,147,139,151,162,148,143,149,152,152,157,141,145,155,153,148,152,167,159,130,137,144,154,162,147,154,153,155,157,159,140,156,162,154,155,147,143,145,154,132,155,146,138,145,142,186,151,156,149,145,161,157,150,143,164,128,150,154,144,152,155,154,145,148,152,154,136,152,155,161,149,167,143,150,149,157,150,162,158,146,153,166,141,158,140,140,160,166,171,138,165,152,152,158,149,160,152,151,139,155,155,144,159,151,151,143,147,147,136,160,150,145,171,165,142,148,156,159,128,162,149,151,161,138,167,160,167,163,151,171,145,160,159,157,158,144,171,153,153,150,144,152,151,132,130,134,149,168,160,141,147,140,156,143,161,146,145,154,145,169,162,163,137,157,130,153,147,153,144,174,159,140,146,151,147,146,155,162,165,138,149,144,143,147,166,150,125,141,158,148,169,173,130,138,144,154,122,145,148,133,137,140,135,148,142,169,142,163,150,141,149,140,148,134,149,155,147,154,137,152,159,150,135,127,148,159,153,153,145,141,164,160,148,135,155,135,148,170,153,151,153,148,159,149,137,130,158
150,151,139,146,139,176,150,133,147,155,173,148,162,153,125,160,143,147,169,132,145,150,140,152,144,166,162,147,169,155,139,126,129,164,142,149,158,165,164,140,150,149,139,162,137,145,146,140,144,164,145,152,144,149,160,162,162,159,151,152,154,137,143,125,156,154,154,150,134,150,143,149,156,151,127,153,156,135,167,146,161,145,148,145,158,167,154,154,142,150,147,151,158,153,138,153,154,147,145,148,154,137,153,158,137,165,151,146,152,181,156,146,166,173,159,153,152,170,146,156,135,154,141,144,141,153,153,170,139,166,133,159,155,160,144,157,162,141,153,145,145,151,147,163,147,165,140,165,141,150,129,160,175,155,159,135,147,156,139,153,153,155,162,147,130,157,138,137,159,157,140,155,160,146,163,143,139,145,151,142,132,160,150,152,153,148,160,152,143,143,161,129,158,151,150,144,149,134,146,145,144,143,137,151,149,145,143,149,140,150,149,141,154,149,144,160,162,143,135,157,137,168,157,157,151,144,145,160,166,148,157,131,154,176,142,151,160,158,132,146,166,153,142,147,160,153,146,146,147,142,149,157,167,151,137,166,149,158,154,150,148,163,146,155,135,149,145,156,143,161,141,148,146,158,151,160,142,147,140,149,135,154,142,140,137,150,166,122,154,142,141,148,157,127,142,146,153,146,156,151,177,172,153,144,143,143,138,137,150,146,153,156,163,155,155,147,132,159,169,142,142,140,161,148,147,148,154,138,129,139,159,153,159,156,152,141,144,158,149,151,140,132,167,152,145,147,142,162,179,147,136,154,132,156,153,153,148,148,142,157,166,166,154,144,150,150,151,151,163,160,146,139,149,160,138,144,149,144,167,158,176,152,136,136,150,156,149,165,170,153,149,145,123,145,150,137,154,150,163,160,145,154,148,140,125,165,138,155,144,143,158,151,156,156,146,151,144,155,149,154,145,136,149,146,162,155,165,145,158,169,135,147,168,134,158,153,160,142,163,136,164,161,159,132,163,134,129,154,131,181,149,168,149,167,138,152,148,142,141,122,154,153,153,131,153,143,152,159,163,149,150,163,155,151,151,151,135,139,151,144,140,164,151,141,156,142,167,148,146,160,159,153,170,151,152,152,146,155,127,138,157,146,145,158,128,146,137,146,175,163,149,139,152,148,151,163,151,141,147,151,142,167,156,145,154,146,157,154,157,146,132,146,152,152,150,139,146,138,150,158,159,162,159,151,150,134,147,150,148,168,152,146,157,146,151,152,165,161,158,154,167,143,146,154,149,150,150,158,139,142,151,131,138,143,153,142,139,151,134,149,151,156,158,150,139,152,169,160,143,156,149,152,153,137,156,154,138,179,164,168,154,154,159,149,156,148,147,135,145,144,151,160,145,155,150,149,153,167,134,143,142,150,161,139,155,144,150,146,141,146,178,157,161,140,146,149,123,159,140,146,157,161,139,150,148,154,143,148,136,142,161,149,154,145,159,132,171,155,151,159,161,133,166,129,160,161,152,133,144,143,133,151,145,155,139,142,159,156,157,138,137,133,162,154,143,147,145,130,141,152,145,141,143,128,140,143,144,168,147,150,158,145,137,151,158,143,166,155,159,159,151,162,139,153,165,165,133,139,167,141,148,147,155,161,155,139,157,156,147,143,148,161,149,136,162,137,156,141,156,137,148,145,162,155,148,153,130,137,141,146,145,142,131,152,139,152,172,152,124,165,136,148,128,132,128,151,143,147,130,145,147,155,138,148,135,145,149,145,148,147,160,167,154,152,152,141,152,139,139,146,146,130,155,150,154,138,138,146,144,149,150,140,144,159,144,156,142,134,158,148,146,148,159,152,146,154,144,160,166,137,158,148,150,153,139,141,144,154,162,126,144,162,150,138,144,152,136,160,167,149,138,152,151,161,151,143,131,158,169,142,157,142,152,158,146,159,148,177,145,155,152,159,132,146,149,145,142,165,151,153,146,162,147,162,162,136,145,139,152,142,150,148,150,153,140,165,152,161,155,139,151,148,149,144,141,138,142,155,144,132,154,161,157,154,163,167,164,165,149,152,151,178,142,137,154,140,128,152,144,150,155,151,134,160,152,166,166,154,148,138,157,159,147,174,158,159,163,152,148,140,144,146,151,160,149,147,144,158,146,153,146,164,157,167,138,164,160,166,145,146,154,150,146,151,159,132,145,173,147,135,166,149,164,145,140,136,153,142,136,156,141,136,140,155,166,150,153,152,151,154,135,129,161,144,136,141,144,157,177,148,150,164,162,141,143,148,153,162,141,176,156,142,151,163,156,146,160,151,148,148,167,167,166,151,146,166,143,156,157,142,152,139,147,160,136,151,161,135,146,140,160,160,135,146,169,159,159,137,132,128,163,147,153,146,148,173,147,153,141,149,151,159,148,151,146,150,155,153,136,146,142,143,141,156,151,161,170,150,124,143,140,142,157,135,156,145,140,157,141,145,150,149,148,149,167,158,149,159,165,153,153,158,155,142,136,143,129,155,154,157,163,148,143,145,158,154,159,159,146,147,154,146,161,140,148,163,158,166,132,129,149,141,140,133,135,149,143,144,147,162,141,143,136,137,150,159,164,137,176,155,154,143,146,157,139,152,155,149,150,148,146,152,143,145,154,138,149,162,155,154,168,159,147,153,149,142,152,144,135,149,150,146,152,167,142,161,138,156,154,154,136,162,152,144,150,142,141,130,162,147,147,144,154,159,160,145,150,146,135,157,153,151,151,134,149,156,160,150,153,158,167,136,141,134,159,146,165,148,163,157,158,146,166,149,154,159,163,147,141,153,156,157,149,155,135,146,161,166,139,150,138,166,151,116,147,159,139,147,148,153,137,155,145,165,163,140,138,147,147,137,139,154,151,145,142,146,151,142,157,160,143,146,146,158,137,151,143,154,175,148,156,143,140,153,149,165,163,139,140,141,155,147,145,169,149,145,152,149,150,124,165,156,147,150,168,159,147,147,152,151,140,142,152,129,148,144,158,139,145,161,159,145,157,148,146,148,150,142,162,136,162,149,156,149,158,161,164,131,156,142,128,154,146,147,145,151,159,156,150,163,158,158,135,159,149,151,164,140,158,149,157,148,143,158,142,133,155,142,160,156,152,156,156,139,153,146,158,140,141,146,150,158,151,140,134,140,160,148,142,154,167,128,133,134,149,158,160,140,152,152,161,145,143,149,130,164,150,145,141,141,146,159,152,145,158,156,150,129,137,157,145,157,153,154,165,143,148,143,143,144,163,161,149,154,149,139,152,163,155,138,145,152,151,144,158,159,157,138,148,155,142,145,142,161,148,156,154,141,144,165,151,146,154,135,148,158,126,139,149,138,153,157,178,142,135,150,141,160,144,155,148,132,138,148,162,148,143,155,159,139,148,142,137,149,158,149,148,140,153,155,134,158,132,152,143,164,164,154,169,163,149,151,150,156,154,144,160,148,150,148,163,161,128,163,144,156,137,167,153,150,169,137,139,140,156,160,160,150,158,164,129,139,138,154,150,168,148,137,154,127,142,148,143,146,144,143,149,166,162,146,145,130,148,157,148,140,168,152,145,155,136,145,179,154,145,146,160,149,143,168,133,168,145,148,138,166,153,158,143,150,147,133,156,153,158,144,147,151,162,157,149,148,155,159,157,164,150,144,147,146,141,146,156,162,168,137,156,160,156,143,138,165,138,147,148,145,148,151,148,159,163,150,176,163,131,147,147,160,146,156,140,145,141,139,157,148,135,145,147,136,142,142,155,143,140,145,143,152,128,153,166,144,155,148,147,159,149,146,152,154,144,160,142,165,133,153,148,156,144,156,138,167,151,148,142,158,141,135,131,165,153,163,146,145,154,155,163,152,145,137,151,145,159,153,136,153,159,132,138,154,143,156,151,147,141,171,139,147,156,143,130,150,157,148,158,145,167,150,135,142,153,159,136,149,147,159,154,168,139,162,168,150,132,156,147,142,140,134,137,150,153,144,139,145,150,135,143,165,157,149,160,161,131,166,152,155,144,138,139,134,140,142,156,157,163,165,150,149,133,168,159,166,152,152,157,145,143,154,151,151,143,157,153,165,145,136,152,145,152,151,150,135,161,146,146,143,143,155,156,144,158,130,130,135,149,160,168,135,150,157,156,139,150,139,152,155,136,148,140,129,130,136,154,152,137,151,156,153,146,143,157,164,134,144,138,152,153,149,149,157,144,146,141,133,155,161,144,158,159,145,146,154,142,146,163,149,150,137,143,161,154,141,163,164,149,157,151,147,130,163,131,162,157,167,150,138,145,148,151,154,145,138,147,143,142,150,146,145,157,160,146,159,134,157,132,153,132,161,150,135,144,167,147,151,156,134,149,129,161,141,160,159,139,158,159,171,174,163,150,147,142,155,160,165,170,154,154,132,148,154,185,155,158,131,145,143,154,169,148,171,150,147,153,156,135,147,169,148,131,161,150,146,161,143,135,151,139,148,157,152,179,137,153,142,158,132,167,157,137,145,162,148,152,154,155,154,162,146,144,132,146,157,130,140,147,147,128,158,138,153,150,138,145,143,153,144,153,142,164,164,149,139,166,152,151,148,163,145,165,146,171,152,153,147,147,162,149,144,168,148,134,134,134,167,140,150,157,148,144,153,140,152,151,149,166,167,152,145,117,149,162,141,138,167,156,140,165,154,152,154,157,142,134,163,149,150,142,150,137,163,155,145,162,117,149,151,169,148,141,160,152,153,148,147,164,154,164,140,129,134,159,156,141,125,152,145,144,130,160,155,143,141,146,160,156,136,157,158,143,134,139,152,144,157,148,143,155,147,165,156,154,154,134,147,146,138,139,152,129,145,138,152,154,156,152,147,156,153,153,139,147,137,133,154,156,160,151,154,140,153,141,146,145,141,156,143,135,151,157,154,155,140,161,162,143,164,148,149,156,150,167,125,149,147,165,151,138,144,143,157,163,165,137,170,133,139,152,143,153,164,138,132,161,147,140,139,142,164,143,147,152,160,155,149,147,152,160,152,163,146,138,168,150,145,152,132,152,155,145,151,140,149,163,156,133,134,138,149,157,152,156,156,140,149,154,134,161,142,161,152,128,160,145,158,164,129,162,162,170,156,143,150,157,142,176,158,153,139,163,145,145,149,146,137,163,151,134,158,133,155,134,145,147,142,167,148,152,159,141,147,143,129,164,158,131,156,125,156,142,141,141,143,149,146,156,149,154,141,162,168,157,143,141,164,147,149,164,158,156,146,146,141,139,155,141,142,160,156,151,150,135,146,144,155,143,128,161,157,125,142,150,167,160,126,156,147,142,174,130,154,155,142,156,172,159,163,163,147,179,163,132,162,137,155,145,160,159,144,153,157,158,153,163,166,173,139,152,149,158,158,156,138,154,135,152,174,154,157,151,169,163,180,133,148,144,156,134,135,138,161,145,153,145,146,143,141,161,147,154,131,146,157,148,147,160,158,141,150,153,144,150,157,160,156,157,146,145,145,149,144,141,153,161,152,135,147,155,160,149,155,155,140,154,158,140,141,173,144,136,138,172,147,143,157,147,181,149,167,132,147,142,133,166,140,139,141,136,150,154,160,161,142,157,142,143,132,157,135,161,146,146,162,135,155,141,148,143,137,139,142,125,146,150,147,170,170,128,166,145,150,139,143,148,140,149,138,139,160,144,153,135,148,151,135,131,148,161,150,147,158,144,152,150,145,145,157,156,159,149,165,139,148,145,151,160,149,150,163,141,149,162,144,150,129,153,172,127,149,153,147,148,152,158,155,171,145,149,152,155,154,148,160,128,147,161,147,167,125,150,153,145,167,144,153,156,143,142,144,166,143,146,158,154,157,153,126,155,148,148,154,154,138,150,146,145,150,129,153,138,145,152,154,162,155,157,138,163,135,145,140,157,161,149,158,168,157,148,161,151,163,145,150,140,147,143,157,141,137,154,175,153,149,152,157,147,140,140,165,147,158,143,135,143,156,160,142,139,151,160,153,151,153,152,153,151,158,159,146,153,146,151,151,153,153,146,154,177,135,154,147,150,149,153,165,148,138,140,170,168,150,149,154,169,173,151,148,165,152,155,141,139,150,148,143,137,136,154,140,148,154,151,143,141,148,149,156,139,154,167,156,151,162,145,152,148,148,165,147,149,160,159,151,142,176,177,157,143,159,156,147,141,149,144,156,141,152,147,142,142,145,158,155,172,138,136,155,132,145,153,165,156,170,141,143,160,137,142,165,143,136,152,154,134,138,166,153,146,145,145,160,125,174,153,150,161,172,152,141,122,146,153,134,156,168,162,147,143,157,171,143,143,157,138,148,142,143,127,136,154,156,161,173,179,140,178,148,151,143,156,150,135,138,147,158,146,156,141,133,132,133,133,141,152,146,162,160,171,153,182,149,160,137,150,152,143,149,151,149,154,149,132,138,148,155,152,133,152,147,149,155,152,125,156,137,151,144,133,146,146,152,160,158,160,159,146,134,154,146,164,146,137,152,146,161,156,148,128,165,163,135,142,144,145,152,158,175,150,148,148,152,141,145,148,171,147,141,130,154,168,150,161,153,164,159,144,151,157,152,154,135,150,157,142,162,146,145,139,159,137,140,139,148,168,141,147,150,148,149,142,159,147,159,150,134,183,155,172,156,160,146,166,152,157,154,142,158,137,155,152,172,138,159,150,162,147,132,170,163,160,159,145,151,144,151,141,149,142,154,148,158,157,137,144,164,143,162,145,123,164,158,168,137,145,132,155,163,146,140,152,151,163,154,145,146,137,160,160,156,142,170,151,150,148,138,154,153,149,135,157,155,152,135,127,164,131,132,142,178,152,140,143,150,150,152,148,172,139,149,149,143,149,154,156,151,157,159,145,133,136,150,153,161,133,142,152,163,160,141,167,139,160,158,150,155,151,139,143,145,154,144,152,161,155,158,153,141,137,154,167,151,156,158,162,149,159,154,152,154,160,155,148,140,161,163,143,156,131,152,146,150,155,135,148,145,126,168,134,149,147,146,157,135,156,136,160,150,152,157,150,152,145,129,147,142,167,139,159,175,136,145,154,153,143,130,148,150,140,157,146,147,144,140,152,163,160,164,150,148,139,139,164,135,154,163,138,164,150,153,157,141,131,143,163,165,154,144,138,148,154,147,132,155,127,169,145,137,145,153,169,154,149,165,145,136,151,141,166,154,155,173,148,152,132,132,156,150,134,155,161,155,166,164,152,152,164,147,164,143,145,134,124,148,137,182,134,143,147,136,154,161,133,150,138,125,155,163,149,150,156,157,142,153,156,150,142,146,138,137,165,118,151,138,147,144,149,139,147,152,154,125,149,147,146,170,145,154,159,144,149,152,149,157,142,135,136,141,153,141,156,150,147,149,135,164,151,147,132,150,134,154,158,154,145,147,160,156,143,141,166,160,153,157,168,149,149,166,154,165,153,144,131,150,148,157,156,167,155,141,151,152,148,152,149,135,151,129,148,145,149,152,156,150,142,167,145,140,153,160,151,154,155,166,155,151,149,168,151,139,125,156,143,143,155,149,137,165,151,154,153,161,160,133,157,164,150,160,149,164,151,164,138,160,144,133,147,147,160,144,135,159,149,129,149,143,143,159,150,118,147,166,141,143,177,149,162,134,147,156,127,150,159,171,152,145,149,140,155,145,150,144,163,134,131,146,142,146,139,146,153,169,152,152,170,157,126,148,146,161,163,162,149,148,150,165,163,134,157,139,137,145,168,144,144,158,144,145,151,152,137,139,140,136,132,155,137,129,142,155,156,130,167,160,149,137,149,153,166,138,156,151,136,155,146,167,148,152,157,139,139,149,148,147,153,152,147,141,152,153,167,154,140,157,144,148,143,138,181,145,152,168,127,154,159,147,148,155,146,152,123,148,146,141,139,144,130,158,147,151,152,151,162,153,163,162,155,156,156,158,147,151,163,141,149,141,135,143,155,152,143,156,155,158,157,157,154,149,149,148,174,159,145,157,140,157,141,153,162,142,149,131,152,155,157,155,151,162,157,153,131,143,143,139,143,153,152,142,156,142,137,144,144,143,134,153,143,146,159,153,161,160,145,132,147,141,142,146,143,156,151,154,140,148,153,172,160,168,157,152,153,151,142,145,136,150,151,149,152,146,157,164,139,167,143,156,176,148,129,159,146,156,141,161,150,137,140,143,147,162,153,153,147,156,152,148,150,146,152,153,151,136,151,149,131,140,144,162,180,150,150,152,166,167,159,148,140,137,168,154,156,161,160,138,130,139,138,171,155,170,137,150,140,152,155,174,135,139,149,165,151,165,147,160,146,142,149,149,151,161,145,134,146,140,161,162,142,132,150,153,165,170,157,138,174,157,151,155,160,144,140,137,144,144,165,154,140,147,148,151,155,139,147,148,160,148,152,158,160,163,173,138,144,168,152,149,148,155,158,138,165,138,159,149,139,151,142,120,161,163,159,152,153,146,144,145,151,132,168,163,151,141,132,152,154,148,146,145,124,144,147,127,166,129,157,140,154,165,148,158,138,149,148,162,140,174,168,150,170,146,162,159,170,160,150,147,152,156,128,134,157,131,148,156,170,143,143,139,144,152,140,153,139,168,156,145,129,157,152,134,144,162,150,167,132,147,166,155,141,148,153,148,136,157,146,158,151,150,154,146,158,161,169,141,143,154,127,156,149,158,157,149,159,162,143,155,150,151,138,149,150,149,152,154,143,161,143,152,146,139,154,143,162,158,156,153,155,128,164,139,148,155,145,133,170,138,156,138,136,150,152,151,166,155,144,145,148,148,129,169,144,148,158,149,141,144,138,137,129,137,133,142,149,144,178,140,160,158,146,133,141,156,146,140,150,141,139,157,155,135,151,146,136,150,157,144,148,166,134,153,126,171,128,143,158,138,148,152,145,147,153,143,168,164,144,165,150,139,148,153,144,143,142,158,139,152,145,156,128,164,141,149,151,155,172,158,151,139,154,153,165,140,157,144,154,144,138,157,138,153,142,145,149,148,147,150,136,135,159,158,149,144,158,151,163,141,160,145,147,150,146,142,148,147,157,151,157,156,137,152,138,138,132,128,157,154,143,155,174,140,148,168,138,141,160,130,163,153,148,170,151,173,135,162,154,150,152,140,150,153,129,127,168,145,138,143,167,129,147,143,135,146,150,157,149,126,154,163,153,158,129,172,141,149,148,154,158,136,139,155,139,165,156,131,142,152,128,152,169,145,147,145,158,140,163,150,147,144,130,148,163,126,135,144,146,136,145,149,139,149,154,175,141,162,157,150,142,136,156,134,170,161,143,133,164,123,135,134,161,143,148,151,142,153,154,161,137,146,149,152,149,138,150,165,141,146,146,152,162,166,146,133,160,133,162,145,164,159,144,162,139,146,137,156,151,149,155,149,141,186,166,146,155,125,162,161,133,168,155,158,153,143,153,143,155,153,157,148,165,136,141,147,152,145,161,158,157,144,157,147,141,148,165,146,153,160,140,150,145,158,171,162,154,159,145,137,152,151,146,153,136,134,158,144,159,150,159,161,168,147,155,121,170,140,159,169,141,162,152,136,153,143,165,152,139,160,158,144,144,159,148,140,156,130,157,146,140,148,137,144,162,135,161,152,158,133,157,162,160,131,151,147,160,158,154,151,134,155,140,173,162,145,160,158,132,155,144,150,146,155,154,157,151,158,162,157,162,152,161,153,172,174,173,155,161,131,159,152,161,146,165,149,165,136,158,148,148,160,165,129,161,143,162,167,145,171,154,145,143,143,149,145,140,165,165,159,152,165,148,154,155,148,160,136,160,155,157,150,156,138,147,155,139,147,149,138,144,144,158,135,136,135,162,151,158,127,160,148,143,154,145,151,158,152,171,158,145,145,127,144,160,159,145,157,171,127,150,124,150,154,142,169,171,149,154,159,153,136,167,145,154,140,150,157,151,142,134,141,157,149,148,147,141,153,155,139,143,160,160,155,169,157,145,142,166,135,136,139,144,157,154,135,151,144,156,145,165,167,150,150,144,143,150,159,145,149,151,160,153,126,159,161,148,154,150,146,137,148,154,170,157,146,124,141,159,143,148,137,151,149,174,157,151,151,152,145,138,160,163,143,146,156,155,147,151,145,145,154,147,145,150,143,167,130,154,146,175,131,144,133,148,151,142,161,128,157,151,147,145,139,166,143,156,169,156,154,139,160,144,160,138,175,147,139,134,156,138,155,155,139,152,153,149,150,147,152,147,143,149,135,154,159,170,168,159,136,148,155,157,142,136,155,141,143,160,158,161,145,126,158,142,155,155,160,174,140,151,156,149,161,148,128,150,149,157,160,156,157,156,156,145,150,156,148,143,148,148,160,166,145,150,157,144,151,138,132,152,153,155,153,151,151,147,140,153,152,146,153,148,150,153,153,155,143,151,140,155,126,154,137,146,143,140,146,159,161,167,159,141,154,144,143,139,145,140,148,140,160,150,155,162,150,130,157,170,145,153,164,138,161,165,167,155,156,166,139,137,141,162,145,151,142,179,155,155,142,141,152,144,162,154,154,148,152,153,154,164,144,154,170,152,156,156,153,157,161,165,143,153,146,142,157,146,143,143,147,165,150,135,149,151,134,150,144,148,176,139,140,140,146,144,160,119,161,150,151,154,145,168,151,165,153,131,169,155,157,158,162,144,146,165,139,164,148,155,162,157,162,144,158,131,152,156,175,149,153,140,150,154,140,149,142,162,152,157,157,154,151,143,140,149,141,157,141,139,165,151,139,151,138,148,146,136,155,152,150,150,157,151,149,140,157,149,155,162,157,160,154,156,147,137,150,140,154,141,150,143,164,150,137,145,144,139,146,136,141,156,157,157,132,134,154,148,142,141,136,166,136,145,143,158,145,147,128,146,153,161,161,155,136,146,127,130,160,151,159,146,159,162,129,135,157,151,161,171,119,174,141,166,164,152,162,144,137,153,148,164,159,149,147,143,143,154,152,149,158,154,158,152,147,153,143,163,150,174,174,154,173,141,175,134,141,133,147,136,146,160,134,164,148,135,153,158,156,150,143,142,157,152,166,157,160,163,127,136,147,136,150,157,147,137,149,152,138,154,139,145,171,142,148,149,132,142,144,140,162,150,156,141,160,153,140,141,165,157,155,155,164,140,159,151,155,163,140,142,152,155,159,139,147,140,174,155,157,143,138,142,159,146,155,143,148,146,157,154,140,148,148,163,150,146,133,156,156,142,140,152,142,146,149,166,141,165,143,151,151,158,126,132,148,157,152,166,158,139,148,153,129,149,149,149,149,148,144,146,143,146,158,150,159,147,151,146,148,167,153,150,148,151,155,160,156,144,156,136,155,148,142,149,165,152,145,147,154,142,133,146,139,163,133,138,138,137,155,146,136,133,149,147,148,145,143,145,154,149,152,159,151,155,143,154,134,149,148,168,141,142,148,157,135,146,135,139,144,144,129,141,139,137,159,146,154,156,148,131,185,154,133,147,134,149,139,138,164,147,166,156,156,157,144,151,173,140,136,144,166,135,150,159,123,171,155,170,140,142,145,140,155,150,145,150,156,154,154,139,163,142,147,171,160,144,130,146,138,134,171,155,137,159,135,147,166,167,142,162,156,138,161,147,170,134,153,133,148,139,157,169,146,156,158,138,168,152,141,142,139,171,161,159,146,152,154,149,162,153,147,146,122,147,165,160,160,167,166,159,156,139,152,155,143,143,157,166,158,153,144,160,163,162,140,154,174,146,156,143,148,149,164,154,150,148,155,137,143,146,146,134,144,165,156,142,150,140,166,151,156,148,155,147,161,150,150,165,145,128,157,149,125,146,154,145,168,152,151,163,139,139,152,144,131,153,140,155,167,160,125,161,161,137,130,150,149,140,160,153,137,138,148,158,160,148,139,155,152,149,138,163,141,143,143,143,147,149,150,127,144,133,157,151,150,142,136,135,160,144,140,158,141,137,151,142,158,168,137,160,133,171,148,153,149,162,137,157,132,125,153,152,151,130,157,134,134,125,171,146,157,150,145,154,169,149,174,151,143,151,147,161,147,150,125,139,145,158,149,145,143,160,147,153,140,136,148,155,154,159,162,138,154,131,141,170,135,139,148,164,146,138,152,155,145,145,147,165,137,151,159,155,130,152,140,143,173,140,143,147,144,146,145,146,145,144,144,151,147,151,147,130,147,149,147,146,143,148,162,161,153,171,157,150,141,149,156,129,140,153,161,156,136,152,153,148,130,140,151,172,167,159,164,157,171,138,167,153,146,137,140,143,158,147,152,146,166,154,166,169,143,135,155,157,141,151,150,140,121,161,146,143,138,166,165,149,126,154,169,144,139,157,144,155,149,148,153,138,144,141,143,143,166,153,142,155,142,156,175,144,161,131,150,151,148,160,156,149,152,151,161,151,166,138,147,143,160,123,143,141,136,132,156,159,140,163,160,140,160,130,130,136,145,161,144,148,168,149,151,142,157,140,159,146,150,149,148,130,154,149,133,152,172,130,152,141,171,152,144,153,140,149,151,134,164,148,139,156,152,143,162,140,148,147,128,147,148,151,147,138,129,164,142,152,151,149,146,154,150,143,137,143,132,157,163,137,151,153,153,137,146,154,156,164,146,157,161,156,149,153,161,143,162,154,144,155,148,157,145,150,163,137,138,169,148,142,162,154,142,150,157,138,155,157,148,162,145,138,152,128,148,145,157,151,154,163,151,156,156,145,141,141,132,137,162,145,140,158,136,154,139,135,156,149,155,150,168,142,154,142,131,161,152,146,153,138,138,152,152,154,140,142,157,145,144,148,132,156,144,169,117,150,160,157,153,172,162,152,161,138,157,137,148,162,140,157,166,164,146,157,157,148,149,172,137,164,154,154,149,129,147,135,149,157,184,158,163,158,155,163,164,142,153,154,159,138,146,145,148,151,143,155,161,144,146,143,145,156,165,145,151,145,154,155,164,156,161,141,152,144,159,147,142,135,145,156,138,139,153,162,147,164,150,168,156,137,159,148,162,157,157,148,139,165,144,152,156,150,142,152,152,153,165,157,141,150,147,145,142,168,145,138,142,142,152,152,142,159,143,142,153,161,152,139,143,178,133,141,152,146,143,151,168,156,143,155,146,133,157,138,154,146,145,132,159,157,157,156,138,143,165,143,151,136,138,141,147,144,141,177,151,153,151,169,168,144,149,152,157,142,142,146,150,143,157,126,157,140,146,158,144,139,158,153,159,169,148,125,140,148,154,150,144,153,140,157,138,156,135,132,149,136,159,159,137,174,153,156,154,154,144,138,148,145,148,165,150,150,150,161,157,150,147,143,139,157,133,161,154,164,130,147,152,157,143,166,152,146,144,146,156,158,166,157,151,175,153,142,160,125,147,146,146,160,159,146,155,142,152,154,133,154,164,154,154,141,147,147,156,154,153,153,152,146,140,158,147,156,145,145,171,159,129,158,162,150,123,145,152,143,143,144,144,129,151,155,155,137,150,154,144,142,134,138,153,157,153,151,139,144,155,155,135,133,159,151,155,147,154,154,162,139,168,144,167,156,147,147,157,155,139,153,151,137,139,156,136,142,149,168,151,141,147,147,158,143,146,155,141,139,150,157,140,164,168,162,182,146,154,156,152,167,141,117,140,140,163,145,143,164,141,165,169,156,160,138,150,157,147,141,141,126,155,148,140,149,140,146,170,149,157,161,146,169,150,155,135,150,142,153,160,161,132,155,147,137,152,158,147,144,143,152,155,155,165,149,139,147,149,150,143,152,158,150,138,151,144,140,138,135,141,131,150,153,155,149,153,161,150,157,140,165,143,147,163,142,153,140,154,151,150,142,141,140,152,146,149,135,153,145,155,150,138,162,162,162,132,140,159,160,152,147,134,145,166,133,164,148,151,145,157,162,137,163,141,139,139,165,167,167,137,145,132,148,141,154,153,163,149,133,135,164,147,130,158,144,153,151,173,152,160,141,152,151,150,153,154,157,125,136,154,140,141,142,165,167,151,154,154,140,143,160,150,143,147,150,161,150,160,157,138,134,158,142,138,155,150,144,149,152,155,149,166,153,157,165,135,159,144,150,154,158,155,140,165,134,146,142,150,130,179,158,157,145,171,142,155,157,138,155,138,146,132,147,143,151,154,160,147,147,154,156,148,149,137,137,143,146,152,159,151,141,153,156,160,140,139,151,136,174,161,150,161,157,143,145,165,171,145,171,153,149,129,152,148,170,162,165,168,157,149,162,168,155,150,127,151,164,141,141,153,155,154,151,159,145,148,154,164,138,136,154,143,157,151,140,127,159,160,145,156,154,150,145,151,150,132,150,140,140,150,134,146,148,154,145,143,124,130,138,153,132,141,156,154,164,149,158,168,151,155,131,156,160,142,164,155,158,141,151,144,145,134,157,153,157,152,151,153,145,148,152,150,148,142,138,150,171,137,163,148,150,142,155,147,130,156,149,158,158,159,146,140,153,160,148,158,144,156,132,162,174,175,154,142,143,146,151,140,161,122,144,150,162,154,149,148,158,168,165,148,134,161,149,164,136,147,143,162,152,160,159,159,136,148,135,145,157,132,149,166,145,139,134,157,148,136,141,134,141,141,137,146,157,143,143,160,161,147,147,151,127,152,157,167,146,124,144,161,165,167,144,149,151,132,147,168,145,157,135,155,167,158,157,147,159,144,156,145,158,153,153,142,153,149,147,157,152,167,151,130,154,158,156,174,144,155,138,153,144,155,134,136,139,145,143,162,169,148,152,148,142,151,146,151,137,163,155,162,158,156,151,155,158,144,157,154,150,148,142,156,141,156,141,141,141,158,150,139,159,158,161,146,134,137,136,165,135,152,150,155,149,149,175,155,153,148,156,162,159,144,162,137,129,150,168,149,151,142,146,164,161,162,152,147,162,127,151,135,142,162,152,127,154,151,159,141,141,148,165,144,136,149,155,155,160,165,150,144,150,155,158,154,144,157,154,167,142,157,140,155,156,151,158,145,134,162,145,167,172,138,161,148,160,149,143,157,167,144,157,156,149,145,124,148,143,145,154,144,149,142,157,145,134,152,161,151,143,144,146,151,146,159,152,144,137,126,142,156,176,165,154,157,146,158,146,155,136,149,166,158,152,139,154,153,149,165,143,156,151,144,153,152,153,145,133,156,153,148,147,157,157,149,161,142,157,142,148,140,151,147,137,146,153,141,156,158,160,157,143,146,152,148,138,132,156,147,157,153,157,142,160,154,145,159,141,146,155,167,158,152,174,130,167,155,140,143,152,161,147,167,167,137,144,140,154,157,147,144,158,136,143,150,145,167,160,163,157,154,142,147,151,153,146,157,161,133,158,146,142,162,128,162,159,142,152,156,140,141,156,144,136,140,156,135,140,150,154,144,167,148,156,154,142,162,151,153,155,130,136,171,134,138,148,138,152,170,145,151,163,133,155,150,170,153,156,166,149,145,143,169,151,141,139,146,149,158,156,153,141,155,149,150,141,144,161,151,145,150,156,171,151,174,163,153,135,154,162,153,170,161,151,160,158,151,173,144,147,159,145,147,146,149,137,118,150,138,144,146,153,144,140,155,159,149,130,168,136,149,170,145,147,160,149,144,145,144,137,162,172,150,150,138,153,158,140,141,145,149,135,160,138,151,142,139,150,130,152,151,142,152,164,153,158,160,139,149,156,148,163,140,151,158,133,168,153,157,155,159,140,141,152,150,138,153,163,150,166,140,150,139,135,164,148,134,144,165,149,151,150,138,152,140,150,146,133,136,142,156,146,135,147,156,150,155,158,150,133,148,150,164,149,157,165,154,139,165,146,137,155,151,159,167,128,154,151,152,137,134,148,154,144,148,153,149,168,147,133,157,155,156,151,162,129,160,137,149,171,151,151,168,161,148,147,124,156,155,165,134,153,137,146,151,149,146,135,159,140,161,165,155,148,163,144,175,158,154,162,136,143,133,143,147,160,163,146,155,147,136,150,137,150,159,150,148,156,159,146,141,157,161,145,144,155,151,151,167,156,160,138,151,131,159,170,161,156,145,153,161,132,146,158,139,144,149,164,155,157,149,161,146,149,169,153,151,153,142,162,154,153,147,137,151,142,156,153,172,157,147,155,136,157,161,139,138,163,142,153,168,141,154,151,148,156,151,137,143,160,142,138,134,145,155,145,149,163,155,148,137,156,164,144,164,126,145,146,165,171,144,150,171,166,150,146,154,138,149,135,147,147,169,140,151,163,132,166,157,158,147,152,146,166,161,145,141,155,142,139,151,152,148,143,153,164,132,146,154,150,170,143,133,155,137,155,152,154,142,149,137,149,155,147,154,147,155,133,163,147,162,149,168,147,148,173,143,163,156,135,166,159,152,129,173,168,150,157,149,146,146,147,158,153,143,160,180,151,156,152,144,152,149,158,167,166,144,142,151,142,153,136,152,139,133,135,141,144,143,169,139,156,144,136,131,140,155,154,147,144,162,160,140,157,154,142,157,158,147,155,151,144,131,141,159,154,143,142,160,169,149,144,148,167,153,167,138,160,153,152,146,152,154,138,127,141,150,148,152,150,164,143,158,150,153,139,145,147,152,154,154,145,156,159,156,141,143,152,155,157,162,155,158,159,159,156,155,163,143,149,143,147,149,150,159,163,140,158,148,165,160,142,136,147,149,150,149,146,156,154,132,157,152,164,153,160,151,149,147,138,169,133,157,147,144,165,152,151,148,149,170,132,155,146,154,154,141,157,163,159,147,164,140,143,144,145,169,146,156,142,160,148,128,152,138,153,159,157,143,150,177,144,142,141,151,151,154,161,147,140,177,146,154,154,161,158,144,161,161,162,125,145,155,138,159,136,162,153,143,136,145,153,158,144,163,155,145,157,151,138,150,151,159,145,156,142,140,141,148,156,144,147,154,156,158,144,141,153,149,158,150,151,150,145,163,143,152,151,121,143,160,150,129,133,159,141,150,153,154,155,146,140,153,178,154,158,146,151,147,141,136,139,135,149,146,140,159,165,159,140,159,147,139,144,146,141,148,152,154,155,156,139,161,156,148,140,133,135,149,137,146,170,149,126,147,166,145,138,129,144,164,164,165,159,157,158,158,152,156,141,164,133,155,153,141,161,149,147,149,164,147,161,160,139,162,143,152,137,150,153,162,135,142,144,146,153,154,144,155,145,152,157,159,142,161,145,140,150,166,157,148,145,176,168,148,167,153,146,149,158,160,175,156,154,157,159,150,144,142,155,171,149,159,153,141,145,132,158,183,149,144,164,150,151,160,140,157,153,147,152,148,144,148,155,165,156,134,154,156,145,137,147,167,136,152,157,160,147,118,158,148,168,144,146,145,152,145,163,153,163,126,153,155,142,156,147,151,149,163,142,146,163,160,136,152,140,162,161,139,167,155,143,137,149,143,156,145,157,140,132,150,150,141,154,162,143,171,175,157,162,168,151,152,155,135,159,158,140,155,155,159,154,163,146,147,138,141,157,132,166,147,150,142,150,150,152,142,164,152,160,131,160,143,143,155,148,156,131,155,162,144,142,157,150,153,159,145,150,151,155,156,134,151,144,152,161,138,142,160,150,165,156,155,153,141,156,153,170,146,143,138,153,165,164,167,145,133,155,159,146,167,153,151,130,138,145,146,152,143,142,174,160,155,148,154,147,134,158,123,156,159,143,144,152,153,149,149,160,160,144,150,135,136,157,143,146,177,135,148,137,151,163,146,139,163,163,151,159,148,148,146,153,143,150,151,166,153,163,159,151,139,152,160,154,154,144,160,127,142,158,141,175,167,145,146,154,143,149,143,134,144,153,159,154,140,136,137,148,162,150,157,132,163,149,151,147,148,147,156,162,142,135,152,148,175,164,154,171,183,158,163,173,132,156,166,149,159,166,147,160,159,149,146,137,157,127,159,146,137,158,154,133,143,145,140,142,150,162,147,160,172,132,143,130,148,157,157,146,149,150,159,170,167,167,134,152,162,172,164,150,140,162,143,143,168,130,152,148,151,145,149,158,148,142,166,140,166,147,153,143,155,157,159,170,141,143,141,137,153,138,129,135,150,143,153,145,159,132,157,148,138,138,142,137,143,150,157,146,144,146,155,145,159,130,138,137,149,155,145,175,156,141,157,135,139,150,157,149,144,141,154,144,166,162,151,140,161,158,163,148,151,179,150,149,129,151,142,151,129,141,137,151,152,132,159,152,140,159,149,163,165,153,159,157,148,141,146,155,145,152,147,145,153,142,156,141,150,142,168,167,147,135,127,162,140,168,154,140,147,158,155,144,137,143,171,167,120,135,155,152,158,146,161,147,163,168,164,149,154,152,140,148,146,142,147,134,153,148,142,147,156,159,134,174,155,152,138,148,147,171,136,150,156,154,144,161,143,146,143,138,147,155,159,150,122,164,169,170,165,146,159,157,137,133,141,145,160,162,164,152,143,154,143,158,143,148,145,160,147,157,145,132,154,153,139,153,151,147,157,147,126,135,157,132,146,154,142,152,157,154,137,148,131,153,131,153,146,145,150,141,149,140,146,153,141,169,160,167,150,144,157,153,154,177,161,161,148,127,155,158,148,139,157,134,155,163,129,135,141,157,131,151,145,150,154,138,145,144,147,158,154,128,146,142,154,149,147,153,141,142,156,143,148,144,165,146,145,156,151,149,149,161,155,123,152,176,146,132,162,140,132,132,146,154,137,152,140,143,148,164,145,126,145,139,150,140,145,136,144,144,144,155,151,155,152,154,160,154,139,137,159,166,159,134,158,136,175,135,137,161,150,133,141,161,155,164,142,163,150,159,157,147,149,160,137,159,152,154,155,144,150,127,145,151,158,156,160,137,148,162,168,153,152,150,172,154,139,153,165,153,142,150,133,155,166,151,159,156,164,153,134,151,152,151,179,133,133,169,138,132,140,151,161,156,149,153,169,144,154,139,144,154,138,158,159,153,143,166,155,135,168,153,133,141,153,151,166,142,146,145,157,168,130,156,156,130,138,145,149,137,128,144,153,144,139,159,143,149,135,148,153,144,155,126,154,146,144,134,142,137,130,140,148,140,155,140,141,159,145,139,149,158,139,129,161,140,151,117,160,145,129,156,163,174,162,147,151,148,139,139,158,149,135,146,150,149,170,152,151,151,151,154,137,161,148,152,148,148,145,163,135,164,137,151,158,149,154,151,144,155,155,141,151,135,143,144,139,146,173,149,166,149,164,170,157,137,129,182,143,160,154,147,148,136,125,148,144,149,146,146,139,155,147,146,150,143,136,149,143,144,154,169,158,139,154,149,134,127,166,134,149,146,145,134,145,139,149,152,157,138,130,156,133,158,149,149,146,149,145,180,147,149,165,165,139,128,141,149,137,179,127,157,164,143,162,145,151,140,164,124,149,146,148,170,138,153,161,158,151,152,159,158,160,140,152,141,159,145,156,143,137,132,166,152,142,150,145,134,148,145,145,167,164,137,130,149,153,148,141,155,160,137,157,162,157,160,136,142,170,135,143,141,157,164,159,151,146,160,131,156,148,150,136,167,130,150,147,154,159,159,152,175,148,159,152,135,160,176,153,151,156,164,144,157,157,142,153,160,151,171,144,152,149,143,154,160,128,144,171,157,161,159,156,141,141,144,156,145,140,144,158,149,142,147,164,143,163,154,141,150,153,143,145,143,148,158,166,148,135,149,163,154,146,160,167,160,159,151,151,143,156,151,162,143,161,139,139,135,150,140,146,164,134,143,146,156,140,150,152,149,156,160,152,151,165,156,149,146,156,146,166,160,160,144,153,148,149,168,143,166,139,141,163,137,138,150,153,168,162,137,145,156,148,142,157,155,153,154,157,149,133,150,147,145,122,147,162,157,170,166,161,156,162,147,145,158,141,141,131,143,151,146,142,143,142,150,142,165,166,164,130,147,150,153,135,147,156,146,152,163,151,154,154,162,143,148,150,137,162,161,147,149,134,135,166,156,140,157,146,165,137,132,147,120,134,141,145,152,144,154,152,139,147,164,128,152,139,139,149,156,127,147,141,151,167,165,146,156,152,164,157,144,136,148,155,152,137,146,144,161,145,133,151,149,160,135,154,172,146,125,126,144,137,136,166,150,144,172,153,148,148,152,141,158,136,147,151,157,157,145,151,162,155,145,165,144,139,157,126,153,157,150,136,156,158,151,150,165,154,132,154,159,147,158,156,152,156,126,151,143,135,156,137,146,132,155,148,146,130,144,135,147,167,165,158,153,140,147,160,157,153,153,135,145,146,148,151,135,155,156,155,166,142,158,155,141,147,165,133,153,134,171,136,150,153,147,149,152,171,148,157,158,145,146,147,133,133,147,138,126,155,145,161,154,157,169,169,178,158,154,163,152,142,139,148,152,136,144,149,139,136,148,168,143,136,149,162,149,166,141,144,140,126,143,147,116,150,162,163,136,142,156,135,148,150,155,143,156,157,150,149,165,152,157,174,139,160,138,125,165,155,163,143,154,142,160,169,152,176,145,141,135,143,156,146,156,143,147,140,159,158,137,139,164,164,141,153,146,146,141,155,163,147,143,147,164,141,149,157,146,153,144,167,158,175,144,171,153,155,138,146,167,138,138,145,163,155,146,142,148,131,155,145,143,142,135,150,144,139,158,152,155,148,167,150,147,157,138,149,153,134,149,172,142,158,153,147,144,155,155,136,137,149,180,152,150,169,153,144,133,156,157,137,159,154,145,152,148,146,143,149,147,153,158,162,150,157,157,154,153,144,149,180,132,139,164,143,151,157,150,137,151,146,148,160,129,145,157,159,139,150,160,148,133,156,148,155,168,164,152,144,157,137,148,137,156,144,155,151,146,183,148,152,146,138,151,142,158,161,159,145,133,149,155,144,155,152,154,158,158,153,146,161,135,161,155,163,159,153,152,156,150,151,137,142,150,150,161,161,144,144,158,149,169,144,133,143,145,158,158,157,158,144,159,149,155,130,145,131,144,172,137,137,161,153,155,157,139,143,142,148,152,164,168,147,150,143,154,132,169,163,146,141,156,143,143,157,141,147,150,164,135,169,131,138,158,149,134,140,155,139,146,137,151,151,136,141,172,137,143,161,160,162,141,170,141,164,144,177,167,139,146,138,150,141,149,155,148,155,139,140,131,162,137,163,146,157,161,138,152,148,143,148,155,141,157,159,159,156,162,140,137,141,138,146,154,164,137,158,153,155,143,145,148,153,124,151,137,151,138,148,147,154,152,140,145,157,149,147,149,145,154,142,141,152,136,152,137,142,145,154,138,152,160,162,142,146,156,141,146,158,144,143,146,148,136,150,145,148,154,146,163,160,129,149,159,135,131,150,160,151,135,139,171,154,147,151,152,136,149,173,144,155,149,167,144,151,162,132,145,143,151,159,142,147,145,132,153,137,134,164,143,156,161,150,146,136,151,153,150,143,141,136,158,148,162,161,149,157,134,131,173,140,156,147,152,154,155,155,149,150,151,167,150,146,150,155,138,142,151,166,147,147,152,151,143,147,149,154,142,148,143,145,155,129,146,132,136,159,136,143,149,135,158,142,159,163,168,152,154,144,146,147,162,158,146,138,149,170,165,149,147,135,144,142,146,137,154,148,150,149,156,143,136,138,161,143,149,162,146,152,151,136,156,145,158,150,148,150,165,150,147,143,143,152,159,147,158,160,160,148,139,137,177,164,167,130,157,151,160,157,148,138,146,137,139,151,129,158,118,163,152,150,136,149,140,138,167,159,126,174,158,132,157,145,153,173,151,146,132,147,157,147,145,141,142,152,137,161,141,155,144,157,156,139,147,143,154,156,154,155,134,167,152,129,150,135,143,149,162,148,152,157,145,157,145,149,138,162,154,135,155,169,152,122,130,141,166,139,158,161,156,158,154,154,142,143,153,156,154,161,178,156,165,136,149,144,149,128,156,164,158,152,146,138,143,146,150,149,168,153,141,146,144,157,170,173,141,162,150,140,135,142,153,146,147,145,144,156,141,131,143,142,154,149,158,148,155,147,150,170,158,153,137,141,145,164,152,131,145,138,156,138,140,157,142,151,161,153,141,153,144,155,145,135,153,145,162,157,144,168,156,154,155,152,150,168,146,149,165,162,156,164,167,161,155,156,150,147,143,150,159,152,145,147,164,151,137,143,140,150,160,146,142,161,142,170,159,160,142,156,157,147,160,156,143,159,156,120,146,156,148,147,149,161,156,146,150,142,154,150,152,130,147,129,150,133,139,140,167,164,166,150,156,165,147,144,142,165,163,145,167,132,162,156,164,158,142,148,151,130,142,129,139,128,153,132,154,168,136,147,156,147,150,163,143,144,141,145,150,135,150,160,163,140,155,142,161,146,163,152,148,126,144,140,149,140,163,144,146,131,159,138,148,137,155,165,149,134,151,143,149,154,157,153,159,145,132,149,138,152,141,159,144,163,148,148,156,152,141,148,132,159,132,150,138,149,146,151,135,148,139,153,156,162,130,151,159,140,156,161,153,159,127,155,166,157,141,138,152,130,145,157,148,139,144,151,158,137,138,154,147,140,153,148,150,151,165,140,151,142,144,147,143,153,143,147,152,155,124,156,147,144,152,152,139,168,161,156,146,147,147,166,132,167,155,160,134,145
149,166,162,170,131,167,129,141,141,164,156,152,154,156,136,141,170,163,151,167,147,149,141,145,130,159,136,153,152,154,140,170,169,149,154,142,157,155,162,145,169,132,152,125,171,151,156,150,156,154,163,145,168,138,158,134,151,150,149,155,153,158,170,164,144,159,137,170,161,139,149,142,162,149,161,152,153,140,152,139,155,148,162,135,146,157,162,143,144,152,178,146,138,158,133,149,158,148,134,157,151,168,155,154,144,142,138,140,161,151,157,145,164,160,162,157,154,154,151,158,142,150,169,141,150,141,150,148,149,140,146,158,167,156,150,141,150,157,160,163,162,151,151,153,140,162,133,130,153,157,148,149,149,170,148,159,151,163,155,156,171,154,162,142,135,171,157,157,150,131,126,150,160,151,162,140,146,152,142,142,152,141,173,158,169,160,147,155,148,143,158,133,152,160,159,152,155,147,159,169,144,153,144,172,155,154,136,167,160,170,147,142,145,150,157,143,156,140,151,154,144,171,142,161,149,142,144,172,149,148,150,157,167,162,135,158,135,151,163,140,159,146,144,168,153,136,144,134,162,151,155,147,157,130,150,143,160,150,144,141,159,145,167,152,151,146,146,180,145,166,163,162,144,153,151,148,159,162,143,137,161,164,176,150,152,161,148,158,159,147,158,127,135,143,131,134,166,141,146,145,160,148,154,154,154,152,157,137,149,133,162,139,154,150,139,165,140,152,144,142,145,151,140,148,166,159,157,155,164,164,136,158,144,159,160,152,148,147,145,122,151,149,150,149,118,135,137,149,150,157,149,142,144,134,141,152,152,178,160,131,151,130,147,153,145,151,150,132,149,155,142,166,140,158,150,133,151,145,127,158,157,134,153,146,157,153,155,148,148,155,143,150,144,172,146,171,150,128,140,146,151,150,153,124,155,149,148,174,136,138,175,157,140,139,159,167,148,153,139,134,138,145,145,155,153,156,164,151,136,182,138,146,148,144,141,139,152,153,137,144,139,156,140,160,170,153,170,162,149,149,158,162,147,169,160,146,149,135,132,140,151,148,154,163,146,176,158,160,142,151,150,158,148,164,143,147,139,145,149,148,150,168,146,140,166,151,140,159,143,163,142,170,142,142,148,127,165,141,151,147,154,149,141,173,143,165,142,157,154,144,149,138,139,145,133,169,138,172,157,142,127,178,138,144,151,144,152,158,151,141,148,153,123,150,153,161,155,153,163,147,166,170,144,165,140,143,168,151,153,136,159,146,147,143,153,151,150,141,156,142,154,154,155,135,160,138,142,162,155,161,146,149,134,150,138,141,154,143,160,140,160,126,148,169,152,170,132,140,160,151,144,163,169,145,160,145,138,155,141,144,156,148,155,152,130,160,149,148,164,158,128,165,167,145,143,151,135,160,136,154,165,140,163,146,148,159,147,138,153,159,147,163,146,151,142,157,141,135,170,157,139,153,150,149,152,160,153,140,153,133,147,161,154,172,158,144,143,153,141,151,156,134,141,142,146,158,145,134,151,145,158,139,152,172,140,166,156,138,137,160,145,143,153,132,147,165,153,150,143,131,143,154,142,152,154,136,144,143,129,137,157,168,146,143,126,151,156,152,154,148,153,135,136,155,148,162,140,149,150,141,144,155,155,157,139,139,148,138,162,173,144,136,145,165,145,164,153,150,150,155,156,159,144,169,147,116,152,162,141,141,145,156,154,145,146,145,151,147,169,146,136,154,138,137,147,161,157,136,150,159,156,136,152,154,161,153,151,166,152,144,161,145,151,144,145,167,142,156,139,135,146,143,139,138,157,154,160,134,152,139,140,159,149,147,151,145,149,157,142,141,161,152,139,159,138,162,146,154,143,137,154,137,153,139,153,157,149,153,143,147,142,145,139,139,162,135,141,144,162,153,176,151,147,160,170,129,152,154,145,125,134,157,139,148,153,151,156,143,144,156,135,159,147,150,157,155,145,150,146,140,168,155,134,142,155,143,154,170,142,130,160,138,175,147,145,143,159,163,160,146,154,158,140,154,153,135,151,162,153,150,151,160,142,152,144,162,156,149,164,152,150,152,143,161,142,130,163,163,169,168,146,156,145,153,139,144,155,150,159,157,138,152,156,146,140,128,161,137,152,153,148,154,166,150,160,140,138,144,161,154,151,155,154,155,139,141,154,155,152,145,150,144,140,160,155,161,149,147,154,128,148,162,147,162,158,148,139,166,137,153,167,154,129,166,174,159,178,147,133,157,167,148,144,139,150,154,138,155,159,155,159,150,149,164,148,150,164,147,159,158,155,158,161,135,152,154,137,153,133,169,142,150,138,157,137,139,150,140,132,136,162,144,155,139,153,152,137,131,157,141,128,177,162,141,154,134,149,156,176,151,165,136,139,139,138,127,161,155,143,150,154,156,144,158,135,147,144,152,141,159,145,164,146,160,166,151,155,144,147,139,134,141,151,158,135,137,145,150,144,171,171,151,140,145,136,141,187,165,146,148,156,147,153,139,158,158,152,158,144,145,150,153,143,146,164,160,158,136,151,147,157,152,154,159,156,162,144,137,139,159,153,132,135,141,164,169,143,138,147,164,129,130,133,141,155,156,145,160,153,142,146,140,165,148,149,144,148,166,145,156,131,156,178,154,149,150,170,147,142,151,146,163,147,153,143,152,155,148,167,173,170,163,153,166,158,139,142,146,152,146,146,146,161,130,154,136,130,143,142,152,159,127,147,133,155,157,127,150,145,128,127,160,145,164,131,142,160,166,140,141,158,162,151,138,142,154,160,133,172,170,141,165,157,157,141,161,147,146,165,145,157,131,138,164,150,144,143,160,158,163,144,149,143,141,153,143,145,160,141,143,144,148,145,135,152,139,152,138,136,126,159,147,149,172,141,137,149,156,156,149,148,166,141,149,143,162,152,152,149,150,132,147,150,142,144,157,146,155,145,144,150,146,147,169,156,153,149,159,146,151,159,157,151,154,147,166,147,154,160,132,137,152,162,138,151,159,142,170,141,153,155,147,149,149,149,145,152,134,155,158,157,148,141,150,181,139,144,144,144,163,144,164,144,153,158,154,137,159,142,147,154,153,147,143,139,145,169,147,158,155,155,135,165,147,149,155,166,140,143,149,156,148,151,171,146,163,128,144,173,170,155,141,138,153,140,144,132,161,159,168,151,158,148,157,150,137,160,158,149,152,158,140,146,149,166,146,155,145,159,140,138,146,138,138,167,126,158,146,132,156,151,158,156,151,158,133,168,161,184,165,153,146,142,145,148,150,133,149,136,153,142,164,142,152,150,140,147,151,153,160,124,150,166,146,143,143,148,152,148,138,152,153,136,132,155,159,174,152,141,142,140,155,154,142,140,157,161,142,160,147,158,150,141,164,139,148,153,153,147,166,133,155,138,145,131,141,152,135,138,153,155,135,145,145,148,156,142,147,147,159,162,137,142,148,141,148,161,140,149,149,142,142,142,146,136,161,150,137,144,156,151,133,156,145,141,157,144,140,145,146,146,149,142,149,163,148,154,134,155,140,161,149,123,159,163,147,170,146,154,146,139,124,159,160,147,141,148,155,146,142,153,153,133,160,159,142,141,152,172,172,147,140,153,168,150,141,133,171,146,160,147,136,154,149,154,157,150,141,152,160,180,148,169,166,143,144,147,148,152,134,143,140,147,151,151,143,155,150,137,139,130,147,144,140,140,146,156,151,162,156,148,136,152,151,145,151,142,155,147,164,148,149,155,160,156,156,152,148,138,150,153,139,141,154,144,158,144,148,161,149,151,133,161,152,152,162,156,141,134,155,164,157,173,148,139,158,147,155,152,146,145,141,151,141,153,144,134,154,145,131,170,154,155,157,147,145,173,155,134,152,146,143,154,148,135,176,151,158,144,147,146,147,152,153,157,166,146,125,157,164,147,161,149,131,159,147,150,160,154,164,146,164,148,157,151,137,139,157,144,161,148,178,159,141,152,146,143,147,141,150,144,125,147,157,152,153,158,162,136,153,157,149,145,150,150,143,151,156,158,135,159,154,151,155,153,162,149,139,136,125,155,137,133,130,145,155,153,152,135,138,150,154,169,149,144,151,149,168,149,146,160,159,153,146,149,139,137,140,153,154,147,152,150,152,155,137,164,155,154,141,158,159,138,174,155,147,141,160,145,151,162,151,146,148,156,142,154,160,136,137,151,153,150,147,156,148,153,143,159,158,178,157,165,151,163,163,146,133,165,159,140,137,155,183,151,161,145,137,154,167,156,161,133,159,157,147,157,122,155,160,166,150,149,148,155,142,146,164,161,157,142,139,167,162,151,160,153,151,152,158,150,139,170,157,142,144,143,142,141,163,153,139,149,150,139,154,148,158,147,153,138,153,149,153,148,141,147,142,160,144,173,159,156,146,162,153,145,172,148,148,148,158,149,156,154,143,143,161,160,140,155,143,166,155,172,142,147,140,166,159,148,151,126,125,166,161,143,151,159,155,157,164,150,129,144,156,170,149,135,149,159,149,162,155,137,144,147,159,146,145,166,162,141,168,159,168,140,147,139,154,140,156,147,123,138,149,145,144,142,146,136,141,150,154,146,141,156,152,140,146,142,137,160,165,157,144,147,154,150,144,151,150,164,166,137,159,158,161,142,146,151,142,155,148,145,161,125,151,166,140,136,146,169,163,139,151,145,141,155,149,144,145,163,147,155,133,147,150,138,144,161,149,153,154,151,150,144,156,150,140,148,171,151,144,142,177,139,146,148,152,149,149,131,165,139,150,157,161,165,157,165,149,141,142,135,147,150,133,152,155,149,141,152,136,151,143,141,160,154,157,154,169,148,127,163,165,139,145,161,173,158,156,133,148,139,154,133,129,142,147,160,131,155,170,135,163,159,149,140,153,144,158,152,158,161,169,157,143,154,171,158,171,153,154,155,159,146,163,161,163,153,159,157,135,145,155,143,141,156,144,149,148,147,142,156,154,158,151,136,151,151,155,153,153,148,131,145,150,152,146,140,152,141,146,145,142,150,158,158,171,137,150,154,145,143,159,167,144,168,147,147,164,143,137,140,152,142,164,154,136,161,149,144,153,155,152,145,138,159,153,135,150,140,159,153,137,145,157,142,163,164,127,150,141,161,169,148,165,161,155,141,158,163,140,147,157,139,142,136,161,143,143,139,147,147,153,148,153,158,156,151,143,161,152,140,153,155,151,128,161,168,146,135,150,143,154,133,146,139,160,146,159,144,159,133,149,158,154,175,152,160,153,167,158,135,174,141,156,134,156,149,158,156,150,160,159,154,158,139,159,137,135,146,148,140,150,151,157,160,143,129,149,160,159,138,159,135,142,146,161,156,170,142,150,138,169,152,169,147,152,152,170,161,137,155,149,145,157,157,147,150,151,125,150,153,135,145,186,131,137,142,140,147,146,138,128,148,154,158,133,141,146,157,138,153,138,139,136,151,144,155,149,152,143,166,147,148,171,150,159,152,147,142,140,166,148,148,148,146,157,150,148,146,161,129,139,159,139,150,117,154,159,128,154,147,145,144,153,178,135,127,136,154,149,151,148,136,167,160,153,158,163,129,147,154,138,137,169,156,130,153,163,139,140,155,151,156,142,146,154,138,145,145,132,162,143,173,157,153,137,151,157,141,150,145,154,159,142,151,160,148,145,145,145,157,145,162,160,154,149,147,143,132,144,136,157,154,145,167,157,155,147,150,160,145,174,156,150,156,147,151,149,149,152,140,148,136,147,146,147,148,148,144,147,122,175,150,169,170,151,142,163,132,151,152,166,159,155,157,133,160,162,160,138,149,152,138,163,151,159,151,148,147,167,147,158,137,143,147,165,150,154,144,164,164,150,151,151,142,145,165,150,147,146,150,156,142,132,150,162,138,153,164,156,173,145,155,140,128,141,160,137,143,150,136,144,156,121,140,161,140,158,152,155,143,152,150,150,153,131,138,141,168,148,141,159,159,152,151,156,152,149,177,146,140,168,160,153,136,147,151,156,170,147,157,146,160,169,155,154,149,151,149,142,161,149,149,149,152,147,136,169,149,144,139,144,161,123,145,148,137,143,143,152,148,146,142,161,152,134,162,136,161,136,145,132,147,159,147,135,146,150,134,144,150,150,158,151,150,153,156,155,173,144,157,165,151,151,162,142,161,151,156,149,144,141,167,178,137,167,155,165,165,155,152,153,150,142,171,169,157,148,165,147,158,153,158,158,155,160,158,145,133,151,141,159,163,140,151,135,129,157,159,137,150,141,134,151,127,155,145,138,154,161,139,169,123,163,152,159,144,144,149,151,155,167,147,147,143,153,153,151,144,167,148,150,156,148,123,175,144,135,152,167,139,152,143,141,143,141,147,159,147,140,131,151,153,147,135,150,136,158,143,161,174,161,142,122,136,131,150,175,168,153,145,156,158,154,155,156,154,161,139,145,142,141,152,140,147,148,150,128,150,162,133,157,159,145,147,117,172,143,166,140,153,146,165,152,153,131,160,165,145,155,157,156,130,160,135,160,152,172,140,150,172,156,144,152,146,158,133,152,143,138,150,157,154,154,140,138,155,148,131,160,140,146,154,140,149,149,147,137,146,154,161,164,143,158,134,134,136,162,162,150,134,168,155,143,147,129,157,135,164,159,158,151,155,143,159,142,156,150,143,145,134,145,152,162,146,143,135,151,139,156,126,146,159,149,137,159,144,147,138,136,146,157,145,157,145,147,141,155,136,153,163,149,143,144,146,163,136,151,147,149,145,144,139,154,144,137,143,153,147,155,134,151,161,151,142,167,153,149,145,138,155,149,154,137,145,158,147,162,155,152,148,146,173,150,154,167,139,151,155,148,157,155,145,144,154,148,154,138,142,144,157,152,140,150,153,158,141,157,170,163,159,165,144,131,143,149,123,142,154,150,149,143,164,156,146,152,148,164,144,148,132,150,144,149,144,165,168,144,145,145,156,154,144,141,162,143,137,148,134,145,138,148,158,156,159,149,137,141,155,169,151,147,150,153,150,145,137,148,138,142,167,141,144,157,141,164,149,147,156,141,159,151,153,141,169,146,132,145,178,153,162,152,153,148,157,163,167,146,148,147,167,158,167,152,147,148,145,132,131,164,148,165,145,150,155,152,138,167,153,154,151,145,148,142,139,139,140,142,152,139,142,155,152,154,150,146,176,167,157,150,177,144,152,148,149,145,148,143,139,149,161,152,148,154,146,135,146,138,146,172,146,155,141,161,139,151,157,141,151,155,122,155,133,154,165,143,169,150,162,141,166,153,152,143,154,149,155,135,161,157,165,142,148,155,153,148,145,145,147,157,155,147,141,163,144,155,147,136,148,160,161,149,144,152,150,149,149,159,144,145,159,144,127,152,177,164,159,140,151,159,158,152,153,176,138,154,150,156,159,149,173,173,157,148,143,133,155,139,147,145,167,156,144,152,155,147,141,149,159,153,151,136,159,139,163,157,153,150,142,152,155,155,153,145,138,171,146,144,162,143,154,147,159,150,156,144,125,151,160,150,150,144,134,151,153,134,142,127,155,152,167,160,152,158,153,134,138,140,149,139,146,152,155,169,142,156,146,147,168,160,147,150,145,144,151,148,154,138,140,155,148,135,135,142,142,151,141,148,136,147,152,149,168,141,168,147,154,139,146,149,139,164,144,155,171,160,126,148,152,145,163,159,161,157,164,145,138,149,150,137,153,144,140,139,164,164,148,144,148,149,156,131,160,151,142,149,148,160,142,152,147,122,150,161,144,147,146,162,138,153,154,140,164,137,154,148,155,145,144,154,147,157,140,155,142,149,152,135,144,142,149,147,140,144,148,145,132,141,154,155,143,136,174,155,148,152,149,149,153,165,128,154,155,138,151,140,142,163,147,171,138,161,138,167,149,141,142,143,142,163,146,163,165,140,152,154,150,136,167,160,136,138,160,141,153,157,141,152,150,159,140,145,146,153,144,140,160,142,154,138,155,155,157,156,153,153,140,140,153,146,150,129,149,172,142,151,153,150,142,152,133,144,149,168,155,141,129,139,148,131,158,157,136,150,148,161,134,142,173,156,157,153,132,132,163,142,157,161,143,152,131,156,153,149,172,137,155,150,145,155,152,156,145,129,157,157,152,134,149,153,145,156,177,151,155,156,155,157,130,151,137,141,162,145,159,166,151,150,138,169,156,153,148,154,139,130,144,131,131,150,166,149,144,152,144,165,137,153,147,163,145,156,145,144,151,142,131,162,154,135,165,146,146,133,162,155,136,138,153,130,155,132,147,143,147,161,131,151,157,131,153,142,139,152,150,152,158,156,162,160,166,134,148,161,142,155,152,133,149,162,157,133,154,134,147,143,146,146,146,144,153,134,151,166,144,152,162,161,164,143,161,150,162,161,137,147,152,143,155,137,146,159,155,151,165,170,153,146,156,161,159,137,152,144,153,151,152,138,157,155,145,167,139,162,133,156,155,151,142,166,152,137,140,147,152,148,166,132,154,147,168,172,154,143,144,131,153,140,161,135,164,155,152,152,154,155,143,133,137,136,146,155,153,148,130,147,140,144,136,159,139,154,156,146,149,160,153,131,146,133,132,144,158,150,134,147,148,153,161,158,143,142,147,158,158,138,161,142,151,158,136,138,159,133,136,161,143,118,155,144,153,150,151,170,129,144,144,134,147,152,172,152,156,154,144,147,154,158,136,122,154,150,148,140,147,148,153,144,156,156,148,149,152,129,155,154,149,166,148,158,148,151,143,155,145,147,137,147,138,142,157,144,146,162,156,140,160,124,163,137,147,165,156,143,142,150,157,149,153,139,149,146,144,144,139,138,139,150,136,146,142,163,154,147,163,133,147,140,146,153,153,150,131,124,144,159,164,159,162,156,131,159,161,142,147,140,153,140,151,154,152,167,161,149,149,164,151,157,141,144,151,138,177,133,147,141,140,159,140,138,145,128,144,147,141,165,133,140,157,136,157,163,156,164,157,142,166,148,149,154,147,141,162,150,150,144,148,137,147,154,130,148,150,140,152,151,170,147,137,130,142,160,175,153,153,139,150,173,132,151,164,146,144,161,156,140,150,139,148,144,134,164,141,152,181,150,137,160,145,149,143,154,135,149,155,140,154,140,153,154,154,171,142,146,151,161,148,153,155,143,157,159,167,152,147,150,160,143,143,132,145,146,150,139,133,136,150,141,161,157,162,155,157,151,145,152,132,149,151,148,164,151,149,149,161,132,152,155,156,157,156,137,144,141,158,155,142,144,143,141,168,135,139,149,144,154,140,165,135,153,144,154,158,163,162,153,146,124,149,158,150,151,160,164,170,145,156,150,180,142,151,151,147,143,145,151,156,147,138,149,177,168,143,155,165,154,148,141,126,142,142,160,130,153,159,162,141,145,154,157,156,144,162,155,124,156,152,147,158,149,157,135,155,149,134,141,141,135,151,157,179,154,161,168,142,157,149,164,147,148,139,158,162,155,155,150,159,126,161,139,146,152,154,158,163,143,143,166,155,162,142,141,157,135,149,150,143,156,129,162,155,143,148,141,159,160,146,164,142,143,147,151,147,146,136,157,140,151,161,151,148,145,149,133,141,141,153,163,167,167,152,156,130,144,154,161,148,162,157,150,149,169,146,157,133,156,149,135,155,162,140,158,153,151,156,153,150,162,146,152,148,149,151,159,126,154,163,162,155,150,145,161,155,158,164,146,162,157,144,143,141,132,151,155,161,139,161,145,151,149,164,144,145,151,150,150,154,145,136,147,152,154,138,155,154,163,140,140,150,144,175,137,153,158,157,141,147,160,149,144,134,167,159,135,142,158,157,142,149,146,137,160,157,148,123,166,148,159,152,160,143,144,161,130,143,168,154,150,159,168,132,152,150,149,149,134,149,148,158,149,160,142,144,140,158,163,147,140,137,150,154,158,142,143,148,148,147,171,143,160,146,140,142,151,148,155,148,153,131,137,148,147,155,159,137,145,155,160,136,163,150,133,159,137,153,146,164,135,162,140,147,146,146,142,164,147,148,151,141,147,163,155,152,137,156,159,149,150,146,159,161,140,153,149,146,145,150,158,146,126,154,142,154,141,134,152,148,156,170,161,164,140,173,146,153,144,149,155,141,169,153,155,154,163,154,144,159,150,139,145,160,150,143,148,158,153,146,153,152,141,153,158,171,151,150,155,148,136,150,159,165,139,149,155,148,136,135,152,161,159,126,154,139,166,138,162,143,157,131,145,136,151,156,151,156,150,146,146,148,162,153,159,160,164,135,156,146,155,143,122,169,125,153,134,170,155,145,141,137,128,149,152,151,145,153,163,143,134,147,156,145,141,153,145,151,139,143,153,150,148,141,129,155,140,141,165,139,166,175,157,128,148,150,148,155,182,148,152,149,147,149,160,164,144,160,139,172,151,139,133,145,151,150,156,145,142,146,152,152,166,157,146,135,171,148,166,160,137,137,159,160,164,147,157,150,163,145,147,141,163,158,147,150,148,144,143,163,136,149,150,142,141,166,168,155,145,142,140,127,161,157,143,154,147,155,161,134,145,159,131,150,145,154,157,156,150,159,162,148,141,147,144,157,132,144,148,144,145,141,148,156,142,165,151,140,145,114,147,151,134,147,156,151,138,146,145,148,174,149,167,168,129,131,149,146,150,147,162,146,141,146,156,127,142,136,136,162,141,152,159,150,137,162,162,169,142,140,158,153,144,166,151,155,147,156,141,155,156,150,165,162,160,148,125,159,138,156,162,137,157,133,158,159,140,148,151,166,165,150,161,171,145,146,154,138,150,136,158,146,133,136,159,146,138,142,169,141,131,144,157,163,138,151,166,161,147,147,161,142,163,159,160,137,137,163,144,146,146,137,146,155,162,139,145,144,140,139,158,128,138,136,146,127,148,173,146,161,140,156,145,156,149,155,157,143,142,142,147,139,132,136,143,140,163,158,168,142,130,149,160,136,159,147,147,149,163,159,157,156,159,140,153,140,150,141,151,135,151,144,161,160,149,143,145,153,146,142,153,125,145,141,148,134,150,160,151,140,163,167,146,157,159,144,163,167,156,160,171,153,147,141,157,149,161,142,155,142,165,148,144,140,147,155,167,130,144,131,137,141,149,166,152,157,135,135,161,149,128,146,157,132,168,155,143,142,148,140,152,149,134,157,156,157,148,148,150,159,140,165,147,146,163,152,150,161,158,139,148,148,161,169,162,135,132,153,129,151,143,132,146,146,147,130,133,154,144,141,157,139,151,161,151,147,146,148,165,148,159,147,147,155,143,147,137,150,156,143,141,145,150,170,154,137,133,151,174,159,165,139,163,145,178,151,145,142,143,154,147,152,154,145,163,146,158,135,155,153,151,148,151,141,145,137,151,152,149,130,148,163,149,144,134,141,151,168,146,142,150,141,155,154,135,152,146,136,160,161,148,148,143,143,171,157,147,148,141,125,149,148,144,158,154,132,146,167,162,139,144,160,118,164,156,152,156,174,140,146,148,136,148,183,153,148,158,139,145,147,162,157,153,144,148,146,152,143,149,161,151,132,145,157,147,158,153,155,149,154,147,151,151,130,143,155,153,156,145,150,157,153,133,151,157,144,155,145,147,143,151,153,154,133,130,154,158,160,163,176,133,149,143,156,175,168,152,149,139,147,158,153,135,154,156,144,151,143,128,156,163,159,143,122,143,139,156,141,121,145,161,134,176,147,148,147,140,148,146,149,148,166,149,136,152,170,153,137,147,157,146,149,146,154,128,149,155,135,149,144,172,135,154,156,149,151,155,156,138,145,170,133,147,147,149,152,141,151,165,144,157,140,164,137,153,155,162,156,152,144,149,135,147,145,154,153,125,140,154,147,131,166,149,141,149,152,146,137,145,149,140,139,153,147,147,142,148,156,167,155,169,138,151,168,144,143,162,138,164,149,147,173,158,153,125,164,142,130,141,158,142,129,174,149,153,169,166,140,146,148,162,145,161,162,146,135,149,145,157,163,145,144,154,158,150,160,164,149,162,168,157,153,156,158,159,149,148,148,145,135,149,133,135,138,150,139,144,144,139,143,149,158,155,140,148,159,175,138,140,146,153,151,128,149,148,141,159,137,141,139,152,146,153,158,158,167,157,151,144,169,137,150,140,148,146,145,158,160,159,154,143,144,149,168,159,156,160,142,168,145,160,131,163,132,161,137,136,153,140,144,150,142,150,161,148,134,144,162,133,163,151,149,161,149,158,149,157,139,140,147,163,155,166,156,169,151,141,147,167,153,154,159,149,143,150,168,142,148,144,141,170,141,165,150,144,154,168,149,159,154,152,157,169,153,157,146,152,148,153,141,146,155,159,173,148,148,156,179,154,159,135,157,161,153,156,149,173,135,155,140,145,147,157,160,146,136,144,143,140,156,148,153,141,149,157,134,158,156,140,137,154,164,141,156,157,148,140,145,157,149,145,159,157,141,143,150,160,161,151,160,146,149,147,150,150,138,150,134,156,164,148,144,156,158,135,156,152,146,140,149,153,131,164,155,161,150,140,152,140,135,151,146,156,140,146,145,159,149,148,135,155,134,170,146,141,144,176,131,144,148,155,171,158,147,142,157,159,144,156,158,133,157,151,150,166,146,146,163,161,142,150,141,156,162,129,156,152,150,151,137,141,152,158,143,143,163,151,162,140,157,169,141,163,151,148,144,136,150,155,171,156,138,151,139,157,161,146,138,147,154,165,165,141,157,152,147,147,153,144,158,135,152,148,145,145,144,153,149,146,143,154,148,141,145,147,166,145,147,146,138,151,139,156,169,164,159,149,161,174,146,160,142,129,170,168,158,162,138,140,145,142,136,138,157,150,153,128,165,137,140,149,155,155,148,151,150,139,148,146,150,139,161,145,162,157,152,155,152,160,149,154,150,140,163,153,159,140,134,156,153,161,142,149,142,142,157,136,159,153,147,146,152,159,150,154,150,148,139,133,147,140,136,149,134,159,159,148,149,145,142,158,151,160,141,152,161,146,132,148,146,155,146,145,145,154,176,150,151,140,153,140,159,144,130,152,149,164,127,152,138,146,150,166,139,137,143,160,156,151,142,161,144,153,160,160,140,163,126,137,157,137,149,173,152,151,145,158,153,157,157,156,159,142,141,142,147,140,128,146,160,142,147,151,142,158,137,148,156,135,138,140,154,153,146,139,151,157,150,158,143,150,145,141,148,146,156,160,153,159,144,131,159,143,153,162,133,156,133,148,155,133,167,156,152,154,141,138,144,151,149,147,149,149,149,149,155,134,153,160,148,152,146,158,146,151,155,139,153,138,154,139,149,158,134,159,161,157,168,158,156,145,150,142,153,141,152,126,165,158,164,155,151,153,154,136,166,156,160,161,164,141,129,148,144,167,144,150,171,168,155,149,150,151,158,160,156,133,156,133,159,154,145,142,139,142,156,146,155,138,153,138,146,155,139,141,150,160,170,153,142,152,164,154,146,141,152,137,151,172,173,161,131,146,166,160,155,151,141,139,155,160,157,165,155,144,126,157,155,146,163,127,167,147,141,152,163,147,159,166,156,144,130,161,140,150,160,130,152,152,159,161,166,146,184,138,170,156,175,149,144,150,133,154,157,127,152,149,140,171,153,148,148,152,165,150,140,140,171,143,153,150,155,138,165,123,159,145,141,137,155,157,150,162,145,164,161,168,153,146,138,133,138,171,132,151,153,137,141,151,146,148,144,154,142,154,146,166,148,172,150,131,144,137,146,142,130,154,151,160,153,152,153,128,162,139,163,160,158,140,163,165,149,152,149,149,143,136,154,149,155,172,165,159,137,158,143,168,162,143,157,151,162,136,141,137,148,139,130,153,158,151,139,148,169,151,162,146,145,146,145,128,142,139,156,142,155,157,153,146,149,152,143,159,138,156,132,150,143,152,145,144,147,174,151,155,146,160,157,159,165,139,152,160,151,152,147,139,156,159,145,151,147,121,152,157,155,162,158,160,143,148,168,148,155,149,143,133,147,161,156,149,150,154,155,160,151,129,142,136,153,149,145,144,132,136,145,151,149,147,152,154,167,149,140,127,148,143,136,151,159,156,154,146,164,153,128,146,149,151,140,162,155,133,157,139,141,140,137,133,151,140,130,142,144,138,161,144,151,130,153,150,144,147,141,165,164,134,135,132,145,144,163,153,149,148,155,156,149,151,142,160,144,149,151,133,135,141,146,147,149,140,144,146,147,142,156,158,145,145,162,135,173,162,140,141,152,148,164,131,151,151,157,124,152,137,147,137,151,160,139,163,149,156,162,151,153,128,148,161,153,142,159,172,148,167,135,155,166,147,161,151,147,127,148,138,149,165,163,146,149,140,142,132,128,148,139,152,179,156,146,148,144,146,169,154,146,154,121,158,144,141,145,140,145,141,169,156,144,158,149,139,157,155,155,153,148,166,162,138,150,149,156,150,153,150,148,137,143,148,150,139,157,137,143,146,132,155,148,152,148,134,141,161,150,131,136,145,143,149,154,172,150,141,151,162,160,136,148,144,157,141,175,155,142,159,143,156,159,143,147,148,151,146,161,134,152,148,123,162,145,134,145,152,149,128,147,138,163,158,158,158,134,163,140,134,139,152,140,131,150,146,155,148,161,147,162,153,155,142,155,136,131,127,156,153,143,139,137,154,162,150,124,148,146,160,159,159,155,146,152,158,134,160,154,151,144,132,150,161,158,161,160,152,146,135,165,157,147,137,149,128,155,133,153,151,147,151,140,171,146,171,136,144,152,149,145,146,175,135,152,143,157,149,162,149,137,147,152,161,148,145,153,121,153,146,154,157,151,145,123,161,142,142,150,145,157,151,164,138,150,148,148,148,160,139,150,153,155,161,157,171,163,134,148,121,148,157,155,132,145,144,136,136,131,152,148,138,133,144,150,149,150,139,167,154,165,151,170,185,159,145,139,145,146,136,147,149,153,158,153,154,149,149,155,157,165,155,146,139,139,137,142,128,145,141,141,150,126,137,159,159,152,160,164,159,149,129,144,144,143,149,162,151,162,150,162,164,144,156,157,144,154,157,158,136,165,147,154,139,148,158,155,139,156,159,132,137,148,149,143,178,149,152,151,148,165,160,142,153,133,151,151,135,141,157,149,161,147,157,148,152,153,138,165,138,162,141,151,153,166,158,143,145,149,160,126,155,150,144,143,144,151,142,144,145,167,161,143,148,163,149,143,153,160,158,150,151,146,144,157,136,154,141,150,158,152,151,147,141,142,156,147,127,140,137,159,146,153,149,158,152,133,154,171,155,167,132,164,135,156,144,131,161,152,161,148,149,130,151,164,137,138,150,155,152,160,132,148,156,149,142,138,162,165,147,135,156,170,151,158,146,149,139,129,158,161,133,146,153,147,138,144,166,157,129,151,169,146,148,163,139,144,141,148,145,138,166,139,172,151,151,156,159,144,143,141,153,154,148,146,139,152,165,165,165,153,154,156,141,164,145,145,134,138,154,166,138,165,130,162,162,158,162,161,168,169,140,148,153,148,139,145,151,137,147,147,168,150,165,152,155,165,151,147,165,150,139,147,156,153,140,138,151,144,154,163,154,153,147,148,155,149,150,154,140,148,138,155,153,144,153,140,150,160,162,139,161,132,167,152,163,150,151,154,145,133,142,158,135,157,160,160,162,153,164,145,147,158,147,150,145,137,155,163,130,148,139,145,153,138,159,158,150,153,137,149,151,141,154,160,130,146,146,159,153,139,164,166,143,130,135,147,149,149,161,158,143,145,147,130,155,160,155,149,148,147,138,150,158,144,157,138,160,142,151,168,152,163,147,143,136,148,155,150,149,148,142,170,151,148,139,137,151,155,135,155,147,145,139,156,144,140,148,162,161,155,132,139,162,161,150,136,148,136,130,146,146,157,155,148,123,140,143,157,153,154,153,135,149,159,142,148,153,142,157,144,147,149,168,141,159,162,158,122,146,158,166,159,147,152,159,140,142,151,145,166,140,152,150,159,148,146,147,151,136,147,129,140,159,154,163,156,151,165,148,150,163,148,154,153,150,144,139,152,144,145,169,139,177,141,146,157,158,139,150,157,135,144,148,152,151,141,167,151,139,147,143,150,128,152,140,146,129,153,143,143,139,154,153,155,163,164,147,154,159,152,147,134,163,159,169,143,153,155,152,147,159,143,155,143,145,150,137,129,136,135,135,157,151,139,154,148,131,133,142,147,149,149,151,159,154,142,157,172,151,150,145,141,134,154,163,154,138,150,153,163,149,140,137,146,166,138,120,174,138,155,155,146,150,147,152,159,148,152,143,146,151,157,154,159,141,139,146,155,150,146,159,168,158,150,161,167,146,150,144,154,139,152,153,137,168,154,169,143,156,163,159,146,160,169,157,141,150,139,160,153,138,160,158,135,135,164,158,133,147,152,174,145,152,143,162,156,174,161,140,168,143,156,138,145,122,147,154,163,153,149,172,172,156,141,139,158,161,138,150,160,152,174,153,157,139,148,150,161,150,155,142,131,124,144,165,151,138,155,151,142,148,168,145,162,142,148,142,132,142,155,168,146,139,167,161,153,169,151,155,128,171,149,158,140,150,150,140,155,149,146,161,143,157,155,145,142,146,145,128,155,157,135,152,140,169,148,146,163,152,152,145,159,159,154,159,143,148,150,145,144,144,145,136,148,155,155,171,135,155,128,154,137,158,145,155,148,135,151,134,167,145,155,155,154,163,162,164,128,153,154,154,166,144,140,147,159,140,148,158,150,146,136,136,148,141,148,161,159,145,151,154,141,159,161,144,148,169,147,154,142,150,150,164,157,143,138,162,165,153,150,136,125,133,156,144,144,152,159,156,169,160,164,146,156,144,148,154,146,127,139,151,157,139,168,151,145,163,153,150,150,127,149,152,160,153,156,166,136,154,153,154,156,141,163,159,147,152,143,143,167,151,133,146,152,144,148,140,155,141,162,153,154,140,164,146,156,158,155,136,139,159,148,164,160,142,156,165,159,170,139,143,132,147,166,150,126,155,142,153,140,162,155,149,144,122,151,148,159,146,142,148,141,136,179,152,161,144,152,152,141,159,144,153,143,153,151,157,160,143,146,147,166,139,149,159,140,144,146,154,143,151,137,147,143,160,160,153,127,156,156,144,129,156,158,162,164,152,141,164,156,154,166,145,154,145,163,149,158,144,157,149,144,144,158,148,150,149,135,155,137,158,168,143,163,161,149,146,154,161,158,147,148,146,137,168,139,146,161,165,159,152,146,160,157,131,164,147,156,146,144,166,138,159,154,139,149,166,153,149,161,163,139,166,160,152,173,143,165,158,145,140,154,145,147,139,145,142,155,137,153,143,151,160,153,152,154,170,163,144,158,159,149,154,127,156,139,161,156,154,164,152,169,139,164,138,172,145,162,157,143,164,144,142,154,154,163,159,138,155,143,150,176,152,143,158,154,135,168,145,142,144,148,146,147,160,156,152,145,150,162,129,132,148,161,141,146,164,153,160,151,158,153,150,150,147,156,153,147,148,141,162,161,162,150,168,137,147,153,158,147,144,139,141,145,163,172,141,161,142,171,153,155,151,150,152,164,141,147,140,156,160,143,160,166,154,125,157,140,132,148,139,138,150,128,154,155,141,147,151,145,140,149,153,159,136,148,142,158,157,134,171,150,143,130,151,156,138,147,159,163,150,138,136,152,147,157,150,142,134,151,147,139,142,158,144,158,156,152,173,148,152,155,143,160,158,158,163,130,157,160,144,146,149,142,140,155,155,163,190,141,167,168,162,141,146,151,147,160,144,158,149,151,130,139,155,144,139,147,156,161,156,153,157,156,147,149,179,174,141,162,154,153,136,136,159,131,131,156,154,138,158,139,143,151,147,163,147,152,172,134,152,161,154,152,157,162,153,154,148,156,146,163,147,163,133,162,156,154,145,156,143,144,125,139,157,151,142,157,155,147,171,155,160,147,134,178,166,141,168,142,153,158,149,149,134,145,144,150,153,142,147,158,162,150,162,158,160,145,167,150,139,165,119,141,168,144,143,153,151,135,157,156,148,141,144,150,144,162,173,156,144,164,156,139,149,138,150,159,151,155,154,160,162,152,154,155,142,146,149,155,139,154,148,154,146,157,164,152,173,155,153,165,152,149,149,134,149,179,156,154,145,134,137,149,165,155,145,151,170,151,157,136,154,153,154,149,135,147,154,156,132,156,126,146,164,146,143,155,152,159,155,127,148,148,126,139,160,156,156,143,141,143,135,166,146,138,142,150,136,168,134,162,147,151,158,151,158,159,147,131,146,152,149,153,150,147,144,131,153,149,149,155,142,145,151,153,155,140,155,136,131,148,146,143,150,164,160,143,146,149,159,154,155,146,147,137,171,145,166,147,148,162,142,158,129,158,143,155,139,149,148,145,147,156,153,170,146,159,158,155,155,150,149,155,150,175,164,155,145,155,150,147,146,134,134,147,147,143,146,145,151,146,150,152,167,148,153,134,126,150,150,147,144,141,128,161,154,151,166,151,149,166,153,165,141,145,162,142,156,155,142,148,149,163,140,165,163,139,156,142,140,150,141,152,162,142,150,132,153,162,141,150,172,162,163,149,143,166,171,134,136,147,144,147,143,161,138,175,151,153,146,154,153,147,147,150,143,162,161,152,155,157,145,155,143,145,136,142,146,169,159,142,139,155,137,149,143,170,153,152,166,146,125,152,166,168,155,161,135,134,150,128,139,143,145,159,144,157,158,154,148,155,156,144,145,150,161,143,138,144,142,148,166,139,161,149,149,152,146,141,138,144,151,146,136,152,148,159,159,149,172,156,176,134,164,153,139,153,134,149,123,127,151,139,158,157,153,149,163,149,146,144,137,147,144,154,145,153,153,161,151,158,162,148,151,138,155,145,159,154,157,146,131,153,155,150,141,159,144,139,137,159,144,161,140,158,176,130,144,150,136,152,149,155,162,138,162,155,143,158,156,147,151,145,150,148,161,137,155,136,142,155,143,140,168,151,153,153,155,165,136,160,159,146,167,141,148,149,151,150,133,152,155,153,135,155,150,152,146,150,129,150,135,144,147,141,151,134,129,148,150,151,146,146,151,139,149,151,153,136,139,137,148,157,151,151,152,150,167,153,136,156,159,144,135,162,155,152,141,141,171,139,154,138,151,157,153,152,152,163,155,149,145,161,148,149,159,127,160,153,163,126,167,155,139,153,146,160,174,151,169,139,154,151,159,154,142,148,148,151,163,157,151,145,153,153,142,163,162,159,162,138,130,150,146,139,157,123,145,162,153,161,150,154,139,154,154,151,158,148,163,155,140,157,163,146,142,143,132,159,160,142,167,149,142,136,157,153,153,154,158,164,144,143,157,171,145,154,126,156,139,154,144,129,146,164,149,151,159,145,134,156,148,165,173,151,147,145,163,153,148,160,140,134,147,153,155,144,154,151,155,127,166,168,148,143,134,126,138,148,153,142,156,153,146,181,154,147,135,145,155,125,157,169,132,146,163,153,157,161,145,131,165,147,147,144,131,151,153,149,168,144,151,161,151,144,170,141,152,164,138,156,143,153,144,150,159,169,148,144,153,135,150,142,122,151,154,153,154,148,149,156,148,143,159,154,154,163,145,151,150,147,167,145,141,164,152,131,164,137,157,159,145,147,149,137,129,144,179,137,144,165,151,150,138,135,167,148,151,153,147,146,163,145,171,150,156,149,153,159,134,135,154,137,149,163,147,128,174,142,146,162,148,156,157,137,142,133,150,126,163,149,142,149,155,149,159,143,155,139,150,139,161,152,146,145,158,161,133,155,161,156,164,143,149,153,148,140,155,139,161,149,149,124,156,160,148,141,153,149,166,140,168,174,140,142,146,146,149,158,164,159,152,162,146,169,161,151,156,151,157,155,149,142,160,156,153,141,136,148,145,125,149,149,144,173,150,168,169,172,150,154,148,142,151,148,149,144,172,146,168,134,146,157,151,142,146,153,145,164,148,166,165,158,161,133,140,145,155,153,150,165,144,157,172,156,152,137,146,149,147,144,141,141,151,160,146,139,142,151,156,156,150,147,148,138,158,151,140,154,136,158,143,149,158,142,152,163,146,167,147,151,136,149,149,153,146,139,139,159,152,154,148,146,150,154,162,149,161,151,145,130,150,165,146,148,142,136,195,152,159,147,138,154,142,155,165,136,148,151,148,130,140,167,145,133,154,152,145,147,143,146,151,146,160,149,145,147,145,149,156,159,147,156,143,136,152,147,147,144,141,154,152,139,144,153,157,160,137,138,145,155,140,158,157,162,159,140,141,166,149,141,157,164,160,133,161,158,155,153,132,156,158,141,168,146,147,140,133,141,163,156,159,168,142,159,149,150,147,162,137,149,153,143,155,162,143,153,153,148,169,163,160,150,146,129,148,148,171,147,160,137,149,162,142,140,149,146,149,141,150,160,149,151,135,161,150,137,156,157,159,159,146,157,154,151,159,156,156,141,145,145,156,142,155,135,130,148,150,118,167,158,139,128,145,147,150,149,164,123,160,146,147,144,142,153,151,152,158,160,155,152,157,160,157,147,146,165,151,145,152,158,135,134,151,149,139,133,158,143,149,122,156,154,157,150,147,160,152,138,159,130,143,158,144,148,158,134,141,138,141,128,142,151,134,142,160,153,164,145,151,144,150,140,161,143,133,144,145,149,153,140,171,161,122,158,150,141,157,147,154,147,143,130,127,136,138,150,160,148,157,141,151,146,176,137,165,158,151,142,160,151,148,148,141,161,153,155,163,138,136,152,155,146,139,152,132,140,151,160,156,141,154,129,150,129,140,146,157,152,136,141,163,147,142,155,146,144,162,142,145,129,152,157,152,146,140,137,149,137,135,149,142,140,140,152,153,144,151,147,167,141,152,144,149,146,157,156,135,124,154,158,152,145,138,169,175,148,160,141,142,151,130,138,163,139,149,155,158,151,136,127,145,150,147,140,141,152,135,160,145,139,168,158,144,131,151,149,151,136,145,136,154,146,162,150,147,147,141,156,153,144,160,153,159,138,148,172,131,157,140,140,169,136,158,135,152,138,150,151,154,129,155,160,157,139,142,166,150,150,141,151,159,144,139,155,152,162,167,131,159,139,124,149,141,150,161,144,160,141,147,156,141,141,126,153,132,159,158,160,155,154,139,140,140,153,149,158,162,159,141,136,163,150,173,153,164,152,141,165,158,150,139,152,151,156,158,132,138,156,137,145,132,160,148,156,144,155,163,160,154,151,166,141,156,156,147,141,144,138,161,152,136,139,152,152,146,164,137,170,144,155,159,141,133,171,161,156,150,157,143,145,156,152,160,153,161,147,161,145,157,144,146,174,153,152,142,145,146,142,137,144,157,158,154,159,159,138,143,143,149,166,186,149,141,159,157,133,159,146,141,133,157,151,135,161,137,149,146,147,151,150,144,144,125,145,129,141,134,153,143,143,152,161,130,144,140,124,142,155,137,167,151,154,146,151,148,165,146,152,136,129,136,144,156,163,143,151,148,162,140,141,153,135,157,159,146,161,143,154,152,146,134,148,154,150,160,162,161,151,160,149,148,154,158,135,139,141,147,140,132,133,159,175,147,154,161,155,147,159,143,156,147,153,141,143,152,153,147,148,144,137,127,132,155,145,160,159,164,151,130,143,152,148,136,161,149,141,151,156,147,138,162,152,155,153,165,148,152,166,151,163,135,169,135,139,145,151,141,159,149,159,159,149,150,151,149,124,167,156,153,165,157,146,154,150,159,177,144,167,155,141,141,163,146,169,144,155,136,145,142,156,136,156,164,138,150,150,142,148,149,155,155,146,154,134,172,150,142,155,153,159,138,157,157,154,138,154,135,147,145,146,131,150,156,169,145,161,160,143,138,137,140,163,138,143,155,137,162,131,155,165,174,160,160,138,156,149,153,148,137,155,141,126,143,153,142,152,150,150,159,149,135,144,132,138,150,161,152,142,141,171,146,155,164,148,152,143,150,156,149,157,150,142,152,154,128,144,152,155,146,171,150,153,153,149,129,156,137,161,124,140,134,152,152,146,150,156,151,139,153,161,139,149,151,148,146,147,147,142,142,147,143,152,134,158,141,123,144,136,149,138,145,164,153,154,131,139,147,152,165,144,168,166,148,143,151,142,137,173,140,148,161,165,137,153,151,157,164,158,133,151,147,141,133,138,148,175,144,170,139,141,139,132,145,143,164,152,159,159,153,136,141,143,159,158,152,153,148,158,145,154,148,156,139,146,156,169,152,142,160,153,163,141,150,150,148,137,147,143,154,153,155,150,169,143,161,156,138,150,146,145,156,155,169,150,173,154,147,145,151,147,138,156,155,159,154,140,137,170,164,148,148,144,125,158,151,146,148,140,150,154,149,146,149,154,153,146,166,164,158,169,149,148,142,159,155,148,153,138,145,149,166,161,142,157,137,158,141,151,170,136,147,159,158,155,155,134,158,149,149,145,163,137,146,145,148,129,128,144,145,159,151,160,141,155,153,144,140,163,134,164,138,152,155,167,159,169,159,136,169,160,142,148,156,158,141,143,167,133,134,139,134,154,152,145,161,152,147,156,156,157,159,157,139,151,156,151,156,158,137,155,136
140,159,152,135,156,145,160,135,163,145,131,145,177,135,145,142,167,136,156,139,146,140,141,152,144,145,135,133,144,156,146,158,146,146,150,148,154,138,157,151,152,167,141,145,140,148,136,151,155,142,144,153,155,151,147,156,154,157,121,155,157,137,150,160,160,145,144,150,158,159,136,129,153,144,150,162,121,163,139,153,160,145,149,153,131,146,151,151,148,145,148,150,147,164,139,127,151,158,126,132,160,150,160,164,174,137,160,141,136,140,146,138,151,160,166,140,154,166,146,160,158,154,135,179,151,147,129,162,150,161,163,150,152,174,153,127,168,156,149,146,151,153,144,143,131,151,179,152,162,143,151,137,147,155,136,147,147,156,156,148,145,145,139,136,127,160,133,146,147,146,130,172,146,150,143,137,150,144,161,139,135,148,137,145,150,155,147,159,146,151,143,154,149,154,142,152,152,133,137,155,161,170,143,158,149,148,141,148,150,153,124,158,153,151,142,153,140,132,144,148,153,153,148,160,165,142,122,158,159,158,147,145,155,152,136,151,161,137,159,163,160,157,139,157,159,163,143,147,140,158,143,130,146,171,170,156,137,149,154,140,153,153,154,145,159,153,140,143,167,137,161,178,138,135,138,157,144,160,155,151,146,142,134,170,144,168,157,158,157,158,142,155,146,159,143,161,149,157,141,158,150,155,162,151,175,161,157,150,159,142,151,159,138,151,157,161,138,154,135,166,143,140,152,166,144,149,147,140,149,160,130,141,155,173,144,141,158,144,174,131,145,153,135,134,166,162,149,162,147,151,152,147,164,134,161,150,142,149,147,144,142,136,145,154,159,148,155,154,174,151,158,154,143,168,149,146,151,156,150,149,143,161,146,160,162,157,142,155,147,150,132,145,143,162,156,145,145,152,141,147,138,126,132,151,136,136,153,149,165,137,144,135,141,142,146,144,143,146,136,142,160,137,141,170,164,161,153,170,177,134,151,153,159,161,161,133,151,137,171,141,151,146,153,166,148,164,148,134,166,135,142,160,146,169,145,136,166,163,153,140,127,141,145,152,152,134,142,141,153,138,149,153,153,146,151,153,152,138,143,154,148,162,149,145,155,151,136,145,161,155,152,145,137,146,156,161,136,161,153,143,142,163,155,156,163,157,144,145,155,150,151,149,146,147,141,145,174,143,157,146,151,153,144,134,140,139,150,140,140,161,151,153,151,153,159,163,155,144,169,150,153,140,162,159,136,159,143,162,160,135,153,141,152,141,139,145,153,170,155,165,149,138,157,151,154,158,150,144,156,150,155,165,153,148,142,146,139,145,161,139,151,151,136,162,148,154,132,142,163,158,154,157,160,147,135,152,161,158,171,155,133,146,163,150,137,152,165,145,145,138,135,153,147,170,161,149,140,145,147,138,150,158,145,153,162,153,139,154,130,142,149,141,144,143,136,151,169,158,160,145,127,157,146,132,146,175,149,133,149,142,155,135,146,168,143,153,134,148,149,148,138,155,154,140,141,156,137,168,153,141,135,127,149,153,168,153,149,150,143,146,157,144,156,161,151,170,165,153,150,151,158,138,145,154,137,155,150,150,129,164,177,158,155,128,139,156,143,142,158,152,145,165,136,156,153,165,155,157,152,144,155,149,159,155,151,153,155,149,149,155,168,155,154,127,167,159,173,144,163,147,161,149,146,160,159,138,176,144,149,157,158,147,157,143,153,135,158,151,135,142,157,139,154,161,138,126,146,136,136,142,141,158,163,144,144,156,151,150,146,143,143,152,148,150,148,160,134,143,148,166,134,154,161,146,147,156,158,159,134,132,156,146,137,133,154,145,164,152,155,170,159,142,142,157,150,151,150,155,160,134,134,146,144,154,131,166,151,152,141,144,132,154,149,158,137,148,157,143,151,149,153,144,149,133,138,155,145,138,159,139,149,138,153,155,141,152,154,148,150,162,149,162,146,147,144,141,135,153,149,154,154,147,147,149,134,140,147,134,152,140,138,162,156,145,145,149,153,159,159,155,152,151,143,150,149,135,126,164,134,160,157,172,147,141,143,156,132,151,152,138,149,157,144,161,155,146,150,149,144,145,156,144,164,147,153,139,143,148,146,151,147,153,137,159,156,151,156,156,156,130,148,157,131,147,139,136,168,154,138,171,182,146,146,158,154,158,160,147,136,157,161,141,165,152,152,142,156,150,137,155,133,157,151,142,154,155,151,139,153,145,149,150,141,142,142,153,153,140,146,142,162,155,129,150,157,147,128,152,145,147,158,143,143,152,142,155,141,174,151,155,139,141,150,171,133,154,152,150,148,152,166,147,148,153,153,141,142,142,131,174,153,159,158,153,154,168,152,135,158,161,158,144,145,158,156,159,162,132,139,157,152,164,159,165,157,160,157,165,126,159,148,154,142,165,156,147,160,152,153,147,140,160,155,149,161,140,149,166,153,151,146,147,148,154,171,160,134,151,138,143,143,138,165,135,147,152,150,136,149,172,154,150,143,166,158,144,143,158,170,160,133,143,166,160,160,146,152,149,139,173,157,143,147,155,130,154,157,137,157,161,157,151,154,140,137,144,155,144,140,132,157,158,147,149,144,161,144,142,161,131,155,160,136,145,147,171,147,150,141,152,141,159,137,152,156,146,167,160,156,160,123,161,166,166,144,140,154,159,159,144,154,142,154,166,141,155,145,141,137,155,159,158,144,163,154,152,146,147,150,145,131,147,148,153,150,157,134,148,147,176,173,164,140,138,145,154,152,153,157,144,159,150,165,144,157,141,138,166,151,154,149,133,139,152,157,134,143,147,141,152,160,151,129,150,156,162,162,143,130,173,143,147,138,169,150,150,142,149,150,140,147,140,133,137,155,143,131,156,162,138,146,154,165,140,148,154,157,150,140,142,143,145,150,151,140,145,141,150,153,145,154,160,162,149,152,158,149,123,141,156,142,135,145,145,157,149,152,136,144,142,155,151,157,142,155,145,138,153,141,159,154,140,163,138,147,145,151,146,157,148,165,151,137,170,145,143,150,147,155,155,159,163,150,155,148,163,133,159,150,148,150,158,152,165,141,136,154,164,142,152,150,155,153,150,153,158,142,162,156,143,144,161,133,151,159,137,146,141,149,146,153,155,147,156,152,147,149,152,132,143,142,148,147,155,151,135,143,159,138,166,140,141,135,149,142,153,133,143,156,160,142,147,161,147,140,148,145,138,139,144,126,152,161,159,146,153,168,147,145,136,151,156,146,148,148,139,144,141,164,177,141,144,157,143,149,141,150,146,143,161,154,158,141,144,154,153,141,161,162,158,142,137,141,147,133,143,147,150,156,126,176,140,148,148,149,166,142,152,160,151,144,157,138,152,136,162,156,165,129,140,133,166,131,146,162,141,175,140,165,151,159,151,141,137,137,132,139,162,158,140,148,147,140,152,167,138,140,161,124,146,150,139,136,132,136,141,148,150,148,159,148,147,144,162,147,146,136,143,154,155,141,152,142,165,133,148,151,149,157,165,152,133,136,149,157,166,165,164,157,151,142,136,137,142,157,147,141,162,150,143,155,180,160,159,152,148,160,145,141,142,154,148,151,157,154,130,145,157,162,157,148,155,136,135,136,160,153,160,138,167,165,145,143,151,156,158,154,140,136,130,148,165,159,146,142,143,161,159,157,143,159,146,140,159,156,153,149,165,151,155,160,151,142,172,146,149,150,146,119,169,129,155,145,151,148,177,143,133,143,145,145,164,142,163,150,152,163,145,179,154,145,138,152,145,154,147,144,152,136,134,151,146,154,139,161,168,150,146,163,147,139,144,130,151,159,156,155,144,151,145,149,128,159,162,148,151,138,152,160,144,138,148,156,129,145,153,146,146,153,138,165,141,148,155,144,156,138,149,169,144,143,141,140,145,156,162,162,156,148,162,148,143,158,146,148,165,158,168,155,151,144,139,157,154,158,140,146,155,162,140,168,147,154,176,138,144,168,139,146,137,137,165,156,157,150,134,145,147,170,136,151,154,147,156,162,137,141,156,160,140,161,148,156,164,158,130,143,147,144,169,144,150,147,142,153,138,126,149,145,162,151,144,140,148,161,138,144,149,146,156,166,141,154,158,147,153,132,151,150,145,149,155,154,142,161,142,126,137,137,135,156,142,147,138,163,157,162,153,138,140,145,138,148,147,162,156,136,156,160,145,148,158,162,136,145,153,140,151,162,149,162,145,151,162,145,137,154,157,149,136,158,166,154,170,150,153,153,147,149,152,158,157,162,151,153,140,144,154,134,150,142,146,153,154,156,150,145,173,147,157,152,174,147,154,146,158,160,173,144,147,154,168,152,150,151,157,164,161,147,156,148,146,166,151,153,171,165,165,139,150,126,151,138,169,151,154,148,144,152,148,150,144,154,146,149,169,158,156,155,152,131,156,153,145,156,146,161,135,147,131,138,160,167,144,151,151,158,157,159,136,137,150,153,150,149,162,145,152,144,138,146,155,165,147,157,144,157,159,141,151,159,158,147,159,141,151,143,149,158,136,132,158,157,149,140,145,140,157,151,162,172,152,137,139,164,156,140,156,163,153,165,149,154,168,144,166,156,145,158,163,154,161,154,137,145,155,141,151,135,136,155,155,144,139,154,154,140,157,169,157,161,160,141,146,165,149,140,158,155,155,164,157,151,145,130,179,169,159,152,142,144,139,162,149,154,161,164,152,151,136,156,143,154,147,139,149,130,155,134,142,154,143,136,166,158,156,158,153,158,134,158,149,157,160,146,143,139,138,143,143,147,154,144,147,145,148,159,160,134,159,153,154,144,153,152,170,149,161,140,152,141,163,157,149,153,145,153,147,146,158,152,153,158,169,142,147,139,125,135,152,150,129,142,159,152,155,151,145,150,159,144,144,151,168,139,148,149,148,159,149,159,140,147,164,151,154,158,154,174,136,142,161,134,144,159,154,148,145,145,148,155,155,165,150,143,152,159,137,146,160,152,146,140,132,155,142,142,144,134,148,135,149,147,147,150,156,151,151,151,147,156,154,139,159,130,165,136,156,148,153,153,139,155,154,150,128,152,159,156,140,154,151,148,155,151,148,136,158,148,143,149,129,156,157,152,163,146,147,141,145,165,156,148,162,158,156,152,137,164,153,151,157,150,155,150,135,143,126,149,139,144,151,163,145,152,155,148,150,152,157,151,160,136,151,160,154,153,156,145,156,165,147,134,162,154,142,165,140,135,144,155,162,150,162,153,167,138,144,145,149,163,154,157,150,149,145,144,144,161,147,149,149,149,161,154,144,144,163,149,158,148,151,153,135,149,156,150,146,152,152,139,142,139,141,156,149,155,138,161,161,155,154,157,149,170,153,136,151,145,146,149,142,148,157,147,151,147,154,142,155,158,150,160,161,137,146,155,155,155,159,157,156,148,153,156,158,157,145,153,157,140,159,138,151,141,154,163,157,162,148,139,148,137,139,144,149,146,154,156,153,146,163,133,171,150,146,151,140,150,155,144,146,181,132,160,141,151,150,143,126,142,147,155,139,154,146,158,152,135,137,146,151,153,171,154,151,157,163,138,152,148,133,163,152,139,145,138,153,160,154,147,143,140,135,149,148,145,145,143,149,157,155,141,124,149,148,162,144,160,158,150,146,133,156,156,139,142,150,142,150,163,144,147,153,151,156,151,138,159,149,150,129,171,161,129,142,140,143,117,152,150,157,150,166,144,166,126,162,148,151,151,151,156,135,140,138,148,154,157,147,152,162,146,153,146,146,144,170,151,154,150,154,138,137,161,145,160,153,146,147,158,149,158,158,131,164,154,154,141,146,156,157,153,148,147,156,143,153,154,127,155,153,152,154,148,153,174,161,150,151,138,146,169,137,141,158,154,165,175,156,136,149,135,148,166,139,172,148,148,150,134,141,138,148,146,151,173,138,167,153,147,137,136,158,140,130,164,153,144,151,121,158,136,157,139,143,157,129,151,141,143,147,155,167,159,166,138,142,160,161,149,142,147,143,154,154,145,137,144,171,141,171,165,143,150,167,156,164,157,155,161,146,164,153,144,147,161,150,172,162,130,148,153,167,147,138,155,145,150,147,144,141,149,149,149,139,146,148,155,119,134,150,148,150,157,151,165,141,162,146,134,144,149,162,161,144,148,156,143,148,158,124,155,140,160,152,140,138,159,141,166,149,126,146,170,163,126,141,158,150,141,147,143,160,150,152,160,132,152,160,139,138,154,168,153,147,131,162,146,154,132,147,146,137,137,163,126,147,151,161,152,148,137,154,137,146,138,144,141,139,151,141,133,145,134,145,168,147,142,135,152,139,134,140,157,148,156,162,152,158,149,144,144,136,161,153,155,147,135,147,149,160,149,150,157,158,127,152,141,147,151,147,158,154,173,167,155,148,136,151,158,151,130,147,157,157,147,138,145,146,160,147,146,161,145,151,141,162,143,153,153,170,170,137,152,140,134,136,167,153,157,140,155,162,152,142,151,143,156,138,139,144,146,155,151,139,164,148,165,134,161,148,155,164,170,145,138,145,164,126,145,148,149,142,165,147,142,143,153,138,159,136,160,141,137,147,160,137,154,138,159,141,156,131,129,141,149,152,142,140,141,158,158,154,148,146,153,145,127,138,121,138,152,138,125,142,153,152,142,141,150,168,157,148,153,123,135,139,155,144,164,141,171,141,144,150,135,149,158,165,145,148,151,152,146,150,157,134,142,155,149,138,140,128,134,138,131,124,150,167,142,139,123,149,145,138,156,170,154,156,141,165,168,149,156,150,143,157,158,152,158,149,146,146,167,154,130,159,144,150,144,165,162,161,159,125,143,141,180,150,137,162,139,151,164,147,174,157,159,139,145,159,162,149,154,151,138,149,153,150,131,147,151,142,145,159,157,142,142,158,142,137,155,148,153,149,146,143,140,125,150,144,157,150,171,162,141,149,145,150,154,157,148,159,151,174,137,149,158,142,148,147,165,137,134,161,162,139,130,159,143,172,158,147,135,154,127,142,150,147,168,147,141,148,140,164,134,140,146,162,152,156,168,152,147,160,185,146,178,145,142,159,160,120,155,133,145,144,153,169,152,153,130,161,168,153,164,141,141,133,139,147,141,161,160,140,127,169,155,157,151,149,159,150,154,152,151,165,162,140,147,148,155,167,150,140,148,159,142,151,153,137,145,129,148,151,140,151,140,133,140,145,157,146,139,140,125,164,138,143,142,132,139,148,145,139,144,148,151,175,147,154,169,167,160,151,151,140,150,133,159,167,139,162,144,146,141,133,143,157,169,144,155,149,152,168,132,141,137,143,143,140,140,161,128,144,135,154,152,152,171,144,164,144,156,153,148,145,150,131,157,173,160,148,148,151,151,152,142,143,145,132,152,148,170,163,126,155,145,137,144,152,178,137,155,154,153,164,147,152,143,171,160,146,148,156,148,164,162,154,166,152,145,138,158,146,147,152,142,136,152,150,153,137,153,145,134,144,138,153,150,162,157,141,134,142,142,143,142,154,148,144,149,154,144,148,160,163,147,153,143,161,136,157,142,146,151,155,135,129,137,145,154,152,149,153,142,139,150,146,163,155,141,148,163,151,146,153,153,156,139,137,152,145,149,159,151,162,146,156,149,142,147,148,162,159,150,137,151,146,149,145,142,157,136,157,148,158,146,156,180,149,147,155,144,175,147,133,134,143,127,154,147,159,141,135,135,144,155,166,143,148,130,140,147,149,163,152,133,162,160,144,143,139,159,146,163,166,139,164,164,149,143,162,146,159,152,170,140,168,142,147,141,145,159,135,153,165,146,151,162,144,159,154,147,160,158,145,149,142,133,151,155,141,146,148,132,145,157,160,168,158,147,124,134,173,146,148,152,147,155,151,151,163,160,134,149,169,145,154,160,144,158,147,165,145,145,155,159,148,140,173,142,136,149,171,174,150,145,134,148,159,140,130,145,162,127,136,167,136,146,137,147,152,146,164,152,159,148,147,164,167,154,155,136,139,146,140,145,141,149,154,148,128,166,142,140,151,142,156,159,153,143,168,165,153,175,163,150,161,171,147,142,144,148,148,150,140,140,139,128,131,138,155,141,143,146,151,151,150,140,160,170,169,150,161,137,160,139,132,141,138,158,152,150,147,144,143,141,154,154,154,154,154,151,144,141,154,163,154,163,151,140,156,149,166,141,129,134,129,144,169,167,146,133,154,147,134,155,127,143,134,135,164,158,150,150,151,158,162,134,155,161,157,165,161,149,145,143,171,164,144,129,144,149,156,149,146,143,153,139,164,145,138,147,146,145,156,149,150,148,146,156,155,163,154,131,162,137,147,161,153,144,124,157,128,155,144,134,149,131,160,151,144,134,144,150,160,137,142,149,145,132,134,146,146,130,126,152,167,157,138,122,161,140,148,154,154,144,163,160,142,140,147,168,162,123,148,164,157,166,132,150,150,170,147,146,153,151,148,160,142,148,156,144,145,150,153,158,139,131,131,131,162,142,149,165,168,145,135,154,149,145,148,145,159,152,140,148,142,147,139,133,171,154,153,131,175,150,148,147,145,153,146,150,146,143,144,155,151,143,149,143,162,154,142,148,142,150,152,162,150,146,141,138,157,148,173,178,159,157,158,139,141,150,159,158,162,136,145,148,144,170,153,151,145,148,142,145,164,177,148,176,159,163,145,126,142,151,157,134,162,158,161,128,144,149,142,150,149,147,156,148,150,149,163,145,155,154,142,158,148,151,132,160,175,126,149,125,144,139,140,127,170,144,154,156,156,147,157,134,157,157,144,145,150,153,144,134,156,143,145,147,161,144,162,146,163,157,156,150,142,150,140,148,150,139,168,147,133,152,132,136,169,159,147,161,167,157,146,145,160,159,156,160,147,167,142,140,156,148,165,137,168,157,137,147,158,145,143,151,148,166,144,134,133,153,154,142,127,153,139,156,153,163,150,144,139,154,144,148,156,138,145,144,157,157,134,161,140,156,147,156,143,152,159,162,156,146,148,156,141,136,145,148,152,168,144,149,144,160,146,156,150,154,154,145,153,148,142,165,147,152,142,149,157,140,161,159,158,154,129,145,143,147,150,146,155,141,152,143,153,151,132,133,149,149,154,162,136,161,142,142,148,142,143,135,146,148,143,166,156,151,163,150,158,144,133,164,145,146,151,138,139,166,152,138,157,153,172,142,144,151,160,152,164,152,160,148,161,149,144,140,166,157,148,164,157,160,166,147,138,147,152,134,152,153,147,151,158,134,144,146,142,160,148,153,150,153,145,157,154,160,149,136,151,133,140,168,175,146,146,168,145,156,141,157,161,152,153,140,155,151,141,150,147,152,138,159,136,128,126,152,158,153,156,156,176,141,159,150,147,135,155,148,149,150,143,128,142,155,138,140,160,162,159,163,143,147,147,147,153,153,138,138,154,142,134,162,134,155,145,144,135,141,167,142,141,148,145,153,151,147,137,141,142,138,137,155,149,172,150,153,164,153,147,159,166,127,143,155,149,154,138,166,172,162,143,144,143,134,152,148,160,151,154,146,148,138,147,163,146,146,135,150,132,140,136,142,149,163,139,126,148,153,167,142,151,152,151,148,147,140,158,143,149,158,145,130,144,136,140,141,159,147,160,156,147,161,166,159,135,176,149,149,138,140,141,156,147,152,144,148,145,142,144,179,142,147,155,140,134,153,156,153,149,158,141,156,131,143,133,146,143,148,160,150,161,155,151,146,136,154,152,157,142,138,136,149,151,146,157,162,148,138,162,142,155,157,153,144,146,163,152,144,149,170,159,143,161,161,124,148,137,155,163,157,139,139,148,135,146,137,152,141,142,142,131,136,154,159,155,146,153,158,124,149,146,145,148,167,161,167,132,148,142,144,142,142,153,148,136,158,154,164,149,144,150,157,146,160,156,153,136,137,168,143,147,163,155,153,135,151,155,134,145,127,156,136,147,160,151,150,147,145,142,142,151,150,145,144,155,146,156,144,137,148,160,152,165,157,163,167,123,151,165,138,135,141,162,134,154,159,136,149,149,148,160,139,143,155,166,158,144,165,148,176,154,133,162,150,148,145,148,141,158,159,151,131,147,159,155,138,157,149,146,144,153,159,136,152,155,145,150,148,143,137,146,157,144,154,154,148,152,134,145,144,146,148,160,142,144,142,137,153,148,152,157,149,139,165,147,145,135,154,165,138,138,144,138,135,138,150,137,140,146,147,133,153,137,155,145,148,143,141,157,154,145,153,154,145,154,148,147,140,138,139,158,140,140,156,155,155,125,139,163,156,155,142,160,157,151,139,154,123,138,159,164,160,152,155,127,149,140,166,158,148,133,175,125,146,151,128,157,167,159,140,147,143,147,150,157,145,140,138,151,137,163,149,152,154,145,153,156,150,142,152,148,158,147,149,137,153,153,167,158,143,138,148,161,155,147,146,144,128,141,155,141,133,149,154,154,148,147,148,150,160,152,161,154,168,145,162,157,130,147,161,151,145,153,165,149,139,129,128,153,167,134,156,160,147,137,142,145,157,138,140,143,131,130,138,152,148,152,144,154,141,150,138,150,147,140,150,137,159,165,139,145,138,130,144,142,142,134,147,163,135,151,136,165,124,149,157,167,152,157,151,155,157,150,142,154,153,176,153,168,148,155,149,168,140,155,145,150,145,140,162,137,139,161,158,133,152,144,145,158,143,145,161,155,161,145,154,147,155,137,148,152,168,146,157,144,132,141,159,132,143,136,135,156,140,138,148,158,138,154,168,135,149,143,153,157,158,154,141,151,157,150,141,160,153,151,171,161,143,158,141,139,152,148,141,143,159,135,140,140,147,154,151,163,151,144,147,156,157,158,140,176,158,150,137,133,142,154,155,156,140,163,146,167,145,153,160,149,138,174,147,133,153,135,163,161,137,151,162,162,144,164,157,158,129,138,136,145,165,166,153,142,156,154,148,166,163,173,138,149,146,145,150,166,140,163,147,141,154,143,143,147,153,137,146,147,160,152,148,146,157,144,135,148,136,140,148,151,151,148,140,146,154,134,134,154,147,154,140,141,159,154,147,153,143,153,157,137,152,155,145,167,156,166,161,140,155,143,163,157,141,150,154,151,156,141,168,144,165,136,140,153,150,146,145,147,156,144,151,146,140,144,129,147,156,149,168,150,154,142,153,147,158,140,150,151,165,149,162,142,133,133,167,161,165,156,145,151,157,145,135,153,173,162,146,149,143,151,143,150,166,141,143,148,158,155,157,153,147,142,141,155,136,168,159,134,145,150,140,153,132,152,137,147,164,135,151,160,152,140,133,134,164,155,154,155,156,161,137,180,162,141,141,151,147,158,143,158,142,143,136,137,146,135,131,134,145,151,142,146,152,141,161,155,148,166,159,145,121,161,131,153,153,158,142,158,142,133,163,172,159,152,152,143,137,142,154,169,151,163,158,140,154,137,135,141,143,137,146,155,158,157,153,142,120,148,137,152,164,160,158,144,134,157,159,152,149,151,158,150,154,129,148,176,147,144,157,150,150,161,150,127,135,144,152,160,148,141,173,140,144,157,166,142,141,154,144,141,138,153,138,153,147,154,153,157,163,159,145,157,146,151,153,141,150,167,143,132,155,164,153,157,146,153,144,157,160,153,145,151,139,140,157,146,151,153,167,143,145,132,143,133,141,140,149,150,154,155,155,144,135,156,143,130,149,164,144,152,158,143,155,154,149,147,132,144,149,146,155,141,136,150,164,154,152,147,168,150,138,147,147,149,138,162,156,156,144,159,155,144,157,154,135,146,137,150,154,148,138,156,160,153,154,139,152,162,146,168,166,149,146,134,139,140,131,145,125,164,165,153,191,148,155,146,155,158,143,153,140,142,158,150,138,158,131,147,158,150,151,161,160,147,146,158,154,144,120,161,133,125,148,143,167,149,152,152,150,134,132,144,141,146,160,165,153,152,156,153,134,167,152,139,168,139,157,160,144,173,143,141,147,153,149,155,166,142,141,152,148,134,160,167,145,143,150,151,158,158,142,147,154,146,168,165,154,140,155,143,140,154,140,157,142,165,145,166,155,157,137,153,149,150,148,154,153,142,160,139,158,131,155,153,154,163,161,156,139,137,142,141,144,148,139,164,150,148,160,167,145,151,159,138,158,151,148,157,151,174,164,147,153,149,139,153,161,155,160,128,137,149,145,158,150,156,148,126,140,152,156,132,157,145,151,136,152,145,134,142,175,147,154,156,152,145,149,161,147,146,154,164,147,156,166,150,145,143,171,152,146,149,153,137,160,144,168,148,150,124,151,145,147,131,142,154,135,128,145,147,147,166,147,126,146,142,161,160,139,147,143,144,150,149,142,159,157,136,157,157,138,166,148,129,157,154,143,134,163,142,159,150,133,155,146,147,138,150,161,149,137,148,141,142,165,145,137,171,146,156,156,140,147,164,146,155,162,163,136,153,169,156,169,158,159,157,148,152,136,157,151,153,158,144,150,160,148,145,151,143,171,152,143,147,134,137,156,149,150,147,172,142,141,164,152,164,165,163,146,154,154,157,155,171,158,141,163,149,165,162,146,147,164,149,156,152,152,141,142,145,137,148,143,162,131,144,138,140,147,152,151,150,150,147,163,148,144,157,147,148,175,145,153,150,153,150,134,159,157,133,140,148,139,159,156,157,159,158,160,151,156,138,135,149,148,149,152,146,152,153,136,135,150,136,148,143,143,163,164,126,145,162,141,164,145,152,147,137,135,134,169,138,149,152,167,157,133,142,158,155,155,127,154,161,132,156,149,153,150,167,144,153,158,170,150,152,146,149,141,160,139,142,150,168,153,165,153,145,151,135,147,163,146,137,133,137,134,172,154,165,148,158,150,135,131,146,135,159,140,150,140,153,154,155,170,162,173,143,162,136,167,141,158,136,134,151,165,127,140,144,149,150,146,143,148,142,144,154,155,139,142,152,152,132,156,134,147,128,146,163,147,119,151,150,142,158,157,155,150,155,165,138,156,135,149,158,149,143,131,153,160,138,154,155,150,140,161,157,167,144,147,142,150,154,129,156,169,163,131,158,155,153,155,127,143,150,155,158,153,155,134,152,159,151,140,149,152,118,155,151,165,158,161,149,140,144,142,151,142,160,163,144,158,135,152,137,153,151,136,147,151,144,154,152,139,155,130,150,150,145,145,153,154,146,147,164,144,136,143,154,148,155,157,141,154,161,140,132,154,163,140,150,154,158,135,145,144,151,150,133,157,148,145,145,156,138,155,129,137,153,136,162,151,150,149,143,159,142,141,145,153,144,146,157,154,145,167,142,129,174,149,127,136,151,141,136,148,138,138,162,166,148,147,140,154,144,152,158,136,138,150,146,135,155,128,144,149,161,146,150,155,151,139,170,155,137,142,149,168,168,162,126,146,128,148,146,137,145,154,160,166,140,158,136,138,142,127,163,173,158,143,163,161,133,146,154,155,135,128,157,157,141,159,142,136,156,150,137,141,154,151,145,146,136,134,145,162,147,137,127,130,144,138,147,139,135,152,147,151,150,165,163,151,143,158,158,163,148,139,153,155,157,171,150,150,141,146,157,152,145,155,141,143,160,140,159,143,155,177,144,152,149,161,162,151,142,144,158,130,150,144,154,152,151,148,168,135,157,159,142,157,149,140,140,144,151,123,149,156,156,163,165,151,165,141,156,140,152,142,157,129,160,137,146,157,160,158,146,142,138,154,153,149,158,153,161,140,138,152,151,144,165,145,154,155,141,138,157,141,133,146,147,152,146,163,139,148,154,160,138,157,159,142,150,141,161,137,144,165,158,137,151,170,152,162,147,146,150,145,156,144,146,155,144,129,143,158,161,139,155,156,161,158,168,153,130,173,153,140,127,142,162,139,153,154,154,148,160,161,156,147,144,148,149,134,163,136,148,138,169,148,141,148,146,149,148,144,138,146,148,168,142,134,139,135,144,154,141,148,135,152,172,139,134,150,157,128,148,144,148,155,149,135,150,149,164,164,137,137,145,161,151,155,135,158,161,154,146,165,139,157,149,139,145,169,139,143,166,149,146,138,135,156,143,157,140,150,137,164,141,141,153,148,146,153,156,167,163,155,153,136,161,158,159,154,140,154,158,149,166,143,136,148,143,184,150,152,158,160,162,145,157,128,153,168,151,156,151,151,133,157,168,143,140,157,143,149,147,146,155,142,157,156,156,167,138,144,153,146,141,142,142,147,150,164,138,145,155,149,144,159,146,139,150,160,146,158,152,129,139,146,149,156,146,149,164,138,132,149,162,161,139,172,160,147,143,155,149,152,133,152,148,137,148,126,145,171,137,162,166,157,164,157,162,148,150,157,149,120,148,133,151,144,146,138,160,157,154,155,167,154,153,167,160,140,140,176,155,131,129,151,147,142,164,150,140,136,176,163,152,148,143,150,134,151,147,136,167,159,148,139,148,151,156,126,126,160,161,160,158,154,155,154,132,170,147,153,149,145,148,155,149,150,139,161,152,161,142,139,140,141,158,164,161,134,138,150,157,142,163,148,128,163,145,143,144,164,153,159,161,124,146,148,145,122,150,150,146,140,138,149,139,170,149,140,153,151,142,175,155,131,158,129,156,164,172,178,143,155,160,142,154,150,136,157,153,142,149,140,160,155,143,145,157,156,170,157,131,152,139,149,156,158,133,155,157,153,150,148,158,136,143,152,153,156,151,159,139,150,141,159,144,160,146,143,156,152,140,157,157,159,150,162,131,143,152,139,142,163,161,141,160,161,161,151,153,155,145,147,122,149,139,154,135,140,151,160,150,161,138,152,145,143,150,156,147,148,150,126,153,149,153,133,159,146,165,146,139,134,174,144,148,162,160,157,157,139,157,159,142,145,138,141,153,143,147,151,139,150,165,151,145,144,172,167,142,161,134,157,168,144,141,154,159,127,134,144,144,153,147,148,161,150,139,156,158,150,144,133,144,150,149,163,174,156,147,137,160,130,142,150,152,146,153,150,152,152,171,159,136,146,157,140,144,146,163,151,148,134,162,154,138,145,159,151,147,165,169,144,149,155,164,156,151,153,154,146,162,152,136,160,144,150,145,142,147,169,148,143,160,152,152,140,156,141,145,151,128,155,158,133,158,159,156,147,151,143,183,149,151,129,126,135,142,146,157,166,145,137,136,134,153,155,150,153,148,138,145,155,149,143,156,151,165,156,158,166,146,154,140,139,153,154,143,143,165,159,168,135,158,140,150,133,130,133,138,117,143,149,159,161,146,132,145,153,153,149,156,147,147,140,156,146,142,149,143,137,152,148,150,136,152,162,136,152,157,167,157,144,151,158,144,135,140,156,138,153,131,130,158,141,150,150,146,160,129,147,163,167,163,138,168,162,164,152,149,143,147,146,168,153,149,135,140,146,151,157,160,137,144,157,150,145,170,140,166,154,151,147,138,155,142,143,148,154,160,162,147,153,160,138,138,150,145,174,129,152,128,155,138,145,140,143,153,145,153,155,139,155,160,154,154,140,160,149,151,153,138,146,163,142,133,145,150,150,153,137,144,136,146,138,137,164,148,153,141,158,157,157,154,152,141,142,146,145,164,156,142,152,147,149,146,152,152,146,165,135,149,150,165,149,153,140,159,160,150,138,155,156,158,143,137,163,156,163,141,130,159,135,153,151,156,156,151,139,133,139,131,146,153,155,153,145,160,159,152,157,153,140,131,158,146,135,153,153,162,152,143,160,147,154,133,129,138,159,161,167,149,142,145,162,158,159,161,141,156,162,148,148,142,139,126,151,160,139,154,160,145,133,136,145,159,146,144,134,149,166,145,147,149,154,155,136,154,143,143,156,143,175,146,149,154,168,158,154,154,150,137,132,145,160,157,155,161,138,157,156,142,142,162,158,159,159,155,147,156,161,179,140,140,161,151,146,151,165,134,145,134,142,171,165,155,145,162,132,149,136,159,152,145,154,148,162,145,157,166,147,168,170,148,146,148,157,148,138,136,140,164,125,156,147,161,158,151,143,142,150,159,162,150,146,146,144,142,163,156,146,158,149,164,147,159,140,169,140,167,151,150,156,149,140,161,156,158,156,160,163,148,150,133,153,146,135,161,166,163,163,147,135,136,150,155,134,144,152,143,145,171,135,150,141,145,165,133,139,138,155,154,151,146,157,129,163,157,154,158,144,155,159,137,145,174,144,169,136,143,146,141,152,146,159,140,148,157,135,147,161,153,143,147,147,155,152,169,136,145,137,163,164,152,149,132,152,136,148,154,143,146,164,145,152,138,158,148,150,132,144,156,139,136,156,115,144,154,146,161,152,148,147,141,169,148,151,142,141,145,149,155,140,163,160,137,160,146,156,157,149,152,145,145,158,146,162,165,171,156,139,171,142,147,146,157,163,154,148,158,150,161,144,136,151,151,150,162,128,162,144,142,132,164,147,130,163,165,150,158,161,132,163,127,129,149,140,152,159,149,129,143,132,161,163,153,150,148,144,160,162,152,143,148,143,155,156,141,147,138,146,133,141,140,154,153,159,156,132,156,146,165,157,166,160,148,156,148,142,152,154,175,145,138,143,143,160,136,141,156,139,153,142,161,167,130,167,139,158,174,165,142,151,142,144,160,156,147,139,151,148,148,143,154,155,157,147,159,159,142,144,164,144,151,157,145,147,145,153,154,149,133,165,152,173,134,152,146,141,140,139,142,146,159,148,146,150,147,153,157,155,141,157,159,155,156,155,151,129,145,139,144,155,127,134,132,158,151,150,148,149,169,140,144,149,149,150,152,167,150,137,172,133,144,135,161,156,137,150,147,146,148,146,158,156,136,156,157,160,133,135,157,160,134,143,164,160,134,156,158,151,129,152,150,170,161,148,145,143,145,153,154,156,146,134,134,142,156,159,153,151,148,145,137,156,163,155,141,155,155,146,133,151,143,142,157,167,164,144,151,139,156,148,137,148,157,156,144,162,147,146,147,146,144,148,151,144,181,142,157,150,157,162,156,166,143,165,146,136,147,147,151,162,145,138,157,128,143,162,158,135,144,166,165,150,147,158,168,145,156,159,147,159,150,149,176,133,158,160,133,136,154,158,144,141,125,162,151,145,127,148,142,133,156,136,146,140,155,137,136,158,148,145,140,159,153,159,154,151,154,157,158,148,149,147,150,147,142,181,154,160,159,165,142,138,160,136,161,167,137,150,152,151,153,166,152,151,157,149,163,159,158,153,147,164,123,155,161,165,166,160,151,140,129,138,171,145,156,150,149,158,146,136,141,143,147,160,159,149,145,154,135,143,155,137,142,141,157,136,152,159,143,138,140,154,127,173,156,153,130,155,141,160,157,149,140,159,154,147,158,154,130,161,145,161,145,162,155,161,155,154,126,148,147,158,127,143,151,148,156,161,168,151,159,161,148,156,165,154,136,151,136,140,155,153,148,166,172,148,147,145,168,141,134,162,155,144,133,147,151,142,132,156,151,153,166,149,136,157,138,138,158,149,142,154,146,160,154,147,147,163,150,159,135,136,144,156,157,155,155,156,151,154,161,158,132,155,173,147,154,151,144,129,143,144,141,150,142,150,166,147,153,131,152,146,136,131,157,134,153,154,153,153,155,145,144,158,162,153,164,126,141,143,137,163,150,176,161,155,150,141,156,126,161,139,135,145,143,138,146,145,147,156,156,176,150,147,153,144,154,153,164,136,158,150,158,156,139,131,151,162,160,150,134,166,141,153,163,133,158,142,168,164,163,147,144,150,145,152,145,152,136,151,134,136,157,154,155,149,139,142,156,137,140,133,153,154,162,161,160,151,149,152,150,175,156,166,149,143,157,156,158,154,139,143,142,154,153,150,139,150,151,151,145,139,156,135,151,155,169,150,156,158,152,151,153,133,162,141,147,147,155,150,152,159,141,138,152,155,140,139,138,140,148,149,144,155,145,145,149,142,155,169,166,176,132,169,141,146,151,162,161,169,160,158,143,155,148,157,140,168,153,139,158,146,144,143,147,137,152,166,122,136,168,140,149,146,153,153,154,138,138,139,162,148,160,142,143,142,155,161,161,143,146,136,150,148,141,137,150,161,168,174,145,143,163,169,160,160,160,167,147,141,163,136,129,136,140,165,155,143,139,141,156,132,120,146,145,147,157,157,148,145,160,171,150,133,148,154,167,157,157,154,154,145,132,139,147,148,144,138,149,143,148,147,139,145,161,144,141,156,136,147,133,159,155,165,131,157,158,143,130,170,132,153,156,142,144,151,136,160,157,150,150,148,136,165,166,120,145,159,162,142,156,159,167,149,141,137,159,147,164,156,159,131,157,150,152,138,142,153,141,167,144,154,143,145,145,135,140,160,163,148,158,153,166,144,159,145,156,143,134,150,156,160,142,154,156,150,143,137,132,141,158,143,150,135,151,145,145,147,160,144,134,127,151,148,137,134,159,158,137,141,153,157,153,146,160,159,146,173,145,135,150,154,140,142,140,153,145,161,150,164,141,165,133,149,145,139,144,128,156,143,142,140,149,145,144,166,160,174,171,153,156,150,154,150,147,134,167,169,135,149,157,151,143,145,161,150,133,135,137,154,139,131,160,136,149,147,143,170,130,155,154,170,152,139,163,165,146,157,151,150,150,137,138,156,144,154,167,144,148,161,162,147,151,151,149,140,157,148,165,154,146,134,157,155,154,160,140,165,139,149,138,142,138,152,160,141,143,152,135,137,130,136,156,140,170,146,152,124,145,133,157,145,156,159,154,135,145,154,128,161,147,149,151,150,136,149,147,147,155,140,154,135,152,157,135,153,164,151,153,159,144,145,153,160,137,140,151,133,161,140,151,135,150,169,150,161,152,154,149,138,140,152,132,147,147,145,149,139,161,145,150,150,144,164,160,139,145,164,145,162,140,147,161,146,134,154,153,161,144,151,163,161,161,163,137,142,164,151,164,143,138,144,150,135,169,154,150,144,139,157,150,149,145,157,150,144,157,162,158,132,160,168,144,145,158,170,156,155,156,150,135,156,160,136,134,154,153,158,162,167,150,154,149,152,143,145,134,157,164,160,137,158,152,176,151,154,159,150,150,122,173,158,148,148,148,152,147,150,143,152,161,160,149,157,173,159,149,163,146,151,153,128,150,147,145,161,151,138,147,168,157,139,143,144,136,147,160,164,140,169,140,155,133,159,141,129,159,146,157,147,136,134,144,171,159,170,141,133,165,140,150,155,148,167,142,162,149,146,148,155,140,153,152,148,162,147,146,155,148,133,132,154,167,154,146,136,162,163,146,154,146,145,140,151,117,174,147,153,157,141,154,126,142,158,151,158,139,135,166,135,153,140,143,150,146,149,154,162,155,145,147,155,157,147,156,147,144,155,161,161,144,149,150,157,139,136,160,131,160,145,154,143,154,155,161,154,157,163,122,175,149,154,137,149,140,151,160,155,147,155,131,152,146,149,145,163,160,159,150,136,159,141,158,161,136,142,162,144,157,152,154,148,150,158,153,143,138,154,153,144,141,153,149,156,146,156,180,144,147,140,149,154,151,143,165,159,160,139,142,160,149,134,137,150,150,146,151,158,146,153,147,158,147,151,147,151,153,175,147,187,146,149,142,144,154,139,146,151,150,149,149,163,154,150,139,154,129,149,148,166,143,153,136,166,135,141,139,155,156,156,163,126,144,132,155,162,149,150,142,134,152,164,143,138,143,158,136,135,134,150,154,145,146,158,153,151,128,154,132,155,165,160,156,165,154,152,146,152,141,158,138,156,153,134,143,152,158,153,154,150,168,148,155,150,145,141,157,164,154,145,151,167,150,158,156,150,152,162,123,137,154,144,139,154,135,155,151,159,154,152,144,180,129,144,137,166,162,156,146,145,149,131,151,169,142,161,163,152,160,140,147,165,149,125,162,149,160,154,142,175,155,149,153,140,141,154,145,149,158,139,164,179,150,158,146,165,154,133,132,153,150,161,157,162,153,149,149,162,168,154,150,169,152,133,147,147,152,144,143,157,157,163,143,130,155,162,140,156,139,136,162,147,136,161,144,162,145,152,162,147,161,141,148,154,137,145,146,150,151,153,157,143,143,167,140,165,153,137,132,142,151,144,140,140,160,152,139,136,146,146,148,164,157,149,167,147,160,163,162,143,158,147,151,159,144,137,136,131,164,169,162,155,145,152,135,153,144,152,148,160,143,163,153,153,133,146,138,152,152,150,172,128,147,148,164,145,153,140,147,158,148,148,134,126,157,143,162,159,152,155,150,137,128,140,168,150,153,139,155,160,138,149,146,150,150,144,155,135,138,126,151,145,169,151,141,145,152,145,145,156,153,148,154,156,161,147,160,160,152,139,145,143,150,165,148,143,143,159,142,158,141,148,153,157,167,167,157,152,143,146,147,172,151,148,137,145,137,155,147,136,151,134,149,151,156,165,142,156,152,143,168,139,139,146,153,164,156,142,154,162,148,142,146,138,142,152,139,156,153,141,148,140,147,137,145,159,145,135,150,152,154,135,148,146,128,148,147,146,150,150,148,153,173,136,158,127,155,150,151,169,148,147,171,155,143,142,145,152,161,145,147,156,143,164,151,166,154,148,153,146,163,157,150,153,148,152,154,156,150,152,161,144,119,156,158,148,152,154,146,163,145,153,134,145,151,161,162,174,151,164,151,156,144,144,143,132,157,157,151,154,136,135,139,153,147,161,162,158,150,140,146,154,160,157,153,157,161,152,148,140,154,155,155,153,156,153,157,157,153,138,148,155,163,132,134,147,160,151,153,153,156,128,136,148,138,144,179,155,146,144,157,140,171,151,158,149,151,149,139,161,155,153,172,150,126,159,130,146,139,145,148,163,151,152,143,147,139,171,135,156,145,161,158,158,142,141,151,160,152,142,158,154,151,146,159,150,159,150,155,152,154,156,143,152,139,151,134,140,160,170,157,150,161,148,129,168,152,162,152,151,142,153,166,166,152,122,158,161,156,136,170,152,160,148,163,138,175,149,160,139,139,146,146,155,164,159,160,158,137,143,138,142,160,150,147,157,172,161,141,166,167,143,169,136,136,141,146,152,153,151,144,136,141,157,144,141,153,161,149,151,158,137,172,147,133,142,146,152,146,156,136,149,153,139,150,159,148,128,164,143,139,148,149,145,149,161,140,137,155,167,149,148,163,152,138,139,155,140,159,162,169,160,158,154,160,154,165,151,144,150,160,157,155,156,137,140,140,146,137,149,168,144,142,158,151,180,159,158,161,149,146,146,155,148,172,160,155,145,141,150,141,159,141,138,137,154,148,150,142,142,141,131,148,145,159,169,154,143,162,159,146,164,138,141,145,143,151,152,146,155,129,142,158,159,140,164,151,134,139,142,142,136,150,141,132,140,137,138,135,159,145,153,144,130,158,147,151,164,161,163,148,134,164,136,144,161,163,143,140,173,153,159,164,155,152,170,133,147,155,153,162,157,175,153,137,143,139,163,143,154,144,138,142,164,146,144,155,150,149,151,154,137,151,148,161,160,148,136,157,149,133,143,136,158,155,139,151,155,135,145,152,168,148,160,167,147,140,151,146,142,152,163,150,137,142,141,138,160,137,128,160,128,158,156,174,153,136,136,131,169,151,171,161,140,139,153,149,152,149,141,162,135,154,143,160,145,150,159,137,151,125,178,162,144,140,150,150,135,135,154,155,156,151,151,148,136,157,144,128,159,166,147,152,159,143,150,149,143,150,161,144,160,144,157,166,150,165,163,157,159,161,142,152,138,161,131,149,142,161,144,160,139,154,155,148,160,150,153,149,156,152,135,153,144,126,122,165,157,139,142,127,153,173,150,146,136,148,129,137,146,153,138,127,151,138,156,149,142,141,138,135,138,145,142,137,154,168,150,153,153,163,151,139,154,168,148,137,144,156,145,169,138,146,154,147,158,141,140,137,144,151,138,148,142,150,145,154,158,155,140,141,157,131,161,143,139,134,145,145,145,162,156,143,158,176,153,133,161,151,149,143,149,139,145,133,155,165,148,143,155,136,147,147,158,144,157,153,134,153,146,161,147,139,162,141,151,155,156,154,155,148,146,144,157,141,143,144,142,130,163,141,161,158,130,153,156,135,158,146,154,115,156,137,155,162,151,130,143,161,144,169,127,137,149,159,140,153,156,157,158,148,165,159,150,154,138,166,168,152,140,161,173,164,150,159,154,138,153,150,157,152,146,147,150,153,142,146,142,142,148,152,142,157,135,161,126,152,159,153,164,158,153,159,159,142,133,145,158,156,135,178,156,150,159,159,142,147,169,133,127,158,166,154,151,137,137,137,155,138,156,180,139,158,156,153,157,145,146,147,151,137,148,144,153,151,156,163,154,146,148,148,151,150,139,133,149,151,158,139,151,157,150,133,151,134,147,157,155,140,150,140,143,148,151,158,150,167,137,164,141,136,146,135,133,162,142,143,141,147,144,147,129,142,161,159,146,147,134,150,159,136,152,142,125,165,155,159,152,165,157,138,160,148,133,157,148,134,154,131,154,153,150,152,142,134,155,154,154,157,152,147,144,137,144,166,136,144,138,163,160,137,155,158,153,166,147,133,146,133,153,147,144,127,158,135,153,147,151,132,158,145,153,160,156,152,117,154
157,162,151,152,148,160,175,134,144,144,146,153,146,128,129,157,141,140,173,141,151,138,170,159,159,162,151,130,153,159,124,142,134,170,150,147,142,172,138,151,155,155,144,146,146,153,162,147,150,162,131,144,154,154,175,137,157,145,147,162,162,158,161,153,142,137,158,145,156,139,149,152,143,153,148,151,158,152,145,145,139,147,139,157,161,157,150,141,136,165,146,165,156,146,149,167,139,166,150,156,157,152,137,155,146,155,153,153,128,158,142,164,151,154,148,156,162,148,149,144,145,148,148,134,154,146,148,136,158,147,159,130,157,134,153,153,136,162,145,161,148,145,148,168,132,152,153,156,140,151,158,155,154,135,142,136,149,151,155,141,155,168,156,158,150,146,140,168,153,161,130,133,152,148,153,137,168,148,128,131,149,165,156,147,146,145,140,148,139,150,145,160,118,141,134,153,152,157,152,145,150,169,151,150,131,135,142,159,145,150,131,164,141,142,152,121,161,154,132,159,155,151,149,166,126,153,139,153,148,150,163,156,129,145,166,164,164,144,139,130,152,166,146,141,150,155,158,159,158,163,135,140,153,163,140,149,146,142,164,157,139,161,149,146,164,161,149,153,146,147,159,153,175,153,161,129,167,137,135,156,158,137,140,163,151,150,173,155,145,173,136,165,161,165,167,149,149,141,155,153,165,143,157,141,123,140,145,142,142,153,147,159,144,145,139,140,148,141,157,145,157,162,140,160,155,148,138,140,148,131,152,151,159,142,144,155,167,124,142,163,161,156,164,145,134,150,164,152,130,146,154,153,139,154,138,144,152,147,164,146,136,141,158,148,143,151,164,123,173,134,142,135,166,171,150,137,160,148,146,149,145,148,153,143,145,158,168,153,133,149,163,148,160,156,160,146,146,148,156,145,157,136,168,155,152,153,151,147,166,140,153,146,149,148,150,149,149,127,163,130,161,153,148,147,154,143,143,155,159,143,147,140,138,142,142,149,159,153,141,144,163,173,164,144,160,147,141,150,161,149,142,157,150,132,143,151,161,153,157,139,152,154,140,154,164,143,148,146,142,155,164,135,133,164,172,136,163,159,148,149,155,142,166,134,145,147,140,135,155,159,165,152,126,155,155,143,151,156,160,149,151,133,143,141,153,147,135,154,166,153,151,140,150,138,156,144,154,146,151,140,149,167,154,159,164,144,156,141,171,159,150,154,152,151,129,154,155,137,142,144,160,170,147,146,161,162,147,142,138,164,147,135,155,156,154,141,155,141,158,143,167,127,168,165,141,154,142,149,161,133,143,139,144,167,147,144,155,141,161,146,157,159,153,147,149,145,156,155,155,153,153,154,151,121,161,152,144,144,141,153,146,141,153,151,154,161,155,158,146,146,150,150,162,162,154,153,131,137,167,154,145,155,143,151,129,155,159,138,141,154,137,150,161,154,127,152,145,141,152,160,144,139,161,157,148,168,160,148,148,150,151,138,160,166,141,151,127,159,140,157,132,165,171,161,164,151,147,139,160,140,148,142,154,147,149,145,132,141,141,137,163,144,154,169,166,158,143,146,150,153,153,143,147,129,146,152,164,157,147,140,157,142,149,164,137,146,144,157,154,145,145,128,157,147,143,158,136,156,135,155,164,147,171,156,168,141,141,160,147,150,155,162,163,147,149,148,161,151,163,160,134,157,152,125,149,165,153,140,150,157,136,159,156,167,144,147,146,167,156,155,155,160,139,148,146,135,147,149,160,151,147,171,153,162,157,153,144,152,151,150,137,150,155,158,155,151,158,154,130,159,165,133,150,135,160,152,172,156,154,154,145,150,155,152,170,148,154,143,151,147,139,147,151,164,158,157,155,135,140,135,169,141,153,142,148,143,143,145,156,137,138,136,135,153,144,136,166,162,151,156,154,165,150,130,151,155,136,147,139,134,166,139,158,137,142,167,151,152,149,141,161,150,158,150,146,149,148,137,167,129,158,175,168,139,161,162,161,137,146,151,162,149,139,144,162,142,146,140,152,155,158,138,158,153,152,153,127,141,153,164,162,154,159,125,165,156,156,152,164,127,132,139,160,149,146,149,151,161,160,128,145,147,127,159,155,130,167,135,149,138,128,149,137,144,133,144,128,151,144,137,146,139,155,162,148,164,144,140,153,145,139,148,151,158,150,134,151,150,158,139,150,139,158,140,141,160,140,147,133,152,136,155,143,148,139,154,141,139,155,140,169,146,136,176,137,151,171,142,152,134,155,152,153,152,153,144,149,138,154,160,143,151,138,158,140,162,152,154,149,155,137,135,161,151,161,157,147,153,132,137,146,144,139,147,147,142,138,140,176,150,146,160,150,152,171,147,167,168,159,147,175,153,149,139,133,159,143,151,149,140,163,157,148,158,149,152,168,147,164,147,145,141,146,141,156,139,133,161,139,156,153,123,142,148,136,148,164,163,148,150,147,161,138,154,154,150,138,149,148,138,147,138,144,151,145,149,154,148,139,158,143,134,157,155,157,167,152,165,145,153,154,156,140,152,154,145,159,156,149,168,150,133,148,130,156,151,173,164,158,139,146,139,139,155,133,147,145,131,147,141,142,155,123,140,142,155,155,144,161,166,128,158,162,156,160,136,147,154,153,148,137,164,142,159,159,176,148,142,153,148,138,155,161,161,165,135,160,145,146,147,134,141,139,150,151,152,168,135,160,141,139,131,143,139,155,158,132,137,160,151,157,158,145,136,163,162,147,142,140,134,144,154,168,156,135,145,155,164,149,142,162,166,164,146,152,141,169,151,151,141,148,139,152,156,145,160,140,149,137,155,140,135,158,161,152,134,170,139,164,144,161,149,151,151,124,147,137,157,147,145,139,150,160,148,133,154,146,145,152,161,152,132,151,154,161,162,167,150,154,151,158,150,144,165,156,178,139,152,153,132,144,150,139,141,143,143,160,162,168,149,144,168,141,155,142,129,154,141,148,145,159,154,145,158,146,126,154,146,160,141,142,148,158,149,118,156,145,148,147,158,157,139,154,140,151,164,158,143,152,147,146,150,150,152,156,154,147,150,137,153,166,157,146,161,158,155,158,139,147,158,159,171,156,154,156,150,127,143,162,150,161,144,152,132,137,154,164,141,135,150,151,137,142,165,142,148,158,156,159,145,150,127,155,144,154,150,144,145,166,134,139,137,145,151,147,171,163,166,149,159,152,149,159,130,146,129,151,157,148,153,144,146,149,159,159,168,137,141,159,153,150,155,143,152,138,138,157,144,152,146,142,157,152,173,139,148,152,161,139,158,149,154,143,151,159,143,152,146,139,162,160,154,158,141,138,155,147,151,136,144,148,144,141,151,165,155,160,152,144,149,140,158,150,151,139,149,152,142,143,145,183,154,140,154,154,137,169,157,154,146,151,128,156,160,150,137,153,148,136,142,157,152,145,148,153,152,143,137,165,161,161,153,144,145,166,145,144,147,150,151,131,152,154,148,151,153,141,138,169,157,159,155,136,142,168,148,139,134,158,137,161,150,153,163,162,147,160,146,146,152,136,142,137,147,152,167,164,139,151,139,160,141,148,149,148,142,131,146,149,147,146,153,142,142,168,159,137,138,146,157,152,144,183,152,153,155,156,149,145,159,161,162,145,149,148,156,144,161,146,158,146,153,137,142,166,161,160,151,139,150,143,160,134,153,165,156,144,143,146,156,151,146,159,175,155,168,146,156,159,166,146,155,153,165,158,142,133,149,156,145,149,165,151,150,149,146,155,154,164,128,155,146,170,141,162,142,130,134,143,149,127,146,153,143,136,163,163,165,146,172,156,152,136,166,155,160,150,142,165,150,151,148,157,154,156,152,123,171,158,145,153,144,149,150,139,153,168,143,134,148,160,159,150,129,152,141,155,166,145,159,166,140,146,135,171,154,161,168,134,161,145,143,151,140,153,137,164,153,153,149,144,139,148,142,159,140,147,147,143,146,160,150,151,164,157,170,144,159,153,147,155,142,143,150,148,148,130,140,171,152,160,145,141,180,157,152,153,159,152,149,150,153,138,151,150,159,150,141,131,134,144,172,158,155,142,147,134,173,160,168,146,152,152,149,158,161,150,139,147,163,155,147,129,176,145,148,143,157,154,139,143,149,139,142,150,146,142,162,161,134,158,137,135,154,143,175,148,146,157,151,157,143,161,152,164,169,149,157,149,143,157,156,136,135,158,129,148,156,161,152,139,130,158,138,137,158,140,147,154,144,141,140,143,132,140,146,171,169,159,123,166,151,157,148,129,145,144,161,137,155,155,152,152,149,156,147,145,154,143,151,124,154,142,145,138,147,157,151,169,143,144,154,136,155,158,126,151,146,140,157,151,144,139,163,164,138,157,147,153,141,150,147,143,149,150,141,148,126,172,147,135,142,140,149,146,167,153,158,127,141,131,151,146,145,142,156,157,166,145,130,158,160,152,149,133,152,164,137,151,165,148,139,168,137,163,147,151,147,157,154,155,139,143,141,150,149,138,159,152,152,161,153,149,142,138,153,144,149,161,161,166,151,149,157,148,155,147,162,151,161,138,149,146,152,159,133,160,161,130,151,146,150,144,163,150,140,144,156,174,159,151,148,148,166,152,157,143,168,149,136,144,149,135,153,150,170,137,145,148,172,163,155,154,152,152,140,154,153,144,131,151,146,163,152,157,126,144,159,159,157,135,155,152,153,131,159,138,165,148,152,154,154,168,153,145,157,153,145,129,149,149,142,151,144,155,141,133,155,157,172,151,153,150,122,138,147,143,151,135,146,154,150,167,149,144,144,159,137,136,154,166,146,151,157,137,158,156,142,164,135,161,153,145,135,163,151,154,163,162,136,158,136,146,151,170,148,147,145,152,165,134,148,125,132,176,140,138,150,146,138,153,160,152,170,142,151,152,149,147,163,152,146,152,130,160,157,134,144,156,170,152,158,152,142,140,140,152,146,154,146,167,148,141,165,137,147,163,127,149,181,140,128,147,140,147,143,148,144,153,132,160,164,148,140,158,148,164,138,159,130,164,149,151,156,168,147,162,146,157,146,156,154,153,137,161,119,122,155,136,147,164,157,157,147,132,150,144,146,151,136,146,163,155,147,140,156,156,148,146,173,178,151,148,149,155,154,154,145,156,137,150,153,161,156,149,150,162,166,149,164,161,129,159,153,118,149,137,152,146,170,155,149,162,133,151,142,146,147,164,138,140,140,160,150,155,131,124,143,147,154,153,159,135,154,157,155,157,153,159,141,155,149,140,160,140,154,152,144,160,164,143,148,146,139,153,154,151,172,145,146,157,165,166,149,146,147,148,150,143,139,154,157,147,154,149,141,146,149,130,140,150,158,162,148,140,174,161,154,146,143,151,146,143,147,159,157,158,132,127,150,143,145,141,152,143,140,156,171,153,136,138,161,159,151,147,153,167,153,136,154,142,154,162,156,170,152,154,143,161,141,146,144,146,160,148,157,155,156,133,163,164,135,154,147,140,120,138,149,148,158,148,152,159,155,149,137,144,168,154,163,155,149,153,153,156,155,161,138,152,151,146,162,136,138,146,171,151,156,164,138,151,146,138,154,146,162,138,158,150,132,158,143,150,156,160,146,152,144,145,146,141,146,157,166,153,154,150,155,144,151,138,145,160,149,157,144,137,154,160,146,147,157,144,155,149,168,168,168,162,151,149,160,157,146,164,140,158,142,163,152,141,150,162,166,147,149,149,154,138,151,160,145,158,147,159,155,160,133,158,167,147,147,146,153,155,146,160,141,133,151,156,134,147,137,160,150,154,143,163,170,152,150,142,148,141,146,155,153,154,141,149,158,169,148,143,151,122,136,159,151,150,144,139,144,158,145,151,136,188,161,134,168,152,158,164,156,160,159,146,135,142,134,143,147,152,157,151,151,150,158,133,141,139,154,165,146,165,147,148,154,168,152,151,162,149,160,139,169,141,148,164,150,139,130,156,151,156,144,134,153,150,154,159,133,132,150,158,139,138,163,134,143,157,157,140,155,165,141,148,148,159,155,149,156,143,152,149,153,149,151,149,125,144,144,148,153,161,153,158,131,166,166,156,132,139,147,161,162,144,135,157,144,134,158,146,162,159,125,148,135,157,157,153,150,127,152,130,152,148,150,138,146,161,148,150,149,171,142,133,143,142,162,133,162,153,149,170,166,151,145,165,141,146,150,142,154,137,153,139,154,145,169,170,148,168,136,148,147,161,151,134,146,145,150,150,160,151,139,145,128,150,143,138,155,147,158,143,132,150,137,159,165,141,152,160,141,151,159,151,147,148,151,146,144,145,144,169,149,151,170,122,154,126,148,161,150,143,162,177,140,146,133,155,148,152,156,154,168,174,158,140,138,150,157,151,137,161,170,159,138,140,145,151,156,151,150,170,147,140,149,138,148,156,143,139,128,150,131,155,154,161,145,148,129,154,139,153,145,150,144,139,152,129,146,157,144,151,151,143,159,171,144,134,148,144,144,152,165,147,141,151,143,144,142,151,150,155,164,150,158,140,141,157,140,153,149,153,156,155,153,159,163,137,160,149,157,154,171,161,142,155,134,156,144,147,160,159,146,136,149,146,148,151,144,139,154,138,162,152,166,142,147,142,152,133,153,147,153,145,160,153,162,161,144,157,154,159,161,162,150,144,153,152,152,172,166,137,145,164,153,151,135,135,132,158,134,145,135,160,154,146,142,154,138,157,148,139,136,154,147,135,147,147,146,143,143,144,149,150,127,136,161,152,172,135,140,144,140,145,149,149,141,143,136,151,149,151,149,134,152,154,135,142,160,169,145,147,151,153,136,153,155,152,146,138,133,140,156,149,161,162,136,139,148,155,158,162,148,158,151,133,170,164,153,155,147,168,143,151,164,144,148,156,149,133,141,151,152,162,146,144,161,153,138,156,149,140,156,151,170,142,145,163,155,152,153,147,145,168,156,170,142,153,149,143,139,157,128,152,163,158,152,157,161,167,176,134,150,141,145,148,153,171,148,158,153,156,157,157,139,132,145,152,138,158,152,163,156,154,152,147,161,135,158,141,165,155,145,139,156,148,151,137,161,121,135,150,151,155,150,153,163,143,148,139,144,132,158,148,153,146,146,127,152,145,147,149,157,156,144,176,135,147,142,146,152,157,158,154,135,149,163,161,131,148,161,150,163,144,139,155,136,138,141,162,148,158,162,151,149,147,144,154,157,149,149,155,147,143,148,158,141,152,150,152,140,159,140,141,155,167,173,157,146,139,143,143,152,146,146,153,160,146,138,136,157,160,147,151,170,137,148,155,164,177,138,130,168,148,134,149,156,142,151,159,147,147,143,156,160,152,137,145,150,154,173,151,154,147,159,148,137,125,132,132,147,184,143,140,151,138,149,145,156,163,138,156,170,139,145,149,138,163,158,153,150,143,169,130,143,153,143,144,145,158,141,147,133,160,150,152,130,152,164,158,142,157,131,156,161,133,142,150,157,159,162,165,152,167,145,167,146,156,153,160,145,168,151,165,169,125,164,150,159,156,153,124,155,146,151,136,140,147,159,149,148,160,155,157,147,148,158,135,154,145,160,166,159,155,149,158,163,147,132,132,154,138,138,140,156,154,146,149,137,145,144,153,162,144,156,151,142,140,158,148,144,159,166,138,134,140,159,170,148,145,144,160,156,143,167,166,149,147,152,153,152,156,159,153,145,151,139,147,173,154,149,155,158,168,155,143,156,155,157,149,132,153,151,138,166,144,158,138,149,152,151,153,168,146,145,147,158,137,157,167,149,148,149,170,158,138,128,156,147,157,146,136,161,133,143,135,149,135,164,157,139,154,148,141,159,163,162,158,161,149,148,141,133,154,144,157,158,153,152,127,135,165,156,132,131,140,145,172,156,144,157,164,136,151,170,168,174,150,132,150,146,140,132,146,159,143,140,144,158,152,156,146,147,150,150,150,157,135,119,139,154,136,152,158,143,170,159,135,144,149,158,150,169,135,134,155,154,162,135,156,149,148,151,146,141,142,158,164,164,156,136,150,156,151,154,139,150,151,151,164,149,136,140,153,158,156,131,134,137,158,150,147,155,137,150,151,163,148,124,162,142,146,164,149,151,148,168,159,144,150,150,151,147,145,168,150,135,154,159,161,156,156,142,134,135,152,161,146,163,142,165,145,177,169,158,161,152,151,150,142,156,162,157,159,154,158,153,155,139,149,156,147,176,159,164,131,166,138,138,143,148,164,143,150,162,146,132,149,149,156,142,146,156,152,163,146,151,151,149,142,152,141,129,170,160,155,147,153,130,142,154,146,134,161,134,148,150,150,161,140,157,143,148,138,134,153,144,152,144,146,137,138,124,156,151,142,151,151,144,138,141,154,150,163,139,135,149,157,169,159,133,152,153,137,160,148,152,147,130,146,129,142,135,146,142,142,148,136,135,145,137,131,141,163,143,148,158,159,154,164,133,156,146,137,174,151,150,158,171,157,142,137,159,146,152,162,144,134,145,137,167,150,134,162,146,154,145,128,155,134,162,139,149,131,139,151,141,160,160,139,149,134,139,154,150,148,131,141,176,149,140,157,147,150,152,152,140,147,140,140,129,145,162,134,170,152,159,144,144,145,135,153,149,148,149,134,136,157,172,155,152,152,142,149,148,142,154,149,142,136,149,160,154,139,132,141,163,151,161,145,145,153,160,144,149,154,163,146,148,138,160,151,149,131,158,161,159,144,161,148,151,158,147,148,147,138,150,157,140,149,125,154,148,138,162,148,161,162,148,145,144,139,154,147,130,151,155,147,146,134,165,147,150,141,138,164,138,133,161,162,148,155,136,142,148,132,143,141,157,136,147,140,143,143,149,150,142,149,156,149,155,145,166,150,163,151,157,158,144,147,144,139,147,159,164,139,163,152,146,150,160,150,153,142,157,155,151,160,125,149,141,153,162,155,157,139,137,147,149,150,130,133,139,150,147,132,151,145,144,142,151,175,144,140,150,174,139,145,155,159,162,155,144,150,154,148,148,156,132,151,143,160,156,160,144,164,149,149,147,145,140,134,163,148,154,157,148,163,148,147,145,132,145,148,155,144,149,168,169,168,165,165,150,141,137,149,157,150,159,139,159,166,146,165,153,137,133,149,154,163,138,159,161,163,123,146,168,131,134,139,158,158,148,162,157,152,152,164,145,156,152,149,136,153,163,157,129,152,153,170,157,174,124,140,152,157,134,159,145,150,146,125,144,150,157,149,140,155,150,147,170,156,156,152,151,155,166,156,156,134,159,155,149,137,167,152,160,153,145,164,152,150,144,140,147,144,186,155,129,148,153,147,141,145,141,148,164,153,154,143,152,162,157,153,156,162,156,158,149,145,150,147,137,130,161,158,154,153,131,147,156,143,152,144,153,151,147,151,151,145,155,146,159,139,158,138,157,147,164,132,144,152,158,129,157,130,156,164,156,158,139,156,156,143,146,153,149,165,135,133,132,146,155,139,153,145,132,130,147,156,152,136,155,155,162,144,150,133,156,143,163,153,153,150,134,153,157,147,141,159,152,145,157,138,151,145,130,161,151,150,142,133,150,159,149,145,139,145,165,151,172,149,133,169,135,146,167,135,140,175,159,182,141,142,163,149,163,147,138,143,148,166,161,136,167,158,157,145,151,139,165,151,145,143,159,151,166,147,135,158,156,148,148,140,161,156,153,145,148,157,139,159,176,160,132,134,141,145,152,137,146,150,156,149,152,144,149,154,148,136,145,136,154,172,170,141,146,144,140,153,153,147,175,141,156,142,160,162,122,151,152,158,130,152,153,137,138,144,160,160,158,142,138,150,148,166,146,146,139,144,132,148,152,142,162,145,146,155,138,140,145,145,149,153,145,170,142,147,149,162,139,127,143,147,146,148,141,143,171,138,160,135,160,132,132,148,131,150,145,166,164,149,154,149,178,144,129,165,155,138,148,143,170,151,163,142,148,154,145,132,147,140,141,143,158,139,153,158,156,158,142,161,152,166,143,155,170,146,149,167,161,154,158,139,142,152,138,152,120,162,126,148,154,171,174,150,136,140,135,147,145,141,166,150,156,137,142,156,140,142,145,158,151,140,140,135,145,148,153,149,152,151,159,167,144,151,157,157,161,137,140,157,165,170,150,159,155,169,146,150,147,148,156,134,146,157,154,162,161,145,137,144,162,151,164,149,151,139,154,136,142,155,150,152,154,134,133,155,152,162,154,153,164,148,146,149,141,146,154,156,152,156,157,134,158,163,143,146,158,167,152,163,156,144,147,155,157,133,151,138,161,154,149,143,158,151,174,138,141,159,171,136,145,152,149,142,158,147,154,157,141,145,174,138,126,164,138,152,155,139,143,148,136,143,159,147,136,120,151,152,157,151,150,149,135,148,164,142,159,134,134,156,141,164,144,156,156,157,157,156,167,143,143,138,160,164,171,157,145,150,124,134,154,169,151,150,168,164,138,152,146,159,157,125,139,150,132,143,157,134,158,161,154,144,132,139,160,154,151,151,128,144,150,143,164,134,170,134,148,134,163,131,152,162,168,145,148,159,145,157,148,152,138,141,145,143,124,143,150,144,143,150,144,145,152,154,142,158,139,134,149,145,164,142,146,150,156,136,135,157,148,161,152,124,145,152,137,157,160,161,147,152,153,144,153,156,149,145,158,134,142,154,151,135,163,145,153,146,175,128,161,175,166,138,143,144,135,161,141,131,163,148,164,162,132,151,153,137,134,138,145,148,158,153,144,150,150,140,141,137,155,128,151,142,131,152,132,155,160,147,149,152,148,151,155,126,164,158,134,158,145,174,158,156,146,156,151,152,157,158,149,156,154,155,164,135,145,166,163,144,151,162,148,153,142,145,151,159,155,164,146,139,154,124,130,145,163,157,143,163,152,146,143,148,165,146,171,149,156,165,141,152,142,152,151,150,146,125,155,152,146,141,155,144,171,151,138,138,150,146,155,135,140,142,144,150,153,157,142,143,157,148,143,163,145,149,158,131,150,140,148,147,126,143,161,139,147,156,152,135,167,143,160,141,160,171,138,162,144,150,157,128,161,125,160,143,143,161,151,148,156,178,151,152,141,137,153,161,141,129,165,165,142,141,146,163,139,149,147,160,131,151,167,138,151,144,133,154,144,148,152,145,151,135,146,162,165,148,137,137,146,154,165,156,164,149,150,153,154,145,142,151,129,159,137,135,139,155,157,148,166,137,143,170,155,153,152,157,131,152,160,130,143,134,161,157,130,138,146,152,151,156,140,156,159,149,132,144,163,146,147,153,167,161,145,139,160,143,125,154,133,137,170,139,135,137,184,149,146,154,165,138,158,156,143,163,146,142,145,133,165,143,151,155,145,145,139,151,149,155,131,169,152,151,129,142,137,154,161,153,144,147,154,153,157,149,136,152,160,142,140,140,146,160,143,153,153,157,154,145,145,129,155,162,152,151,169,143,150,149,160,158,142,170,124,160,144,157,158,153,151,155,145,142,157,150,145,141,157,134,147,143,157,153,148,157,125,160,157,157,147,149,135,123,157,148,147,167,162,151,158,142,144,154,149,155,152,146,158,151,147,146,137,169,137,141,157,153,146,158,152,164,147,173,152,140,141,172,144,151,171,160,178,141,152,152,141,148,160,138,176,147,142,136,152,153,130,146,145,140,143,151,137,142,153,152,133,155,170,133,156,134,155,155,158,137,140,165,160,132,153,130,147,163,155,147,154,156,149,138,142,154,163,146,148,165,165,155,143,157,142,171,160,139,151,165,157,125,144,158,151,162,147,139,133,142,159,156,170,153,146,138,138,152,161,146,161,169,151,155,146,152,157,151,150,148,156,143,142,151,145,152,159,167,153,147,162,168,149,164,153,153,154,151,164,165,149,156,151,152,154,160,162,164,155,145,170,152,140,143,155,147,157,149,150,142,166,156,143,156,140,140,147,163,161,137,151,152,149,150,147,153,145,151,160,141,136,146,147,142,145,128,142,158,157,138,154,153,135,150,147,165,159,137,136,152,150,145,158,151,161,167,127,154,157,150,139,150,163,141,157,166,142,153,149,136,132,146,151,134,153,136,118,154,160,151,150,147,153,149,145,169,139,142,154,132,139,154,137,163,143,152,127,141,157,154,155,139,161,155,157,136,151,153,162,128,131,141,126,131,160,149,158,148,152,165,151,135,151,141,141,167,142,147,161,157,164,150,163,156,155,150,137,137,171,146,139,154,127,178,157,149,145,137,146,172,150,153,158,154,154,150,160,156,157,140,148,146,164,171,161,166,127,159,142,153,145,138,167,142,153,138,147,169,155,140,123,137,131,148,153,146,140,144,152,151,155,147,156,158,150,154,153,150,140,146,140,137,154,142,163,145,149,138,151,148,157,155,148,146,146,168,148,138,133,157,137,161,146,147,147,137,152,142,141,131,146,155,144,160,150,143,151,153,142,130,146,154,156,138,156,140,140,153,136,162,150,156,149,143,150,145,163,141,152,131,147,155,135,147,148,146,156,143,150,145,162,138,169,151,157,156,146,166,138,156,143,140,137,150,150,132,163,158,147,152,152,154,166,146,160,139,142,151,145,147,140,155,137,143,160,145,141,162,140,135,152,139,160,151,141,131,150,143,150,158,130,153,144,152,124,151,141,155,139,148,148,149,157,142,149,161,150,148,162,144,160,132,138,157,145,135,138,134,156,143,139,143,145,145,151,147,152,162,143,144,161,139,152,148,140,158,155,162,125,138,152,157,145,135,147,146,169,139,154,155,159,136,151,128,147,157,158,164,171,142,161,149,142,159,147,150,151,156,159,137,156,152,164,158,144,155,149,154,170,153,146,138,133,149,141,157,143,158,140,160,160,152,142,139,148,141,142,156,154,153,137,136,169,160,166,156,146,137,169,149,162,149,140,146,141,160,137,153,135,156,145,153,145,156,138,151,138,149,152,145,141,155,168,136,162,161,164,149,142,144,146,153,161,158,149,137,149,155,144,139,154,143,126,154,154,145,151,145,135,148,129,149,156,140,157,163,141,148,152,154,145,145,148,151,145,125,147,151,153,153,148,125,151,147,159,140,147,150,146,146,151,153,152,152,165,147,175,161,153,143,147,144,150,126,153,141,167,150,143,154,152,172,134,149,155,141,144,134,156,162,146,153,156,144,158,162,142,141,147,149,167,128,157,176,152,137,151,140,153,146,140,159,152,143,141,146,152,131,130,162,161,152,158,151,155,149,172,148,156,141,143,165,148,155,165,127,143,139,158,145,150,161,159,167,168,129,158,140,139,150,154,129,152,165,136,149,156,169,138,155,130,143,147,156,133,146,162,140,154,137,154,153,129,148,130,137,141,146,156,153,141,148,142,141,152,145,154,158,151,130,149,161,133,145,154,161,147,141,155,153,164,139,152,165,167,152,130,149,136,157,145,159,147,166,180,131,144,169,136,136,156,149,124,153,153,167,162,136,162,153,148,153,161,149,142,155,180,141,146,140,178,153,139,138,162,159,144,162,160,162,142,158,151,138,150,138,138,147,143,141,157,136,151,143,147,156,145,147,140,159,142,159,127,138,159,154,155,148,173,137,157,159,138,146,160,145,140,152,154,145,150,158,143,152,142,149,144,145,143,150,141,150,153,146,150,149,165,145,156,150,149,177,140,144,157,147,139,157,162,155,151,123,144,128,130,142,154,165,134,139,144,156,133,158,163,168,166,155,149,146,153,158,152,153,149,159,141,148,157,156,146,168,136,146,155,150,134,141,150,165,156,152,139,133,148,140,149,162,151,151,157,150,158,163,155,165,142,154,145,157,164,140,157,160,159,149,149,157,135,162,160,146,148,135,143,148,186,152,145,147,146,133,134,125,152,157,150,161,155,135,143,154,146,143,148,150,176,152,152,167,170,164,154,147,141,129,145,160,144,162,143,151,155,142,140,143,152,147,151,162,161,162,145,157,138,163,172,146,148,144,172,159,143,155,129,151,154,146,151,146,147,151,145,155,139,145,167,158,155,158,163,141,162,164,133,144,138,148,142,145,132,140,139,157,144,138,154,163,156,158,155,138,152,165,158,150,141,171,167,148,134,139,162,140,130,149,164,160,156,166,152,143,163,169,153,140,174,136,139,165,145,157,161,135,163,153,156,162,140,174,152,161,153,154,149,156,138,141,155,155,141,154,152,175,139,146,147,134,163,163,137,139,145,147,164,145,151,172,152,143,149,145,158,159,146,150,151,144,122,159,132,169,148,151,131,159,142,147,144,134,163,146,146,171,156,148,161,147,133,153,158,133,138,164,149,138,151,139,146,161,134,143,141,140,140,134,154,133,172,149,145,137,153,161,162,141,145,160,145,138,171,157,152,137,162,156,136,140,161,134,146,167,147,136,152,158,149,150,157,160,169,163,153,147,154,162,158,158,143,154,156,145,147,148,146,142,143,159,149,160,137,152,153,144,169,166,156,158,149,152,125,145,143,162,151,170,149,139,150,147,146,158,157,159,170,145,155,142,149,157,153,146,143,137,147,163,139,160,152,158,164,163,157,134,157,161,135,147,144,134,143,167,155,160,172,148,129,158,150,149,128,154,149,145,162,141,157,157,143,141,130,150,130,138,160,169,150,157,152,145,157,155,170,154,149,153,151,163,138,154,132,153,161,151,131,139,144,148,152,145,155,141,170,137,137,146,146,156,152,141,143,152,144,147,149,163,151,128,126,139,150,149,146,144,149,160,160,162,139,132,159,159,146,154,152,162,149,140,158,166,126,148,157,152,175,148,164,147,176,142,172,157,143,171,151,145,145,163,177,160,148,148,146,135,161,153,168,143,137,145,151,149,153,153,146,155,162,158,167,158,149,151,171,151,173,157,159,154,145,135,156,138,162,150,146,141,154,136,151,140,153,163,166,152,166,137,137,146,142,131,156,150,162,151,142,146,137,155,134,144,149,167,145,151,137,149,136,147,159,152,171,154,141,153,153,147,160,149,142,174,157,140,143,135,141,157,155,145,156,150,147,153,151,155,146,127,161,145,161,149,161,145,149,153,158,132,164,151,147,144,166,151,140,150,140,150,147,156,146,143,147,163,141,129,143,155,152,159,132,135,161,148,146,137,148,178,158,146,141,157,147,141,145,151,158,153,138,140,166,146,170,142,168,147,154,158,152,155,148,157,162,156,117,150,141,150,142,155,148,162,154,144,155,166,165,167,150,141,155,155,151,160,141,146,148,131,137,168,164,172,139,166,157,150,170,145,150,148,139,136,155,150,139,142,145,134,175,160,163,147,153,149,153,164,153,144,144,147,156,154,147,150,160,137,156,158,142,156,163,147,151,138,156,144,162,152,136,153,138,146,165,159,144,153,161,164,134,136,150,164,167,123,152,141,116,125,135,146,154,151,154,173,139,165,145,151,155,152,157,159,149,149,142,165,157,143,145,145,160,160,152,136,138,143,156,161,154,169,161,153,167,143,143,138,145,149,130,151,149,155,138,153,152,159,159,157,147,133,136,148,146,142,166,147,152,147,158,135,158,143,137,154,141,150,167,141,154,152,136,165,142,144,151,124,149,151,147,147,136,147,150,158,159,158,167,152,153,141,163,152,158,137,148,156,147,137,148,165,176,149,145,168,157,138,137,148,152,130,133,155,151,158,156,157,160,136,142,149,144,167,151,157,137,168,159,143,129,158,156,160,149,152,160,145,137,162,144,158,145,168,160,161,143,144,153,139,128,142,143,146,141,134,138,168,151,154,136,155,155,157,139,140,159,147,151,130,149,138,168,153,150,141,136,144,146,149,136,154,138,150,147,158,144,159,165,143,142,148,152,163,140,137,145,154,145,150,154,130,148,168,158,149,147,150,136,149,152,143,159,151,143,148,153,147,148,137,144,136,136,143,155,170,137,156,156,130,169,160,153,163,153,154,152,142,137,168,155,144,158,152,146,173,147,145,145,151,131,167,162,138,150,150,141,157,151,151,163,143,160,165,160,136,155,161,160,149,146,145,143,156,152,147,154,148,136,152,157,149,158,148,158,155,143,141,143,138,150,141,160,162,142,159,157,151,156,146,148,138,134,131,162,135,137,139,150,141,149,174,137,155,153,135,153,156,140,160,153,152,166,122,147,129,147,143,156,161,128,135,150,139,153,150,158,163,159,131,155,153,155,154,154,146,144,161,154,165,154,148,139,149,160,145,140,163,145,153,141,131,138,148,166,148,145,152,145,156,148,169,174,153,153,138,140,159,174,151,126,145,152,142,161,132,123,135,142,144,158,136,158,139,154,151,143,152,161,150,151,163,143,143,161,163,150,144,159,142,165,152,147,134,138,164,153,132,151,146,143,150,164,150,154,152,146,143,144,147,166,146,137,154,164,153,161,138,162,156,168,151,145,145,170,151,146,154,151,134,166,164,153,151,156,152,157,153,135,148,146,146,159,149,125,159,163,163,122,165,141,143,149,144,154,158,164,158,159,145,142,160,153,164,146,164,142,169,160,138,154,146,151,152,129,133,136,128,139,130,145,157,152,160,155,141,146,165,169,133,149,161,152,139,144,138,149,161,152,150,156,146,148,144,157,154,148,144,163,155,144,141,145,135,135,150,142,156,147,147,138,147,152,161,155,144,147,132,150,156,162,141,135,134,127,144,146,146,161,145,159,145,128,134,140,137,146,143,157,143,136,165,152,153,146,149,140,158,160,139,173,158,140,137,144,137,142,172,145,150,149,139,138,152,150,132,154,146,166,153,145,129,137,150,148,159,143,137,155,143,137,157,155,161,148,147,156,156,151,158,152,144,151,157,149,157,146,143,149,154,141,127,151,136,136,156,150,154,151,139,140,140,147,161,157,152,146,169,153,150,155,154,144,143,144,152,165,154,164,150,150,139,166,149,149,161,154,151,137,162,143,151,147,171,137,158,165,163,134,154,151,148,142,140,141,135,154,149,135,152,125,148,171,142,140,152,158,148,154,152,136,149,154,160,162,152,147,147,158,155,149,142,162,149,145,159,142,149,145,155,150,144,153,152,152,147,150,120,163,160,151,140,156,154,147,150,147,162,151,153,155,143,155,158,153,157,149,158,151,160,133,132,170,160,154,150,160,142,148,148,152,150,158,170,164,128,158,151,146,174,142,151,147,145,154,145,150,155,151,138,137,150,162,153,151,147,168,160,150,146,151,146,156,138,143,160,136,163,151,166,156,157,158,148,155,156,148,147,141,145,141,162,152,146,155,165,138,168,160,149,161,162,148,150,153,146,155,141,150,137,135,146,159,145,162,170,142,150,153,151,164,136,142,147,141,130,157,149,131,153,161,165,128,152,130,150,156,143,146,166,158,147,137,151,166,150,156,165,149,151,151,171,157,146,138,171,163,148,137,167,162,134,144,148,139,154,156,147,167,139,148,142,139,158,160,151,153,139,130,164,159,137,160,141,141,152,141,149,150,144,150,130,153,144,152,151,136,147,147,173,160,137,156,149,143,157,159,150,144,134,161,148,149,149,171,159,158,142,162,133,154,159,160,132,142,146,150,145,158,136,170,154,167,155,165,155,145,146,146,159,157,156,143,151,149,154,138,159,165,152,165,137,147,160,163,158,144,153,141,140,145,146,139,144,156,152,155,160,162,151,163,154,149,156,151,166,137,153,146,157,156,152,157,163,151,150,152,158,165,141,133,174,141,164,159,151,149,166,141,174,139,139,154,154,139,144,161,158,137,161,151,152,142,162,138,143,132,154,140,151,151,144,129,148,160,143,150,153,145,144,133,160,158,158,138,146,139,148,170,164,149,144,134,162,131,160,143,150,151,160,159,144,130,147,159,142,164,149,144,139,145,150,146,142,137,152,151,145,138,143,141,145,151,150,153,147,160,144,148,141,137,140,146,163,147,156,153,150,155,170,135,158,142,132,138,155,153,168,146,150,141,174,159,157,137,162,153,137,167,145,147,141,160,148,152,144,167,150,157,152,159,149,140,151,165,156,151,151,161,151,147,147,145,154,152,166,145,139,133,157,140,161,129,135,169,132,171,144,147,174,151,151,139,159,146,148,139,145,147,151,155,152,139,161,159,154,150,152,134,144,154,140,143,163,134,154,148,148,135,153,157,164,130,137,165,150,141,163,151,138,141,156,147,138,153,130,138,144,136,146,160,159,153,141,151,135,174,151,160,142,156,158,168,154,151,145,130,152,137,145,138,170,145,152,162,156,154,137,144,150,162,150,147,157,146,131,174,158,148,159,151,153,144,162,165,172,138,144,142,137,157,139,130,151,156,147,160,155,147,155,153,156,146,144,155,158,147,152,144,150,152,142,132,142,165,134,146,154,147,138,156,126,154,144,146,151,149,141,136,147,164,138,157,144,146,161,154,149,141,158,141,160,170,145,158,160,152,138,139,138,163,168,150,141,144,147,153,151,147,150,164,139,142,153,138,148,153,140,154,153,137,156,146,159,173,146,151,142,147,159,153,138,144,145,147,164,159,155,159,157,159,138,151,165,146,166,138,140,160,149,165,154,167,164,110,143,151,161,145,134,137,151,159,160,148,164,159,150,141,141,141,147,141,157,168,142,144,158,168,146,140,125,132,157,149,148,138,140,162,141,127,157,147,153,143,154,168,151,148,135,150,166,146,135,150,149,173,157,165,152,136,164,160,181,134,148,149,160,151,141,152,158,155,156,140,136,155,163,175,162,160,134,162,155,152,141,151,161,143,151,157,149,164,166,150,144,142,143,152,149,139,159,172,140,147,151,144,160,149,148,176,145,153,159,128,140,159,156,134,155,149,140,138,146,157,157,155,152,153,135,143,162,148,149,139,155,142,158,155,153,158,149,148,141,147,157,134,157,174,150,155,144,154,145,133,137,142,160,164,134,187,164,139,148,167,167,159,140,158,148,132,166,145,160,138,137,152,143,166,151,148,158,132,158,155,172,140,144,147,157,150,142,165,143,127,151,155,155,135,171,147,151,140,149,152,156,150,142,165,143,141,153,164,152,159,141,170,159,141,154,142,159,167,162,155,168,158,151,156,140,163,140,148,145,137,147,144,161,152,177,122,157,142,149,156,153,155,130,155,147,160,148,154,154,142,157,145,150,157,166,138,149,143,162,149,145,157,141,137,149,162,138,158,155,161,145,142,148,142,149,147,146,152,155,160,152,150,139,143,142,136,152,154,152,140,156,152,138,146,136,146,155,137,158,128,148,169,153,147,139,160,146,156,129,142,155,143,157,139,176,160,159,136,139,145,158,143,165,152,125,143,143,153,162,163,144,148,144,149,152,156,157,151,143,155,147,153,162,137,139,133,142,143,134,146,151,147,141,142,148,129,160,152,157,148,153,153,145,123,162,145,146,142,146,142,148,150,131,149,152,143,146,151,154,148,135,157,148,140,148,154,148,147,145,147,170,143,162,135,158,154,147,131,142,148,139,148,149,148,144,134,172,152,149,151,143,149,152,138,149,155,140,138,137,141,147,181,136,144,160,136,168,147,151,133,147,126,144,154,149,152,138,154,151,151,166,160,172,133,146,152,167,151,142,168,140,160,155,147,139,164,160,155,150,154,154,147,147,152,144,154,143,151,151,165,148,143,160,147,147,168,132,175,148,161,145,157,148,158,140,153,148,141,143,152,150,149,163,136,148,151,131,152,139,158,145,132,159,155,141,124,138,155,139,140,117,148,145,144,164,165,149,154,153,164,147,169,145,141,138,153,151,143,137,140,151,155,162,140,144,153,159,138,158,156,173,146,147,150,160,161,162,132,147,161,161,122,157,162,141,161,130,142,146,163,135,137,147,149,147,136,159,154,166,144,153,165,153,139,169,159,146,156,158,135,156,136,152,152,141,153,151,140,146,145,149,150,152,159,162,149,141,162,146,147,156,151,146,151,151,149,143,136,159,145,162,160,149,139,166,134,175,146,161,143,134,152,143,169,147,152,154,152,156,149,151,139,152,156,142,154,143,160,154,143,152,134,151,143,146,161,141,167,153,174,146,158,139,154,140,160,159,149,145,152,148,138,147,144,149,143,172,155,153,160,144,135,144,146,141,157,145,153,156,155,151,157,148,130,117,169,149,140,132,155,156,132,138,144,150,152,146,130,140,162,153,152,143,161,149,148,147,167,145,138,160,153,163,135,149,147,156,147,148,128,131,129,147,143,145,169,150,141,147,158,141,146,143,155,159,153,132,148,145,158,148,126,163,138,157,183,136,151,146,157,164,124,141,149,138,145,138,148,160,161,152,136,137,146,169,132,127,137,155,157,149,144,135,153,157,160,161,160,147,141,169,152,158,166,154,129,138,150,162,156,138,153,153,152,154,141,151,157,145,159,144,139,141,141,164,148,164,130,146,152,148,129,137,163,151,134,138,153,140,127,153,167,151,145,160,142,144,146,129,164,151,145,155,158,151,140,148,136,144,154,146,150,136,141,148,159,173,140,162,149,129,136,140,146,144,142,160,161,145,146,161,173,159,147,147,153,130,157,135,141,161,162,156,133,164,162,144,159,146,150,155,164,150,137,149,148,152,141,157,154,160,167,158,142,139,130,154,152,149,147,152,171,156,151,141,144,147,141,139,145,158,142,154,161,150,151,148,142,174,143,142,142,155,149,150,160,162,139,142,152,152,152,172,157,135,149,167,144,149,146,144,157,145,155,145,156,145,136,147,158,135,156,147,143,161,133,140,160,155,153,144,145,145,151,168,155,142,147,144,139,139,146,143,144,136,150,135,145,159,150,163,139,137,143,149,137,145,160,140,146,145,145,157,153,147,167,158,155,147,156,144,136,124,147,139,159,156,148,135,155,140,142,151,163,163,161,148,153,157,143,141,129,152,150,135,160,146,159,154,153,140,144,153,167,128,143,168,145,153,140,161,158,162,146,150,146,161,145,142,142,141,150,165,147,170,153,142,153,144,142,144,145,163,136,147,145,149,152,130,148,154,147,127,142,142,153,130,137,159,160,158,158,144,150,151,141,152,149,148,154,138,160,152,145,157,161,137,138,155,151,150,143,174,150,149,153,149,170,178,157,151,148,149,155,150,162,145,162,154,134,141,149,153,146,151,166,136,152,160,157,151,142,139,134,146,140,148,164,147,156,147,150,135,152,157,152,139,135,158,157,135,147,124,144,147,142,145,157,144,145,129,141,151,146,140,144,146,148,168,138,161,138,146,127,180,153,141,155,160,157,153,122,167,152,150,138,130,147,161,155,147,166,168,146,135,140,152,156,162,153,166,138,136,157,161,138,163,150,162,133,167,154,162,144,138,146,141,134,144,127,138,150,144,146,170,119,150,145,157,152,161,153,140,152,152,158,152,140,167,157,153,131,137,151,131,154,137,153,151,145,163,142,149,145,162,164,132,152,164,139,154,155,140,148,164,136,127,158,144,149,152,155,149,152,132,158,135,153,160,145,141,156,160,151,149,158,140,145,155,153,150,152,140,167,146,144,148,150,152,161,153,158,144,150,149,138,150,154,142,139,151,158,166,133,151,135,137,140,149,144,146,146,145,162,169,158,158,156,127,139,147,142,145,153,146,158,160,144,150,148,146,151,147,150,161,135,153,157,161,129,155,157,143,157,142,158,157,152,149,147,155,154,153,131,140,134,142,150,158,136,158,145,147,130,147,141,139,145,146,142,151,150,138,142,147,146,163,145,152,155,141,151,145,140,159,146,158,148,138,153,130,174,152,148,151,165,155,158,136,151,150,157,142,152,157,137,147,152,149,144,132,139,161,154,148,158,137,145,154,156,145,148,148,136,153,157,172,156,148,154,145,151,143,134,158,141,142,137,150,171,150,146,146,152,146,138,131,152,130,163,142,165,153,135,140,156,145,150,145,149,149,141,155,159,129,155,147,146,131,158,136,156,149,143,159,163,156,170,145,144,165,147,170,169,157,148,142,179,162,146,152,173,160,169,145,136,131,136,145,153,160,141,142,136,140,156,154,138,142,146,140,171,173,160,140,149,152,145,153,141,146,157,147,146,149,139,148,144,145,129,147,154,162,165,140,144,154,160,152,160,151,133,173,169,141,142,147,152,148,157,148,142,143,140,152,144,150,138,151,138,138,147,144,141,139,142,142,158,137,150,157,133,147,143,142,169,161,161,149,162,144,144,144,165,146,168,153,156,162,157,154,161,140,145,136,164,160,149,160,146,134,149,176,160,149,147,141,137,138,149,150,165,143,157,151,139,154,137,136,144,149,163,142,137,165,141,159,158,161,141,160,145,155,153,139,141,158,154,141,138,144,162,153,178,168,158,144,141,136,142,150,150,161,158,150,151,137,150,140,148,153,157,156,152,159,161,151,146,146,152,144,153,170,148,136,144,155,159,152,143,138,135,145,146,143,154,150,151,148,160,129,142,157,156,145,158,151,143,156,148,129,137,157,117,161,167,136,155,152,162,155,142,152,159,140,148,138,134,156,145,145,138,149,142,142,142,136,146,171,151,152,151,150,163,147,162,142,152,147,157,148,144,145,142,147,127,141,137,150,146,141,163,148,154,148,154,147,143,160,142,150,166,137,153,133,166,138,152,152,141,144,139,148,141,126,130,138,135,148,128,163,159,157,142,153,158,142,146,165,150,154,143,138,148,151,139,144,146,148,136,144,162,142,138,151,165,149,153
123,143,158,182,149,155,149,140,144,155,158,136,159,163,131,155,152,161,138,156,150,148,153,152,157,145,156,158,166,169,125,163,146,157,179,148,146,147,158,136,147,128,177,139,158,169,137,153,132,158,152,154,144,145,154,142,151,166,151,149,161,122,136,148,148,160,137,148,156,135,138,149,156,134,151,144,150,148,159,132,157,140,147,141,139,163,150,143,140,152,149,135,148,136,161,154,135,164,133,152,154,151,153,146,168,139,152,151,133,133,141,153,155,154,159,163,137,158,167,143,149,134,151,164,162,149,163,150,167,144,165,142,157,159,168,169,141,153,160,156,148,145,161,151,159,169,147,144,174,160,148,158,158,136,165,160,157,142,151,142,168,156,148,127,132,149,140,165,135,140,150,151,126,130,152,160,162,157,127,165,143,163,149,146,148,141,158,170,130,143,142,149,156,134,158,153,162,153,168,139,144,135,154,149,140,161,147,141,150,153,154,155,142,158,144,137,134,146,149,156,153,163,150,143,167,148,170,126,153,135,146,139,154,144,131,130,159,159,164,121,155,140,157,160,156,158,159,140,148,149,156,161,152,135,150,147,144,149,156,143,154,158,141,151,150,158,158,150,146,150,163,147,147,165,154,160,146,133,146,136,149,144,155,155,148,189,173,153,154,139,136,147,146,148,156,147,159,145,168,144,147,146,150,159,161,161,159,140,140,151,132,149,136,153,136,147,162,139,141,158,152,131,127,142,156,152,149,153,155,150,158,153,139,149,155,154,161,154,141,148,153,146,151,133,142,132,147,154,148,144,155,145,176,148,140,137,160,155,137,150,150,139,148,159,161,144,154,153,145,159,151,145,141,158,140,139,145,136,156,144,155,156,163,164,161,140,141,151,158,157,150,154,163,158,143,155,151,149,149,141,152,148,157,144,148,135,143,157,130,154,165,137,148,161,152,165,137,133,140,175,144,164,153,152,157,153,139,148,153,151,145,157,144,180,141,126,158,153,145,157,160,137,146,158,137,141,161,153,142,151,153,153,160,154,155,158,148,137,160,145,158,137,155,159,143,148,151,150,148,154,163,155,132,152,139,155,159,143,146,155,138,137,147,154,156,148,173,157,152,146,142,148,151,149,156,158,151,146,138,152,130,140,149,175,152,149,159,145,144,153,157,147,151,161,144,154,130,174,151,156,162,155,156,144,136,155,148,150,140,147,146,147,145,152,157,127,148,146,139,157,149,150,153,130,167,161,143,142,136,131,137,144,151,153,165,149,136,160,158,148,161,162,139,150,148,171,151,145,141,136,126,171,144,152,142,139,137,157,147,148,168,159,148,150,153,142,146,142,137,136,133,156,170,163,145,152,145,157,151,139,139,127,136,149,151,142,158,172,154,156,133,150,160,161,151,168,128,155,150,135,145,154,146,164,163,157,151,150,135,155,143,160,155,140,134,149,147,157,116,131,152,148,155,146,170,151,162,144,145,136,150,141,139,134,127,127,148,170,143,141,155,158,142,147,141,152,159,140,135,164,162,146,159,153,165,137,153,154,170,156,137,153,159,129,152,159,165,155,146,151,147,141,167,133,137,141,155,154,128,141,166,142,153,150,150,133,162,149,151,152,155,159,127,146,152,162,145,136,136,147,135,140,139,148,156,158,135,161,159,143,150,142,156,149,136,148,151,163,144,130,155,143,158,147,146,151,147,147,127,160,157,151,148,158,156,145,136,147,146,145,156,151,128,146,151,148,160,154,156,163,137,152,154,143,148,143,151,151,179,156,139,137,140,164,167,152,158,142,141,136,161,151,139,142,160,134,134,149,153,147,156,139,146,134,156,157,146,149,151,147,154,148,138,149,155,142,148,148,157,139,162,155,155,162,168,162,138,150,146,153,133,156,147,146,150,140,140,162,155,139,152,150,139,147,147,165,131,144,167,147,141,151,158,170,150,123,159,148,122,170,150,156,160,132,165,148,141,150,162,141,127,143,142,145,149,133,139,140,156,165,140,136,149,167,151,164,160,155,140,145,152,142,139,141,150,145,127,149,142,141,143,152,146,142,160,150,150,143,171,151,165,158,151,142,144,154,156,152,145,155,162,142,166,164,142,159,150,154,132,145,160,147,160,152,156,148,166,152,139,137,156,157,160,146,153,137,144,147,142,140,147,149,132,156,158,154,133,160,154,157,140,145,128,148,149,154,158,150,170,152,166,152,149,150,158,149,174,145,150,139,134,163,153,138,150,161,162,165,162,140,133,161,147,150,174,138,145,129,132,155,157,154,158,144,165,145,148,158,153,135,154,155,154,157,137,135,150,155,145,154,163,143,153,143,157,154,138,162,155,144,142,162,153,154,129,159,163,136,155,154,149,150,142,170,167,153,157,140,142,148,153,141,166,155,164,162,150,137,146,141,142,167,159,125,139,151,157,153,148,156,130,158,163,153,146,143,149,127,156,147,149,142,146,135,151,147,152,152,156,153,147,157,159,152,157,149,137,141,143,144,148,142,146,151,160,151,152,132,152,164,160,151,160,145,151,157,152,152,145,141,173,155,135,159,169,167,167,154,160,153,151,145,132,169,149,169,150,145,149,138,163,150,150,147,135,136,158,160,141,142,137,133,152,150,151,131,158,145,148,156,153,134,172,176,147,149,149,155,139,130,163,156,155,161,140,155,142,147,153,119,159,134,152,156,156,150,153,146,152,138,166,154,151,167,133,141,147,144,141,163,141,143,164,150,139,134,151,145,144,152,160,191,159,154,167,148,146,158,142,152,148,139,170,146,164,138,160,160,147,158,158,149,151,158,132,148,144,160,143,151,148,157,130,154,152,140,166,148,154,149,148,144,162,166,130,163,131,156,143,156,155,164,146,142,147,148,150,161,154,140,159,153,168,162,165,148,127,135,155,161,145,141,154,143,166,153,152,136,165,163,146,151,139,146,151,155,147,138,153,138,158,162,148,163,152,148,162,131,163,156,155,147,149,166,144,146,144,155,159,146,148,142,145,158,145,161,166,145,146,157,144,116,145,156,143,164,156,154,139,147,149,145,135,159,139,149,163,131,162,140,139,150,134,122,138,160,143,150,145,150,150,148,135,141,145,126,153,154,148,171,150,143,163,133,139,148,136,174,147,148,163,161,138,157,140,142,131,144,151,147,157,149,134,139,163,145,144,164,131,161,152,138,150,149,158,173,158,163,148,153,134,166,148,141,160,149,149,141,179,130,140,144,145,145,158,168,149,158,145,160,151,149,149,141,155,161,166,157,144,142,156,153,155,139,150,149,155,147,159,153,169,164,146,146,137,136,129,172,137,154,157,161,172,162,138,131,141,132,135,143,157,145,128,160,146,140,168,149,148,154,165,139,155,165,157,149,139,151,137,146,152,146,153,157,150,160,163,142,140,142,143,165,163,152,144,146,167,138,149,135,134,141,147,155,166,143,168,153,146,153,143,161,128,158,144,154,155,133,159,131,149,143,146,150,143,140,126,142,162,139,145,150,142,148,137,146,145,143,141,145,133,133,141,151,159,157,142,142,160,139,153,153,148,124,138,134,133,131,147,167,134,127,138,159,155,157,159,140,162,147,127,151,156,163,154,137,158,146,132,151,155,160,142,136,142,152,153,160,161,150,153,160,161,128,147,132,160,151,162,151,157,151,139,153,158,125,153,153,167,162,158,145,157,153,156,163,160,145,130,171,146,141,149,151,164,160,144,159,145,160,139,179,160,151,150,162,149,155,145,150,140,143,150,144,146,175,154,144,157,129,148,132,149,152,149,161,161,151,140,147,151,148,154,132,143,140,132,144,165,139,142,154,140,163,137,158,145,166,152,152,153,151,147,150,136,139,158,167,142,141,145,142,141,145,144,135,163,151,150,147,152,164,151,148,143,162,174,175,130,137,164,179,151,151,142,134,142,132,139,145,142,151,143,157,127,154,144,168,165,136,148,163,141,148,141,161,147,146,154,142,145,154,162,153,128,143,136,161,137,136,154,156,157,144,147,150,148,156,132,160,140,145,140,153,157,139,141,167,153,146,172,139,145,145,148,143,161,153,154,128,148,142,139,139,154,131,143,161,140,132,143,140,141,151,144,162,150,160,135,145,159,140,144,148,134,147,164,166,140,156,142,137,171,155,141,144,153,185,132,149,157,162,146,150,137,150,146,126,158,149,159,156,140,176,148,138,157,153,156,160,137,158,148,160,153,146,157,137,151,144,145,151,146,130,152,143,150,150,152,166,154,146,150,148,162,146,130,143,151,170,151,152,154,148,148,149,168,137,156,162,139,136,135,146,151,156,136,138,158,165,138,154,137,148,144,148,146,152,160,156,147,151,160,148,136,169,153,158,144,152,148,158,143,153,147,155,149,147,142,152,149,132,152,140,137,151,140,143,163,155,131,159,149,163,158,138,149,139,135,140,149,144,132,142,147,166,151,144,157,160,140,147,143,168,128,153,146,153,154,174,157,135,158,165,144,147,141,143,147,146,168,130,163,154,155,149,168,150,141,142,135,150,152,165,159,163,133,147,153,151,160,152,148,130,161,164,134,146,149,151,163,157,132,162,147,150,151,130,156,170,150,156,155,145,139,150,152,161,150,142,147,144,139,141,162,138,133,149,139,168,165,155,164,147,146,163,152,145,147,129,147,138,163,144,156,146,167,152,158,174,140,152,145,144,149,147,144,148,137,164,155,153,143,155,138,163,149,161,159,168,161,139,161,161,151,141,149,157,161,159,138,162,142,136,149,145,153,143,138,148,178,159,141,161,148,134,143,152,158,142,149,165,151,156,161,144,149,148,132,145,157,149,141,146,167,140,147,155,140,140,152,142,134,154,147,159,141,142,147,138,152,154,156,170,145,138,170,147,144,145,140,150,146,143,150,135,155,141,164,162,158,179,163,140,160,151,137,158,147,141,153,133,152,149,134,174,151,142,124,157,141,161,142,135,147,146,136,149,130,156,139,132,174,156,154,125,152,145,150,153,155,149,148,148,151,147,153,144,175,136,134,135,169,159,153,131,153,162,160,150,163,154,143,160,151,158,159,155,149,158,135,158,153,150,142,158,143,151,149,151,159,130,168,143,162,136,141,135,147,142,147,156,140,154,137,137,160,159,154,157,173,157,146,119,140,169,152,137,142,143,138,146,154,138,157,149,162,166,149,152,154,164,132,148,123,148,153,149,148,138,139,151,165,161,162,165,130,178,133,159,150,141,151,135,150,169,156,126,142,134,157,153,137,154,151,154,141,164,147,157,160,167,148,147,145,146,138,152,132,173,151,118,147,144,142,153,153,150,142,143,142,154,160,143,128,159,161,176,155,155,138,159,139,145,156,149,137,130,152,146,162,145,157,147,158,157,158,153,132,139,157,133,170,172,126,173,142,178,150,150,146,171,150,138,147,159,162,157,140,162,170,146,144,151,141,151,138,144,160,147,160,147,164,149,148,148,163,145,142,153,153,155,157,150,134,139,164,152,150,135,150,153,140,143,140,147,142,161,150,162,154,159,148,153,156,141,150,155,131,131,150,144,146,140,161,173,140,148,151,166,133,155,152,160,139,151,149,137,128,147,139,155,156,153,150,139,129,150,159,169,165,154,151,143,143,138,148,163,151,139,136,161,152,157,163,163,158,153,156,167,178,151,147,161,146,154,136,142,146,158,165,164,144,143,145,144,135,147,144,153,148,140,134,158,137,150,128,148,160,161,152,163,156,161,140,147,167,158,154,134,134,140,161,166,162,143,143,153,164,156,131,147,167,143,146,152,157,148,147,151,168,165,155,174,155,165,160,160,157,138,138,148,137,164,158,151,159,143,149,128,139,144,140,159,152,148,154,148,145,149,160,152,148,143,143,148,142,158,146,150,168,137,162,148,153,156,146,146,157,164,135,147,150,138,138,132,149,140,142,137,161,160,152,160,153,152,148,143,149,140,133,152,173,149,159,154,146,150,142,151,153,159,132,148,142,156,150,145,140,137,168,157,152,159,143,164,147,157,132,139,150,137,146,145,156,172,165,142,143,143,157,164,157,150,155,152,144,161,169,164,141,150,166,139,154,159,141,161,153,159,133,142,146,158,154,113,138,141,165,173,159,146,166,153,150,121,157,159,154,165,164,159,163,150,134,150,150,159,166,152,140,156,158,133,159,156,147,142,137,158,146,145,147,156,153,153,178,154,145,152,152,150,161,155,143,129,130,140,151,146,148,158,141,136,153,137,117,159,124,153,150,150,137,165,163,156,134,148,143,153,160,149,173,148,149,134,169,141,156,156,131,144,133,172,144,148,151,157,144,142,152,150,153,141,149,168,151,160,158,143,142,148,150,150,132,155,150,160,146,132,148,153,152,158,154,155,160,161,150,170,147,138,149,157,150,131,151,140,151,138,153,171,141,158,145,149,163,143,146,138,148,154,150,144,145,156,155,176,141,157,165,144,141,158,164,159,141,146,148,162,142,136,154,146,147,140,160,163,145,147,144,160,155,171,147,154,146,142,153,155,157,136,146,135,136,152,135,149,164,141,144,159,158,149,143,161,153,153,145,144,142,145,146,139,147,157,152,140,154,147,141,144,143,173,150,144,146,141,148,143,156,136,135,140,155,163,142,156,146,150,150,150,152,138,155,172,146,127,148,151,152,138,144,139,145,149,145,149,146,137,159,140,154,140,158,162,139,138,145,153,158,153,141,144,158,144,138,137,150,153,155,146,153,154,142,149,152,157,144,167,152,144,149,153,168,155,145,159,154,171,165,160,155,158,142,138,148,157,155,165,154,163,145,148,157,149,153,151,153,152,130,149,162,150,164,164,150,153,158,131,140,140,151,131,152,155,145,148,164,146,148,148,148,151,151,140,146,151,158,144,138,166,162,163,147,166,138,151,148,140,137,168,151,152,149,166,163,153,143,151,138,161,136,157,142,150,154,118,141,137,160,131,145,140,141,139,171,160,156,148,148,153,154,145,157,135,138,139,155,130,149,164,161,155,147,151,149,144,159,123,162,142,145,143,138,151,154,156,139,134,148,131,150,140,154,145,156,153,156,148,135,157,165,145,162,166,164,151,140,140,132,138,149,150,153,150,136,158,159,146,143,146,140,155,159,143,161,164,151,166,153,142,153,141,143,144,143,166,147,155,136,153,138,146,153,157,140,141,137,147,169,159,154,141,151,152,162,142,134,135,162,143,138,137,167,146,148,155,147,155,147,140,138,165,141,155,124,155,156,132,169,143,142,149,168,160,153,136,148,145,137,156,165,147,168,127,129,156,146,157,151,141,144,145,146,141,138,144,146,152,142,137,145,137,160,155,156,138,172,144,137,139,150,136,166,157,146,136,153,136,152,154,132,143,154,131,160,164,154,146,138,133,159,153,148,136,167,148,155,143,170,146,160,137,162,161,146,147,143,141,145,167,153,149,140,163,141,154,157,157,154,156,149,156,155,154,155,166,168,130,143,140,126,163,163,152,152,145,161,148,137,160,156,153,148,167,137,154,149,151,154,134,158,127,143,157,156,139,161,165,141,157,149,137,163,145,127,160,156,154,157,142,143,139,151,151,144,142,136,164,170,148,144,138,157,139,157,164,137,168,140,162,162,158,145,161,152,135,145,140,135,165,151,150,148,145,137,144,144,157,163,162,150,155,161,155,154,143,163,165,150,144,150,168,152,152,121,146,160,160,131,138,151,130,166,161,158,148,144,146,150,160,152,142,145,144,137,164,153,145,144,174,165,147,147,149,153,145,148,147,123,153,128,152,145,156,148,136,142,151,145,141,146,149,140,141,133,165,146,152,152,143,136,138,152,146,137,143,150,142,151,148,127,157,142,141,139,141,145,141,147,143,150,140,125,142,144,152,154,158,148,152,149,171,139,134,169,158,141,137,155,156,170,151,147,158,155,165,168,151,172,152,157,160,147,151,129,146,142,161,142,150,153,150,120,151,133,167,153,146,155,165,140,154,137,149,148,147,151,150,139,161,165,152,147,143,147,149,167,148,145,156,166,138,162,150,157,133,146,132,139,151,147,144,145,139,143,151,145,138,151,154,136,151,158,146,140,148,149,156,153,140,145,152,140,147,155,144,149,149,160,138,145,146,152,163,153,161,135,140,157,144,161,146,151,136,168,161,142,136,141,150,141,145,132,165,121,145,136,125,140,140,154,159,161,168,146,148,142,131,135,155,153,159,161,174,146,153,143,125,150,148,155,166,158,141,145,140,143,144,160,166,151,144,148,129,140,150,143,138,160,157,156,155,139,142,151,149,163,136,176,139,149,162,156,156,151,133,136,148,138,153,154,167,150,153,157,148,154,153,165,157,165,177,140,156,151,144,151,145,156,152,135,151,139,157,143,151,152,149,129,142,154,136,156,137,142,158,162,143,127,160,142,141,146,149,153,149,146,144,139,150,169,150,151,146,161,143,142,148,156,136,145,148,149,149,156,157,166,144,146,151,153,127,139,152,170,145,149,140,153,121,166,155,154,156,146,143,144,162,147,143,158,148,151,148,165,154,133,153,167,143,144,159,160,151,157,145,160,139,164,142,156,132,170,144,140,157,163,138,147,141,155,159,139,144,139,163,134,153,136,143,147,140,146,138,144,160,155,161,143,157,157,176,152,153,135,163,129,144,144,138,137,166,150,147,157,148,141,148,158,142,163,147,163,143,148,164,164,140,139,138,155,128,128,158,156,136,154,155,151,154,150,145,134,135,164,154,153,133,138,146,159,159,152,153,148,155,153,143,151,154,161,133,134,121,139,148,137,120,142,166,141,157,144,152,145,174,149,131,149,155,150,139,154,174,136,142,138,149,148,119,156,139,161,146,154,149,135,155,152,153,147,154,161,147,152,144,155,159,143,159,147,146,155,138,156,156,162,152,155,163,148,162,147,147,159,153,137,154,146,139,152,153,145,137,159,143,159,159,144,122,159,156,165,152,162,163,143,153,169,146,161,138,156,133,168,159,146,153,158,147,165,137,162,151,129,143,156,156,160,158,144,151,137,147,134,168,152,131,122,160,147,147,164,160,136,135,161,140,141,148,150,149,156,138,148,132,165,151,143,144,145,134,140,153,141,151,162,144,160,165,163,142,150,155,139,156,150,138,149,144,137,151,162,141,152,134,161,146,152,152,156,149,133,155,166,151,144,158,147,146,132,164,164,159,164,145,152,152,149,155,131,150,143,141,154,154,158,154,139,151,157,141,155,151,148,142,140,151,166,130,132,152,133,166,147,156,139,148,147,161,125,143,157,147,155,155,152,149,118,136,140,151,161,151,157,140,155,158,137,163,149,142,169,146,133,161,158,163,161,150,161,146,137,152,164,139,146,152,149,141,176,151,151,142,135,149,159,155,167,168,140,138,152,138,133,144,139,150,161,132,153,158,139,150,140,151,161,128,136,144,157,139,159,144,153,151,149,154,157,144,163,144,159,142,157,146,150,151,138,138,148,162,155,167,139,158,155,155,154,129,155,153,159,136,153,147,150,148,144,154,142,150,169,153,152,158,165,146,142,154,148,156,143,149,137,155,144,151,147,151,153,151,146,153,160,150,156,145,157,149,141,154,154,148,137,136,129,151,150,180,155,142,153,135,141,153,141,149,164,144,147,167,163,149,143,150,148,147,139,142,136,154,154,168,141,146,155,143,152,163,146,149,170,136,138,141,151,132,137,133,153,154,143,163,154,150,151,151,165,148,140,147,155,166,161,144,151,142,161,145,163,175,149,152,149,148,151,129,153,149,146,155,141,148,139,142,157,146,148,155,166,143,152,155,149,151,151,166,164,148,140,147,164,151,166,145,154,149,152,137,136,157,161,138,167,162,151,151,152,142,134,150,164,146,148,148,151,134,141,141,154,154,176,138,151,135,155,152,183,144,142,151,136,145,158,153,145,156,140,146,150,166,155,157,150,155,150,137,158,157,164,152,139,151,152,157,167,153,152,175,136,155,145,153,145,153,143,156,134,171,160,148,168,150,152,149,168,150,146,149,163,145,151,157,159,153,156,150,153,143,172,156,152,166,147,166,142,131,148,154,162,152,144,153,161,140,158,152,150,161,129,160,162,173,143,132,150,153,146,153,150,147,149,140,137,167,136,153,151,142,151,159,152,137,164,169,148,154,169,157,173,145,160,160,143,143,158,158,152,149,149,144,150,156,141,147,144,156,139,159,141,151,147,160,148,144,141,165,140,149,136,151,146,164,142,143,147,135,141,138,149,165,166,155,151,145,138,157,166,135,137,156,175,149,159,147,166,147,169,157,164,154,159,158,160,157,159,164,163,156,126,130,139,155,150,143,141,134,147,134,150,140,158,135,141,138,147,145,156,155,141,156,148,158,154,136,157,135,141,148,147,140,145,154,148,153,143,153,165,153,156,155,150,140,151,165,151,151,149,151,131,154,156,153,136,163,151,156,142,141,145,134,152,168,140,125,148,155,160,149,137,130,143,155,152,150,128,155,151,148,154,145,155,162,154,142,161,149,151,148,155,145,139,151,154,147,148,164,153,148,152,142,154,159,150,148,155,157,155,137,129,141,138,156,153,143,157,143,135,133,138,159,163,147,157,126,169,131,146,141,161,169,137,142,140,132,163,127,152,158,159,163,154,171,137,132,149,144,136,142,156,152,164,155,147,141,137,152,162,155,159,161,161,147,147,146,155,143,156,137,137,156,156,158,137,128,152,141,150,168,148,163,155,146,160,156,143,150,143,161,148,137,162,141,141,144,145,140,150,145,152,142,141,160,153,154,146,140,147,139,181,132,130,155,132,140,147,139,159,144,167,143,149,133,138,137,169,148,152,156,159,149,175,156,143,152,149,167,143,169,139,151,153,149,147,157,152,158,163,157,151,154,145,142,161,151,158,140,131,153,160,142,143,164,151,142,155,150,151,159,148,152,154,155,151,145,155,148,151,142,147,142,143,155,143,153,167,150,144,133,123,141,153,147,147,149,149,151,147,143,148,154,155,131,147,146,139,142,139,138,153,140,166,146,152,128,133,166,143,154,152,157,133,156,159,138,160,146,151,155,135,140,155,146,167,158,155,153,160,158,139,152,156,162,150,143,166,140,165,134,157,145,128,158,160,145,149,156,167,135,145,145,140,168,143,159,150,139,157,144,121,160,143,151,152,144,173,135,162,152,160,165,173,148,140,157,153,153,159,159,165,137,143,151,139,152,158,143,138,150,155,144,152,147,167,167,150,145,153,134,132,167,141,149,150,161,137,165,146,150,171,140,168,161,138,131,140,168,138,159,154,128,151,137,147,147,149,140,171,151,156,153,154,148,151,154,150,165,161,157,142,147,157,141,162,125,149,157,156,143,155,144,146,154,158,147,133,151,148,149,145,126,148,154,146,164,147,159,145,153,134,161,152,146,149,154,153,146,150,150,140,160,144,163,148,164,170,158,148,144,168,141,160,158,150,150,155,149,134,139,142,139,145,157,146,155,142,128,158,149,138,150,157,179,160,150,146,153,150,151,149,137,172,161,145,139,166,143,146,165,150,138,157,143,140,161,150,162,150,140,151,138,139,162,145,135,148,141,131,137,148,136,150,157,148,148,147,156,137,152,143,143,161,146,135,145,154,153,144,137,161,156,138,152,145,141,151,156,168,156,148,185,133,157,152,153,154,156,167,145,159,150,148,140,135,146,165,154,170,161,148,165,130,158,144,157,166,137,122,161,145,132,141,152,153,160,148,146,156,153,147,164,140,146,168,155,152,151,143,163,131,147,159,154,145,150,145,144,165,156,147,153,141,143,155,169,151,146,150,155,153,158,153,154,156,138,138,141,148,153,148,146,153,149,142,156,146,162,147,138,144,147,129,160,139,158,161,164,161,153,154,148,143,152,160,139,157,153,156,162,151,147,123,148,133,140,130,168,166,154,152,151,150,154,158,144,148,151,140,147,153,148,139,149,131,161,145,164,161,156,140,161,156,128,145,155,138,158,146,152,144,144,137,163,151,152,140,137,142,149,147,146,162,150,146,130,163,152,165,129,134,153,144,132,141,150,163,153,142,162,130,146,185,156,153,147,152,158,143,148,140,173,153,154,162,148,146,146,148,140,137,149,155,136,158,159,156,155,153,158,130,148,145,153,142,152,166,158,157,150,146,138,139,159,170,148,173,166,164,147,159,146,128,160,167,145,152,155,143,160,172,155,140,142,150,164,143,168,160,148,140,156,148,139,162,149,154,143,147,154,137,130,153,148,169,163,165,159,130,171,158,159,175,136,146,180,154,130,146,161,148,162,154,165,144,163,149,138,153,142,144,138,144,133,159,144,147,144,168,160,143,164,150,142,148,144,136,133,148,142,137,159,150,167,130,146,150,132,152,148,147,141,149,131,152,150,151,162,144,167,161,167,132,152,156,146,150,140,153,159,167,145,131,170,135,159,137,126,136,144,158,134,130,161,144,152,150,147,148,161,142,135,156,138,138,167,154,158,159,143,153,154,131,145,140,161,149,131,138,147,143,152,146,147,118,146,146,154,167,150,145,160,130,166,160,166,140,142,152,146,146,132,150,165,164,158,137,157,129,147,144,150,164,171,151,144,133,163,165,156,159,149,170,148,141,143,167,146,144,133,134,150,145,146,166,154,145,148,153,151,137,146,137,150,138,159,152,184,146,123,148,143,147,154,142,146,160,148,143,153,157,154,164,152,133,140,147,161,133,165,141,163,152,146,150,154,160,148,146,142,152,148,157,146,157,157,154,151,145,131,154,143,154,149,144,141,145,155,155,144,177,141,141,145,139,160,151,151,149,157,176,148,159,161,150,158,138,168,158,155,147,147,148,137,148,148,172,143,162,134,141,141,157,157,137,162,147,167,150,153,150,146,145,163,150,149,157,158,142,140,137,175,155,154,144,157,142,141,151,154,142,156,138,139,144,153,135,141,148,128,144,133,147,137,148,159,162,155,132,150,151,148,149,157,140,147,166,142,142,125,144,142,145,154,156,138,138,138,152,141,147,138,148,168,154,151,142,158,135,148,155,159,157,154,147,136,148,146,152,155,161,161,155,158,144,151,160,127,135,136,147,147,152,141,126,140,155,145,152,149,156,152,135,126,167,138,159,151,154,137,148,142,142,145,152,135,162,132,145,145,144,148,136,163,158,159,167,124,147,142,142,153,137,150,159,166,157,148,145,159,145,152,151,139,142,158,134,136,146,164,119,148,158,143,147,168,143,157,149,145,149,150,160,137,137,137,157,156,142,135,163,161,169,163,155,163,147,153,139,150,136,137,152,147,141,148,139,154,143,141,163,158,138,126,143,148,124,160,152,157,158,120,151,153,150,141,157,142,166,160,144,152,138,154,153,141,156,144,154,155,148,144,131,133,138,153,145,147,141,151,146,144,155,143,155,143,149,138,140,128,134,124,172,145,141,148,162,162,168,159,151,149,166,154,136,150,147,132,130,156,151,160,160,125,154,150,144,140,169,156,152,152,136,139,145,164,154,146,147,171,159,155,134,146,160,147,145,163,142,136,145,132,158,150,159,157,165,143,166,151,170,149,145,156,158,156,149,151,155,162,145,154,153,156,157,163,133,145,149,150,153,150,149,165,157,145,151,155,158,143,157,134,141,147,163,167,140,157,142,132,152,150,164,138,166,148,147,170,147,149,133,164,164,159,167,145,144,163,146,159,168,139,128,155,151,149,137,141,132,154,159,143,154,166,160,161,140,163,162,154,158,160,137,148,158,149,127,148,152,148,142,168,149,158,135,132,145,150,151,143,157,165,145,145,149,168,161,135,149,155,140,144,158,144,154,129,138,152,131,136,162,153,148,164,143,160,157,150,136,156,137,146,151,144,134,151,154,147,153,147,162,144,149,164,162,137,141,147,154,143,153,127,151,156,150,156,152,144,155,147,156,154,140,128,154,140,140,142,147,153,144,157,166,146,148,151,141,161,133,161,147,143,153,181,149,153,150,155,152,133,160,142,133,167,141,145,130,148,155,146,149,147,153,152,141,139,142,159,145,130,147,149,140,166,147,134,153,154,163,164,151,153,141,145,154,153,140,156,118,132,148,164,145,156,152,124,140,152,162,152,148,152,139,143,155,163,156,143,146,152,142,152,145,130,151,151,142,143,139,167,148,151,152,153,149,138,166,125,131,143,147,161,152,138,150,151,149,133,149,147,153,146,133,153,147,139,161,140,155,140,155,129,146,121,140,158,149,151,154,143,142,161,149,127,160,134,163,142,157,139,137,156,146,151,163,149,145,161,144,157,138,158,135,164,158,151,167,162,134,148,143,142,169,155,137,153,151,136,143,139,141,151,128,155,139,159,134,138,150,154,151,151,137,156,151,143,142,148,156,137,161,149,151,132,159,150,162,158,159,145,159,157,157,153,132,134,154,138,158,137,159,139,152,136,136,129,149,164,161,146,151,157,136,154,131,170,175,142,147,139,156,154,140,149,175,158,135,130,151,155,142,161,140,146,143,139,147,145,162,161,137,147,142,144,161,160,158,150,151,158,147,147,149,150,145,157,148,158,141,155,140,158,139,141,151,147,157,133,156,135,172,133,138,140,162,168,154,151,154,143,145,140,125,150,151,147,164,155,164,161,159,162,138,149,145,118,146,140,154,145,147,156,151,144,145,138,161,142,146,149,142,150,156,160,142,149,159,150,174,139,155,152,162,131,144,155,134,142,167,149,145,156,143,154,149,164,131,143,163,142,167,156,143,140,143,156,127,153,148,147,134,141,145,131,159,171,144,143,137,162,155,145,156,145,160,146,135,128,144,162,150,146,153,147,154,162,170,149,142,145,144,143,159,163,133,158,144,141,156,150,145,160,150,147,132,161,159,164,153,147,145,165,137,165,149,148,140,149,158,147,145,159,152,148,136,158,147,145,144,149,145,157,151,152,153,136,149,155,144,168,163,156,152,146,165,160,167,153,150,157,150,170,147,142,151,140,156,166,157,143,145,134,143,144,137,145,152,142,155,145,144,152,145,153,138,149,178,170,129,153,152,138,142,156,140,142,159,154,162,147,138,166,142,169,160,149,155,148,160,151,159,153,148,159,145,152,167,148,147,142,131,147,150,139,154,159,119,162,149,158,143,141,130,157,162,128,155,146,163,174,146,138,161,146,142,160,172,157,142,138,156,161,149,170,145,134,147,149,148,164,165,157,153,146,137,162,159,159,147,156,162,138,149,155,167,147,128,160,157,162,146,154,166,147,137,167,134,179,134,135,149,140,144,129,167,157,151,143,131,151,146,162,152,153,156,140,137,148,157,145,163,133,125,160,140,151,170,154,150,139,121,128,144,168,161,150,158,146,175,175,159,137,156,138,135,139,146,150,146,137,157,154,146,152,137,155,145,150,157,148,154,153,157,149,158,148,141,139,147,139,152,147,149,146,144,166,158,153,136,137,153,129,156,162,156,144,148,150,145,157,163,161,145,157,157,133,141,152,149,151,148,131,157,148,172,155,138,140,160,146,162,154,156,152,129,153,150,143,145,149,146,147,143,150,129,157,140,144,131,157,159,150,127,149,153,164,135,155,135,147,139,158,156,153,142,125,147,155,152,149,149,167,148,150,146,158,136,161,166,165,165,142,165,161,150,164,145,153,157,133,144,158,160,153,155,155,143,140,146,159,134,159,138,144,143,133,148,147,167,133,171,143,162,154,129,158,162,153,143,161,169,161,162,141,148,144,168,156,156,156,154,153,164,147,160,146,147,165,145,146,154,146,146,135,158,148,139,146,144,145,145,159,150,157,166,150,141,138,151,149,152,138,151,145,147,150,164,146,133,173,153,135,143,152,153,146,140,147,152,156,161,161,156,145,142,132,151,143,158,156,167,156,134,157,140,154,167,142,157,166,146,174,154,149,160,140,147,143,143,150,149,157,148,169,139,160,147,164,147,151,136,150,150,140,152,149,144,143,131,129,144,177,148,152,151,156,158,140,151,151,167,145,151,151,139,142,154,158,138,144,142,144,172,164,130,169,156,141,128,135,171,153,152,147,156,134,143,148,156,161,175,156,145,137,156,134,142,156,146,163,144,151,145,139,133,150,156,149,148,144,135,152,159,157,154,153,140,155,152,144,155,168,151,157,146,131,128,140,141,160,175,150,131,139,157,155,148,149,140,136,150,158,159,151,143,157,139,149,159,162,145,136,160,151,131,143,138,136,143,155,163,164,153,149,153,137,149,143,159,146,145,158,156,137,154,142,139,152,127,148,155,149,136,149,159,141,149,148,162,151,150,140,163,176,150,138,151,146,141,152,148,153,158,162,168,154,157,146,146,158,137,148,153,149,144,136,143,164,154,147,149,154,160,150,156,136,163,142,142,148,170,141,155,150,147,132,160,146,148,155,132,135,161,175,130,140,137,140,144,143,140,156,144,151,152,156,154,155,129,141,161,145,135,164,148,131,154,141,147,138,164,136,148,157,153,155,154,151,165,147,144,152,142,146,152,152,135,167,159,138,157,149,146,169,162,163,175,133,147,150,142,149,159,152,155,154,149,138,130,139,154,161,141,146,161,142,159,158,144,156,142,148,160,139,154,158,140,155,141,142,142,144,136,151,156,119,145,139,160,147,152,146,146,171,134,162,150,144,148,147,136,143,152,149,150,165,140,152,165,165,163,161,143,149,162,152,164,165,146,143,165,165,147,132,156,158,157,160,159,145,141,160,151,141,152,138,145,153,149,157,166,148,135,133,150,156,163,157,159,164,136,166,143,151,150,159,160,150,162,140,154,156,158,146,140,159,144,154,149,145,134,149,153,149,144,137,131,139,165,149,142,151,147,144,152,160,160,155,153,158,144,155,154,153,140,134,150,132,171,139,149,140,141,168,159,153,152,130,150,171,140,160,133,135,137,146,143,159,124,127,169,159,148,148,135,148,141,140,162,148,149,150,154,151,143,161,153,153,168,156,142,150,151,153,139,158,144,161,141,134,146,121,136,144,135,146,141,152,144,151,159,133,157,149,139,151,144,139,158,151,141,148,160,161,149,147,146,160,141,179,147,163,133,148,131,160,150,147,139,156,139,168,151,151,158,145,138,154,150,140,142,163,159,145,137,151,163,169,156,152,135,154,151,153,165,135,144,160,137,154,161,156,135,146,140,152,134,149,149,141,138,162,126,149,148,143,153,148,152,143,146,131,153,167,159,156,142,145,144,163,146,164,130,148,165,149,135,161,162,160,139,152,149,155,149,134,148,161,168,146,152,140,157,142,157,142,149,142,139,149,150,137,119,144,146,154,149,178,137,154,157,151,150,150,133,152,146,140,138,141,154,159,151,168,155,149,142,154,164,149,154,158,145,166,145,146,132,149,151,146,151,169,154,143,158,145,158,158,138,158,156,148,152,153,146,154,148,173,158,139,159,126,154,150,131,154,132,144,137,148,138,137,142,161,167,145,160,153,155,158,149,168,162,149,132,149,135,146,147,156,148,130,132,156,160,153,137,146,157,150,147,140,168,133,118,142,139,144,157,155,146,153,139,156,131,149,159,142,166,134,151,149,160,149,162,138,161,136,149,151,146,141,145,141,151,150,158,142,149,150,152,148,136,159,143,151,158,160,152,154,147,166,140,152,152,154,158,160,142,156,156,150,149,139,153,157,130,140,139,146,147,155,139,142,157,150,165,148,142,169,141,149,156,139,141,161,132,160,149,155,136,144,164,136,157,154,149,154,152,148,154,148,166,156,146,131,168,134,148,161,151,150,156,146,145,156,161,150,137,176,127,164,156,161,155,154,157,150,150,147,148,141,153,153,155,156,142,145,145,158,143,145,140,162,150,143,162,156,148,144,147,145,157,137,152,141,156,138,186,137,153,149,145,142,154,138,153,152,144,123,136,158,148,139,139,137,151,149,159,159,145,140,162,155,158,145,149,157,155,135,158,146,138,157,144,169,151,160,163,148,125,164,149,133,149,140,157,144,168,142,160,123,151,162,136,160,152,149,163,146,150,148,149,131,158,150,160,156,145,154,141,151,155,171,159,151,143,140,136,150,140,148,150,158,127,146,143,155,140,140,154,131,157,154,147,161,132,145,147,155,142,153,163,146,161,156,144,153,154,145,144,146,139,171,154,160,144,147,147,149,137,154,151,144,145,149,137,153,152,148,146,139,145,143,169,146,138,145,156,140,179,149,145,146,141,143,146,154,151,173,148,158,157,156,140,158,146,161,140,151,159,146,140,158,147,157,151,134,138,140,132,140,144,155,153,130,157,148,151,148,151,154,146,150,151,147,162,148,159,151,155,151,165,165,156,141,167,150,132,146,129,122,144,142,139,155,161,154,140,150,146,167,154,148,153,170,135,134,149,166,141,171,141,129,142,137,139,139,142,153,148,159,151,142,139,158,151,139,140,161,154,176,150,161,141,148,152,172,171,140,157,169,156,159,164,129,143,148,143,154,139,142,141,163,137,131,139,132,129,155,155,134,142,158,139,148,157,156,149,140,152,156,133,151,138,149,153,149,164,148,148,154,162,158,143,141,140,153,145,156,140,146,161,144,143,145,141,149,136,154,158,152,157,166,130,140,144,159,157,164,139,144,157,136,149,151,142,140,151,130,141,128,142,140,147,145,142,154,143,163,160,158,145,154,155,157,144,154,154,139,165,133,164,151,159,124,168,137,163,143,141,139,140,142,146,146,147,141,157,158,137,143,151,152,160,163,155,144,162,153,156,161,140,155,147,143,137,154,153,145,144,144,135,153,150,154,158,165,164,131,151,164,152,164,148,151,155,174,155,169,148,157,130,132,140,147,144,147,155,145,165,149,148,155,146,155,158,146,157,160,164,160,157,149,152,166,167,169,145,155,148,144,147,146,158,130,165,137,171,153,150,177,159,139,146,151,157,141,139,152,150,142,174,152,152,150,157,156,151,162,157,146,161,142,127,154,137,136,157,160,141,157,136,142,155,158,152,145,144,145,154,179,151,148,144,144,152,142,149,154,144,152,129,156,166,158,146,148,147,137,134,155,154,135,146,131,146,157,142,130,126,147,134,145,130,133,151,147,131,160,159,142,157,137,152,149,149,141,141,147,140,140,142,160,173,152,129,149,138,158,160,153,152,161,145,133,151,157,148,158,170,172,160,142,151,160,149,144,157,154,164,139,141,150,134,167,170,135,155,133,157,129,141,147,148,162,154,165,126,153,145,154,157,175,123,150,133,122,154,132,161,151,134,152,132,157,143,138,165,142,179,152,148,156,128,155,150,135,160,137,159,171,140,149,151,162,138,150,139,151,142,132,156,143,161,157,150,144,128,144,158,148,145,134,138,144,140,153,147,134,129,148,154,155,144,132,141,167,159,142,148,148,157,138,163,156,161,130,141,149,147,145,152,134,144,136,146,152,144,139,142,146,135,157,150,137,153,158,145,137,162,153,155,142,144,133,147,150,162,137,161,129,147,142,165,148,163,145,138,154,123,156,158,140,132,129,155,129,161,129,134,145,141,156,157,142,153,144,140,142,152,156,131,143,137,145,150,144,149,160,150,151,158,154,154,145,158,151,141,158,140,145,161,153,142,136,156,163,150,147,146,149,169,149,154,169,155,149,136,150,152,150,137,151,152,141,135,141,153,150,165,129,150,149,140,141,155,159,154,147,156,138,149,158,144,145,156,153,143,130,148,151,144,167,164,154,179,157,152,141,155,139,137,166,145,139,159,153,151,138,143,153,167,147,149,150,149,163,157,140,147,154,147,147,138,170,154,128,160,160,147,146,130,158,162,157,160,156,151,159,153,155,175,152,151,155,160,158,147,153,157,161,150,148,131,155,146,125,146,144,161,139,142,141,164,146,145,150,144,128,145,156,151,138,157,152,151,160,137,155,132,151,157,127,154,158,152,149,154,158,136,155,149,176,155,152,165,152,153,145,140,131,148,140,161,154,168,157,153,139,140,166,161,167,147,144,162,148,164,163,154,162,159,145,178,147,143,158,139,156,127,147,126,155,145,159,147,151,163,149,163,150,133,145,169,152,155,152,158,149,154,147,140,144,143,135,142,139,133,142,142,157,136,150,139,138,153,151,146,139,170,161,147,136,163,161,141,142,168,145,150,159,158,145,160,150,156,140,149,158,149,164,130,138,143,149,149,163,155,164,161,146,153,149,155,167,143,158,140,144,142,148,142,156,159,148,150,146,141,139,145,147,139,149,152,151,161,145,149,138,132,148,131,161,160,145,149,172,131,155,144,176,156,169,132,138,152,154,135,144,143,147,161,164,172,158,132,156,148,154,141,137,154,143,150,151,147,153,148,160,148,150,153,145,169,160,155,152,148,149,138,154,153,120,144,169,171,161,159,143,142,148,130,154,136,148,169,138,169,160,142,126,135,157,152,139,155,169,155,133,155,143,147,168,141,136,131,148,136,139,134,143,162,142,145,143,145,146,156,141,134,155,148,139,179,169,153,156,159,153,140,150,151,146,146,140,162,150,152,175,144,163,144,164,133,150,142,149,152,150,156,145,140,158,153,146,147,150,157,135,139,140,148,137,149,164,164,155,142,163,143,156,151,156,141,144,137,162,157,148,153,164,150,149,138,167,150,153,146,157,142,157,178,148,150,151,139,134,142,140,169,141,149,145,148,144,135,154,142,150,148,170,128,150,162,157,148,161,161,122,155,142,142,144,144,136,123,146,156,143,155,153,154,159,161,146,159,167,165,159,146,146,149,135,146,151,154,161,145,140,136,150,161,157,171,149,148,167,170,161,153,144,166,154,162,147,147,161,133,147,151,133,161,152,140,159,173,146,137,153,148,156,143,170,154,145,152,142,156,130,159,143,158,147,147,149,158,146,145,168,162,164,150,162,136,148,151,155,135,158,152,143,135,139,155,143,137,156,157,184,125,146,158,142,139,135,141,169,148,158,144,150,158,141,155,160,153,140,153,168,158,145,137,152,150,162,157,125,153,144,143,146,141,161,167,146,145,163,162,156,153,158,154,147,153,146,153,149,157,171,140,157,162,141,154,135,141,147,134,149,138,140,165,144,151,165,138,146,148,139,160,147,162,157,154,144,164,144,156,148,140,161,153,155,142,163,151,150,149,161,151,147,149,149,155,148,164,157,157,146,151,152,137,154,164,143,129,132,123,135,128,144,160,163,144,151,145,161,141,140,140,161,146,168,163,141,138,147,163,150,149,132,151,156,150,156,141,180,163,155,167,139,166,147,161,139,159,139,150,144,154,160,146,127,146,144,140,142,150,157,152,166,160,158,144,137,138,143,157,151,123,146,150,141,145,152,137,138,150,146,127,159,150,145,152,141,143,152,145,161,153,156,138,150,162,153,153,160,158,147,147,151,148,137,152,161,157,146,156,142,151,158,148,157,141,133,140,141,150,138,142,162,153,148,153,146,144,152,155,156,148,149,143,161,160,157,147,143,133,140,129,163,147,130,161,152,151,133,160,163,166,164,142,141,148,149,142,142,132,151,126,162,155,155,151,167,142,151,157,133,149,169,157,159,154,141,136,145,149,126,160,156,153,137,166,155,165,154,168,145,161,145,158,153,152,151,155,149,162,154,146,150,149,142,153,143,142,161,142,140,149,174,151,149,151,143,125,131,158,164,140,134,135,155,167,134,151,147,143,135,148,165,152,157,163,146,149,154,151,146,144,155,160,140,161,157,143,142,143,149,151,160,140,147,142,158,133,150,144,157,154,166,142,157,148,153,142,143,139,149,148,156,141,145,142,166,155,162,158,174,138,162,155,152,141,151,142,153,164,150,130,145,146,147,151,137,150,138,146,164,156,154,169,143,166,157,149,147,148,148,157,154,143,161,151,139,165,151,176,156,142,143,134,152,157,133,148,148,149,161,145,138,157,146,167,140,144,150,144,144,143,149,157,149,149,148,148,152,143,135,148,155,151,137,148,153,155,152,137,144,147,148,138,160,146,160,150,142,140,154,157,139,160,134,150,128,145,144,146,147,154,147,142,151,142,141,155,140,144,135,149,159,157,156,146,159,171,147,163,169,141,158,154,151,133,144,153,162,145,151,158,149,148,156,176,141,152,148,144,146,134,154,139,163,134,164,150,134,149,132,144,167,148,155,137,150,137,153,152,151,151,154,157,153,156,154,145,136,150,166,150,153,135,150,149,159,152,136,146,145,153,158,141,153,129,152,151,139,137,147,147,156,146,149,160,148,157,145,151,145,151,148,154,153,150,155,133,140,145,168,152,142,144,142,138,133,145,128,149,145,145,143,148,141,154,161,154,153,153,157,152,160,155,147,132,148,153,161,148,151,149,158,147,143,148,142,148,157,148,164,156,153,133,145,178,143,154,160,160,144,151,162,159,148,153,151,178,180,146,153,147,138,141,134,153,143,155,156,153,150,144,148,165,144,158,132,143,168,151,135,141,150,149,173,156,146,154,162,161,159,156,149,151,144,146,142,166,134,145,160,165,152,149,151,160,127,161,163,141,153,150,154,150,145,141,149,144,146,167,139,150,164,143,163,148,152,144,142,148,149,165,153,137,136,134,162,148,159,146,141,163,150,156,160,158,135,166,181,134,158,162,155,147,153,139,151,139,174,157,155,145,148,164,156,148,147,155,151,137,148,135,154,160,153,148,142,147,153,152,141,151,143,145,148,154,151,149,142,128,158,160,148,158,167,151,166,158,152
157,155,156,148,136,162,145,169,174,145,145,145,159,146,146,149,145,154,144,153,160,164,161,149,151,149,154,162,152,158,155,141,150,160,158,152,171,165,143,153,163,165,128,132,151,154,142,147,153,158,162,140,140,158,146,142,153,152,138,145,170,157,164,146,168,142,169,143,154,164,138,147,133,161,137,143,151,146,141,142,145,147,147,142,145,151,154,158,149,146,148,150,160,154,158,146,135,135,163,154,155,148,150,170,137,123,134,153,141,160,149,165,140,163,151,158,148,152,142,146,138,138,157,132,168,144,148,138,146,158,144,144,158,151,158,157,146,146,158,147,140,154,172,130,147,173,152,175,157,156,145,155,157,157,152,149,142,139,133,134,153,152,133,152,142,154,140,144,136,147,131,168,137,150,154,162,152,138,142,142,142,143,150,138,153,149,147,145,161,150,130,142,149,169,153,147,160,149,137,159,152,163,166,154,147,143,144,143,164,141,150,146,147,136,144,153,145,142,147,154,138,151,126,155,161,160,165,143,143,154,139,139,144,169,130,154,144,156,133,159,139,142,162,160,155,161,159,148,141,145,146,167,155,140,153,158,164,137,130,153,154,151,145,141,136,145,161,155,162,151,166,148,159,134,146,142,155,127,156,166,143,145,144,162,140,139,134,148,152,157,134,156,142,146,155,148,148,157,131,146,153,148,155,142,145,150,161,152,168,149,164,155,130,149,140,149,165,142,139,155,141,148,140,157,137,155,141,162,162,140,148,148,152,157,144,149,134,149,140,146,152,157,171,148,147,144,154,151,155,146,159,151,145,146,136,152,147,137,142,164,152,174,147,143,154,151,151,138,154,174,142,157,155,158,134,142,135,133,155,147,148,156,164,149,157,169,139,146,141,135,156,151,139,164,146,139,147,151,137,153,146,167,155,161,145,151,151,151,164,140,149,156,152,158,141,153,143,149,154,138,141,153,158,174,154,148,141,152,128,145,158,146,157,149,147,148,153,145,145,153,149,152,151,158,133,162,142,145,133,133,144,142,150,134,161,142,157,156,160,147,128,149,148,139,174,141,144,136,139,165,155,155,150,161,157,138,152,166,165,137,137,137,144,152,171,148,161,155,145,160,150,158,143,160,145,143,156,165,137,160,146,147,144,161,147,158,156,164,157,156,146,137,139,157,161,156,161,155,158,161,158,149,142,169,150,120,161,150,158,161,162,155,150,164,159,167,151,128,158,139,158,154,152,162,144,152,168,144,157,168,157,133,144,150,136,155,150,147,150,165,135,151,144,149,146,149,162,161,159,130,144,161,142,154,135,135,148,164,166,130,151,144,155,165,135,139,148,161,140,135,167,143,162,159,155,126,137,143,134,163,163,175,109,140,151,155,160,141,154,147,150,151,141,156,156,159,158,155,137,157,163,154,160,165,154,151,143,138,152,160,140,158,127,148,150,168,164,143,159,154,157,161,160,163,158,158,160,139,162,142,143,143,152,150,146,140,152,143,143,156,149,144,143,146,141,141,154,151,157,156,144,134,151,169,138,138,151,134,160,155,141,154,144,122,157,150,160,137,134,139,164,157,157,137,152,141,139,149,154,154,140,139,153,151,153,139,155,136,151,162,151,141,144,146,133,148,159,145,161,150,164,141,145,152,149,152,153,149,131,147,161,151,161,166,123,153,145,142,134,172,140,145,130,158,145,143,160,158,177,146,158,159,144,125,144,170,155,144,157,152,152,134,144,153,151,169,128,147,150,143,156,148,146,149,151,143,153,131,161,155,156,158,135,140,154,158,163,143,159,130,153,148,134,144,146,162,147,159,125,166,139,155,141,153,144,152,142,146,147,148,156,144,135,152,150,129,140,137,160,157,144,155,147,154,143,140,159,173,158,173,152,144,126,132,166,141,156,162,132,139,157,153,162,143,136,134,163,139,143,155,168,143,145,149,157,129,166,161,151,158,143,159,141,152,145,142,149,175,141,157,162,162,135,162,141,149,151,141,140,132,144,134,142,168,147,154,156,162,142,146,176,152,157,153,144,139,152,148,144,144,154,157,150,144,150,160,145,139,164,140,153,122,146,140,149,147,139,154,138,134,128,150,160,151,143,155,159,141,150,160,148,142,144,134,165,139,124,154,137,144,180,153,124,135,150,145,145,154,136,161,158,151,149,149,142,150,156,150,148,143,157,138,149,157,146,143,154,139,136,135,143,142,152,153,147,147,152,165,156,137,145,164,163,133,137,138,152,158,132,163,153,139,144,151,151,154,149,143,137,157,155,140,145,140,148,161,148,143,134,150,135,155,144,153,145,166,149,156,137,147,146,132,146,145,149,151,145,148,140,149,149,161,147,140,149,138,144,140,131,152,153,147,157,146,141,153,148,148,149,141,144,160,148,163,152,141,135,147,142,141,148,143,140,140,163,142,150,149,164,144,169,163,156,151,143,153,147,158,155,166,158,151,156,134,146,150,177,154,147,149,154,141,165,148,165,149,130,145,132,148,153,163,167,143,128,148,147,150,149,157,166,143,132,150,140,157,146,164,162,147,145,155,135,150,148,142,160,154,155,159,143,144,130,149,132,157,147,159,134,139,148,150,154,159,174,142,155,163,159,164,154,138,149,157,154,131,155,162,139,155,155,153,149,155,142,171,140,156,132,150,148,155,158,150,154,174,157,150,149,154,154,152,145,160,166,156,166,126,155,145,159,156,152,154,154,131,159,158,161,167,139,171,145,160,143,163,144,158,156,157,149,151,143,156,143,145,136,173,161,143,172,165,160,145,152,157,165,152,153,151,146,152,163,146,161,156,158,167,143,160,142,143,146,127,159,167,176,167,144,161,148,146,127,146,144,140,162,151,162,153,134,136,149,157,159,154,155,157,160,140,143,158,153,160,150,139,152,163,154,140,151,134,141,154,158,140,147,142,147,144,161,148,161,148,148,158,154,149,153,132,160,144,144,169,149,160,148,144,124,151,151,165,155,152,146,149,150,117,129,138,159,133,138,152,148,147,144,135,150,150,144,154,152,169,160,159,158,152,137,169,151,136,169,130,154,148,133,155,145,146,147,154,155,148,154,126,144,169,162,165,150,148,139,156,147,136,160,160,153,161,155,149,159,152,142,176,154,154,153,138,134,151,150,158,149,145,160,142,144,159,152,152,143,147,156,160,149,157,151,158,144,156,151,169,140,133,168,149,125,168,147,154,138,138,154,149,155,140,156,155,161,139,135,161,168,133,146,152,141,164,136,144,138,146,135,161,147,144,144,144,144,135,150,144,152,143,168,154,165,146,160,148,157,160,154,154,151,133,154,156,146,146,159,142,172,158,153,155,155,157,150,149,151,159,157,168,136,157,140,163,134,149,140,146,144,142,145,161,161,139,161,173,147,139,141,159,160,148,160,153,133,157,163,145,150,139,162,153,147,139,140,173,156,155,148,142,140,149,157,175,137,135,156,125,161,168,148,162,152,149,154,159,155,157,156,146,151,122,149,153,147,144,149,147,138,160,147,134,149,141,148,147,181,148,145,157,145,148,138,159,142,162,168,131,152,181,156,155,148,139,145,158,139,151,140,164,138,152,131,139,140,155,158,143,142,135,148,142,159,146,156,166,159,164,145,159,143,151,154,137,147,136,152,159,137,149,139,158,149,149,142,151,128,163,175,169,167,146,140,156,167,148,155,129,145,161,153,142,139,140,140,159,165,156,161,132,144,129,170,151,171,162,137,155,167,154,160,151,168,147,141,140,155,158,170,149,139,151,144,155,145,133,152,159,146,135,137,144,146,143,152,141,153,155,159,144,170,143,159,141,149,149,161,150,142,157,162,154,159,171,157,155,181,169,155,142,163,159,158,158,161,152,154,146,168,166,145,158,150,147,160,142,166,149,156,160,148,168,135,148,135,143,154,155,150,131,156,131,162,137,144,118,155,132,147,159,164,144,153,147,152,158,147,149,168,154,151,168,141,147,157,155,146,136,164,136,146,154,140,130,146,148,161,144,162,140,151,162,148,145,158,148,148,154,155,145,158,154,154,157,135,157,147,161,144,131,141,142,129,158,162,152,161,154,149,144,151,154,140,162,139,138,164,141,148,162,136,144,141,160,147,150,152,135,166,153,153,139,133,142,135,154,149,147,148,146,156,160,154,137,147,141,160,146,152,157,161,150,143,164,152,148,148,151,141,158,167,130,143,133,141,147,166,166,153,138,146,152,159,131,140,151,155,154,154,136,150,132,129,154,147,136,148,144,141,142,140,142,159,126,147,165,144,158,155,145,148,134,145,127,150,157,156,146,145,162,155,136,153,171,169,148,137,174,160,134,151,144,136,169,160,138,146,153,139,145,150,146,137,144,150,150,140,155,167,160,136,150,154,154,152,157,177,138,158,149,137,146,150,141,160,164,151,159,142,146,142,153,168,130,147,143,144,131,136,161,130,142,162,148,151,148,151,161,144,151,155,158,169,145,140,158,142,147,166,135,170,151,148,157,151,143,150,156,166,150,149,145,143,142,152,145,155,148,140,132,147,152,151,154,142,164,151,142,150,141,143,154,153,161,158,148,144,147,161,157,140,160,154,148,156,154,140,153,148,148,147,152,140,150,144,165,164,156,148,166,138,166,145,150,149,150,142,164,145,148,160,132,157,162,155,152,149,151,142,160,141,147,168,152,146,139,152,162,149,152,147,168,137,167,150,169,139,159,152,139,168,136,156,145,151,158,159,173,151,134,150,146,145,155,154,143,169,151,143,131,156,172,145,151,144,165,146,158,144,166,145,154,125,145,162,144,150,159,126,154,145,145,164,160,155,150,158,148,140,158,156,159,152,153,160,136,156,139,144,145,152,150,142,160,164,153,153,152,161,135,133,151,162,171,146,145,136,139,151,159,157,140,125,165,124,166,139,140,177,148,152,137,157,157,153,148,145,160,158,165,154,148,141,156,139,144,135,147,156,149,161,147,126,145,149,135,163,139,158,158,147,153,136,131,177,150,159,147,143,150,131,160,162,143,140,153,178,152,165,142,145,169,160,150,168,157,156,153,144,158,157,146,144,140,142,130,158,139,151,164,170,147,149,170,137,145,149,142,135,158,147,155,155,146,132,153,165,156,132,131,152,146,154,163,148,153,152,129,139,153,172,147,135,164,163,153,156,140,153,159,150,135,143,166,160,122,149,159,158,166,171,158,139,162,150,134,148,143,138,141,151,149,148,148,138,143,150,135,182,150,141,153,139,138,154,154,131,150,143,122,161,138,156,149,154,152,132,141,144,148,154,123,141,152,144,137,143,150,149,178,153,138,139,129,171,142,145,155,128,126,142,163,142,147,154,150,144,152,154,159,148,142,160,173,161,163,147,161,151,184,149,136,146,149,151,145,146,150,168,138,155,152,149,136,152,149,138,153,151,147,146,166,154,155,151,121,147,157,146,154,164,168,140,136,139,139,141,168,153,147,132,163,138,146,153,161,148,165,150,152,143,159,145,156,159,147,159,151,128,145,165,164,147,190,158,123,156,152,154,139,157,147,147,141,143,148,133,135,153,152,160,149,158,154,149,146,158,143,148,159,141,151,156,137,146,150,139,151,158,145,142,143,160,120,140,144,140,135,154,148,151,156,153,170,145,144,156,161,132,150,150,153,162,152,175,161,142,138,157,155,141,140,140,148,152,136,136,125,158,166,156,132,137,149,143,150,152,141,160,145,142,151,161,143,152,154,155,163,160,176,165,120,167,151,132,152,136,152,151,156,160,146,149,153,159,165,154,149,150,132,159,160,130,143,164,133,141,137,157,137,146,161,162,170,165,150,151,138,156,135,148,145,166,146,167,155,144,142,140,157,145,137,164,133,162,135,149,134,136,154,154,132,161,156,147,140,149,149,148,154,156,159,154,142,155,167,157,151,140,133,153,153,149,167,151,132,160,139,132,153,144,155,147,151,161,136,164,154,145,149,142,164,171,149,160,140,141,131,153,128,164,147,153,159,143,146,133,147,159,145,143,160,157,174,151,156,152,157,143,128,144,148,146,134,160,150,157,144,140,133,133,166,154,175,140,133,157,170,150,149,157,145,155,130,159,157,144,150,163,154,149,140,141,141,153,140,136,149,139,144,166,151,135,149,162,179,171,153,157,156,153,153,154,131,142,125,135,148,142,159,147,157,146,164,151,157,131,149,151,149,161,156,148,144,149,156,154,169,142,155,162,150,158,143,157,161,149,145,130,153,173,152,141,148,160,150,159,157,147,156,153,143,151,136,130,171,156,167,140,155,142,151,136,157,156,141,135,165,143,134,155,157,155,151,154,167,146,146,140,149,158,154,149,153,146,149,133,129,140,175,138,156,153,165,135,154,136,147,146,152,170,147,145,155,164,141,154,143,154,141,150,139,152,146,155,161,133,156,165,128,139,154,129,156,141,141,124,153,168,157,154,155,164,133,134,136,152,156,157,147,156,152,169,141,174,173,151,153,144,129,152,147,145,163,129,153,138,170,152,145,154,134,164,147,145,153,142,131,159,164,148,147,143,147,148,153,134,156,145,140,164,155,162,161,155,157,161,148,130,143,141,159,169,144,173,136,156,154,152,165,146,156,154,151,156,148,152,145,149,167,145,158,161,151,143,157,156,152,132,146,137,147,136,168,139,151,139,163,165,147,156,148,133,160,148,139,149,155,141,136,151,164,158,154,147,152,158,147,154,160,156,141,135,143,149,151,175,155,165,149,128,158,160,159,135,142,150,142,159,134,144,127,146,142,137,166,136,138,142,156,151,144,156,166,165,177,156,157,131,153,158,140,143,143,144,153,157,147,149,142,164,139,150,145,142,147,152,148,145,137,149,131,147,177,169,161,146,149,171,139,144,152,140,134,160,143,150,134,144,150,161,154,138,132,143,160,135,159,158,135,147,144,151,161,168,133,134,139,154,139,152,146,142,153,147,148,179,171,150,154,157,145,160,143,151,130,170,151,171,145,149,142,142,157,144,149,160,148,157,147,131,167,156,149,151,133,154,150,154,159,151,147,145,140,158,149,141,154,148,154,146,128,163,137,145,155,159,150,152,151,155,146,151,145,148,145,161,144,150,142,149,144,132,150,165,154,149,166,156,160,150,156,167,126,158,148,159,136,155,140,145,147,142,142,163,140,141,139,154,145,145,144,157,164,137,156,151,149,158,176,146,159,131,145,165,145,146,150,146,161,145,164,158,134,163,148,150,143,157,139,157,161,167,155,149,156,177,152,148,150,157,133,153,143,153,148,136,129,136,146,136,141,157,161,155,143,132,144,151,165,140,148,158,149,162,161,151,151,162,151,164,154,152,155,147,145,155,149,157,133,142,170,146,150,155,152,145,151,151,136,151,144,157,139,137,140,165,141,152,144,145,153,164,162,157,156,141,154,161,150,155,157,138,150,165,140,135,148,150,150,149,146,161,131,162,159,142,155,161,137,149,122,146,137,154,161,151,141,156,142,142,154,163,156,147,175,168,144,159,129,136,128,162,152,146,134,152,136,142,144,172,135,150,140,138,162,149,158,159,162,142,181,151,135,171,141,141,157,160,164,148,151,136,158,172,147,149,151,160,149,142,147,154,140,143,169,153,178,138,151,164,156,152,158,149,150,167,148,133,140,159,165,153,159,162,134,144,142,159,167,155,147,143,146,140,174,148,140,138,149,151,162,150,143,146,163,149,157,140,154,171,149,150,168,139,154,169,150,156,154,141,151,154,160,150,152,142,145,156,163,156,160,152,147,148,149,146,129,142,172,139,140,135,154,177,128,158,151,141,161,146,153,161,150,149,127,149,137,141,160,149,151,165,156,146,143,161,151,152,149,141,142,140,154,146,138,163,149,146,146,169,141,154,135,146,144,156,142,144,142,165,147,145,147,156,147,149,145,150,159,165,142,159,144,145,153,141,148,138,172,142,139,165,152,150,155,133,147,151,146,145,144,167,145,162,148,158,144,149,164,169,161,131,140,149,149,173,156,145,145,140,154,156,136,144,140,149,163,141,146,124,158,146,138,155,161,133,155,138,142,151,128,150,133,155,151,159,149,134,170,140,145,165,162,157,138,151,157,151,143,144,159,141,158,145,143,146,159,161,133,159,151,142,155,135,143,135,132,139,155,157,146,143,155,160,145,170,149,137,156,145,151,144,158,148,149,152,140,141,148,153,144,145,134,150,142,153,159,144,149,138,160,154,142,158,129,154,141,135,151,163,139,135,158,165,148,162,138,151,151,145,144,165,151,149,147,135,157,176,149,151,161,143,155,152,150,163,147,118,146,175,145,140,141,145,150,149,157,159,159,152,144,155,161,145,147,151,150,151,133,149,163,142,141,159,133,156,164,148,141,150,149,161,153,164,144,129,151,148,163,139,154,150,152,156,141,153,159,166,160,160,165,139,128,152,140,140,140,153,140,162,172,161,145,145,151,128,149,140,160,160,157,154,159,152,162,150,142,143,155,152,164,157,138,170,144,159,157,133,150,147,166,161,147,148,151,137,153,148,163,158,156,156,139,140,149,147,153,134,142,160,150,141,161,153,156,149,162,155,139,140,131,157,173,132,153,157,137,149,153,160,150,155,138,173,163,158,168,157,144,142,135,156,159,126,155,144,154,148,154,149,156,147,146,165,138,158,137,143,156,141,147,154,131,138,153,156,150,151,136,151,138,155,152,157,144,156,147,136,137,134,160,149,140,156,150,150,136,146,157,149,135,151,145,151,157,153,143,145,149,152,138,150,160,150,151,138,136,162,131,163,164,152,147,157,164,146,143,154,138,143,141,154,146,137,142,152,151,154,144,147,148,145,169,144,156,165,150,152,165,156,157,137,146,146,154,144,149,166,161,159,156,140,138,160,141,150,162,158,138,163,166,154,142,150,146,148,126,145,169,145,156,150,141,132,148,150,155,143,162,144,141,140,140,152,141,148,159,158,142,161,164,142,156,154,143,152,159,159,161,171,145,157,162,157,163,145,139,151,150,135,144,150,136,164,145,162,163,145,151,155,152,138,141,143,130,153,148,141,154,146,140,147,157,149,166,174,162,148,149,153,164,151,144,146,148,152,145,172,137,145,137,147,162,161,135,149,146,150,144,164,149,162,149,171,148,156,161,149,163,156,148,150,144,147,157,144,162,150,149,151,144,145,139,155,148,140,159,143,150,155,157,150,171,149,154,156,164,148,174,144,146,142,140,138,149,142,148,132,149,153,143,148,161,141,137,147,156,155,145,158,153,144,155,166,160,154,164,145,147,135,148,151,175,145,165,145,175,147,131,143,160,150,141,151,150,155,169,152,145,151,147,151,129,141,150,160,142,146,161,147,139,168,149,145,166,149,154,151,146,143,163,153,161,148,157,154,142,143,128,146,121,146,150,140,138,162,148,158,150,154,171,145,181,150,146,141,151,144,183,145,154,158,148,170,145,154,155,150,158,144,149,160,156,150,163,168,143,152,131,154,145,174,151,141,141,147,164,156,140,165,152,154,162,151,132,163,163,143,144,139,156,143,136,131,169,149,150,168,152,154,152,149,146,151,147,155,162,160,154,155,153,145,140,140,145,143,123,142,158,163,145,166,150,141,169,135,159,151,137,133,161,167,143,153,153,148,158,168,160,148,174,141,160,155,153,150,139,161,143,154,148,158,153,145,136,143,146,155,144,136,147,165,159,139,141,139,151,151,169,157,140,146,156,132,165,154,142,148,152,158,149,137,164,137,158,149,155,159,146,139,160,140,145,150,150,138,141,180,155,167,134,148,139,158,158,135,166,156,147,139,143,143,128,154,140,157,145,143,156,150,155,144,163,148,144,140,134,143,157,140,131,145,160,159,159,152,161,157,162,157,161,128,151,141,158,131,152,126,145,152,150,161,155,159,143,166,157,128,140,133,145,149,143,139,142,158,141,118,135,151,160,159,171,140,155,158,155,144,185,164,162,132,167,146,148,131,149,145,179,140,147,154,143,142,153,160,150,157,151,148,170,138,139,154,152,155,155,142,146,153,156,162,145,162,154,147,146,148,155,159,149,154,135,157,140,131,154,140,143,146,139,158,137,157,143,154,152,156,156,155,142,147,144,151,162,137,154,141,149,143,159,146,149,148,140,155,158,130,138,164,148,150,160,161,154,145,148,168,161,153,124,150,151,141,137,159,147,159,146,154,156,157,161,157,140,144,133,128,181,157,167,169,155,148,178,147,166,157,147,138,139,146,130,151,139,147,155,139,160,156,153,147,147,148,148,151,144,169,135,151,164,164,154,148,138,155,159,143,142,128,141,156,158,166,146,179,130,144,157,154,158,159,138,157,171,133,154,153,158,151,145,139,147,144,167,150,150,147,154,135,168,148,155,146,143,149,153,156,152,146,155,134,161,150,153,153,154,159,140,150,137,135,152,141,128,149,125,149,156,147,163,151,164,162,152,133,157,160,137,164,129,139,147,157,152,153,158,145,158,155,133,147,150,145,138,176,141,145,146,142,148,167,159,160,139,150,155,153,152,143,176,135,154,148,145,165,158,126,147,157,161,138,151,159,153,157,145,137,161,139,138,163,140,154,150,151,139,168,164,165,150,158,152,127,155,152,147,154,146,148,172,149,165,154,150,150,145,154,143,141,143,152,160,157,157,140,144,141,165,147,159,144,156,150,169,153,141,143,160,142,151,139,136,167,142,162,148,160,143,154,139,169,145,140,155,142,135,161,147,170,149,140,154,139,151,158,147,158,145,163,150,153,150,147,140,147,160,158,142,140,148,146,136,144,154,136,161,175,143,171,154,139,171,141,162,149,148,155,147,130,159,159,153,133,154,139,155,143,130,144,161,149,126,141,142,179,152,160,137,144,143,143,167,144,160,144,167,148,141,156,132,139,145,143,152,168,160,158,143,147,150,143,152,150,150,131,134,143,161,143,136,153,141,154,150,129,153,163,154,139,145,158,162,140,151,137,168,138,131,152,122,177,151,148,153,139,156,135,146,150,148,161,153,152,156,142,153,150,152,137,155,132,147,151,155,133,151,147,157,150,156,134,160,135,160,159,163,159,146,142,136,177,160,162,158,156,151,160,126,136,156,159,145,137,159,143,149,134,148,156,157,138,167,166,153,136,141,162,139,133,171,138,163,138,163,153,161,155,156,155,146,160,148,157,142,154,140,140,161,147,162,147,171,165,151,153,167,145,147,142,166,166,151,151,160,151,152,163,139,151,151,142,147,170,147,135,163,146,146,131,149,160,154,148,141,124,134,146,137,135,175,141,153,133,127,148,160,153,161,139,160,161,164,160,164,161,125,147,160,140,134,150,159,134,161,147,160,144,141,139,163,152,152,152,165,140,159,158,149,123,142,145,140,168,141,139,142,153,153,153,159,164,157,143,130,141,161,161,139,143,155,147,139,154,150,157,165,150,150,164,144,150,138,168,161,145,156,137,151,150,144,140,159,138,153,130,167,164,140,162,174,147,150,154,169,159,157,159,157,152,130,167,158,142,145,139,130,161,148,153,141,137,135,144,139,145,133,168,156,155,139,144,152,144,148,145,154,151,142,135,144,131,142,139,147,128,155,140,143,155,140,143,142,163,137,142,152,147,152,156,155,132,161,147,157,153,147,148,152,151,150,150,170,151,148,148,142,159,151,143,162,159,157,152,147,143,128,141,155,127,143,159,147,148,144,144,145,154,136,158,142,147,148,150,154,161,152,141,139,145,138,146,159,141,141,123,163,160,156,135,154,148,159,144,144,153,166,133,164,169,149,144,151,147,156,152,146,160,145,166,161,144,141,153,150,141,137,160,149,142,159,170,151,158,159,139,155,148,151,140,148,144,159,140,136,157,135,149,144,172,161,138,150,142,155,146,157,152,156,154,161,164,136,131,150,144,152,150,143,153,147,150,150,137,165,146,152,135,157,147,144,157,146,131,152,126,144,154,144,158,158,142,141,153,155,150,137,129,142,165,147,134,163,154,148,146,170,152,166,158,149,147,149,164,163,143,141,155,149,155,147,152,152,151,149,151,120,148,156,149,139,153,152,136,145,161,127,146,143,156,150,169,140,159,167,131,141,160,151,140,131,151,148,144,139,142,169,170,142,162,146,152,166,158,164,158,149,162,160,139,153,156,143,145,133,125,159,130,160,149,135,144,159,150,150,126,150,157,149,146,151,130,141,158,142,152,144,130,154,155,146,140,136,156,134,152,172,143,166,148,136,141,145,149,148,156,164,144,149,153,150,145,149,156,136,169,143,160,131,163,158,145,161,144,137,155,155,159,155,149,149,142,161,152,152,140,163,160,154,155,145,141,151,161,140,161,148,145,137,138,146,151,155,154,145,142,149,141,128,141,156,168,157,141,154,146,147,144,153,155,158,129,141,131,158,150,151,151,154,157,149,154,142,138,146,149,135,147,159,143,150,140,154,139,164,153,151,131,131,149,152,153,174,134,155,149,169,143,161,151,158,149,130,148,147,156,165,146,154,154,163,143,158,138,156,152,147,144,140,145,153,141,165,144,151,150,149,127,171,164,138,155,158,173,147,143,145,141,155,137,163,153,151,142,137,150,152,157,149,165,137,151,163,155,162,146,158,167,148,162,154,152,145,160,164,158,161,151,156,152,143,154,133,145,157,164,154,158,140,155,144,167,130,168,162,147,153,149,144,148,142,140,155,151,168,152,141,157,154,141,131,135,151,148,156,141,158,139,148,135,154,152,155,130,157,146,151,134,146,152,154,135,138,160,130,139,160,154,155,138,148,133,153,135,140,164,166,147,141,135,164,170,138,165,161,149,164,166,145,130,148,156,143,152,141,155,156,138,133,130,149,137,135,165,136,142,152,161,144,153,154,150,161,149,159,150,146,164,137,150,167,169,145,142,143,145,144,153,143,140,167,156,145,149,143,157,151,142,149,146,160,151,140,142,160,154,133,156,142,149,154,149,164,147,151,148,140,149,163,143,142,157,126,147,156,137,143,151,161,142,139,174,147,136,162,144,164,137,151,155,144,158,139,167,148,157,141,153,159,150,148,148,169,147,130,149,156,138,150,150,149,130,155,158,167,135,140,156,145,147,155,162,143,138,159,140,159,146,156,139,156,165,148,148,156,152,146,135,154,125,167,152,153,158,151,143,132,146,154,162,141,164,156,131,173,157,151,145,148,154,125,161,155,155,148,152,149,134,156,163,140,156,144,127,144,149,145,160,168,150,145,155,146,144,146,151,143,143,151,139,140,151,157,124,138,151,170,138,139,137,155,153,148,157,147,162,169,136,136,150,162,142,158,159,127,141,148,138,142,141,138,151,142,155,153,151,139,152,140,165,151,153,141,134,160,153,146,147,137,128,144,152,156,157,149,132,135,167,154,140,143,153,148,147,150,137,135,140,158,176,145,142,153,160,134,138,154,132,134,161,157,153,152,173,143,162,139,168,159,144,153,142,146,153,143,146,137,132,159,150,162,143,141,151,124,148,138,151,150,157,155,139,159,163,151,153,147,139,170,132,153,133,163,146,163,154,163,127,139,146,141,143,156,155,146,155,143,145,147,148,145,149,146,158,142,158,148,161,151,167,148,158,156,135,140,152,142,155,146,139,142,158,150,154,126,130,151,115,152,148,147,178,154,174,150,154,153,141,159,144,175,175,151,146,164,149,136,157,144,144,149,139,143,144,173,156,130,143,155,148,152,151,140,135,172,143,153,153,149,148,149,146,156,145,136,144,156,154,149,137,155,161,156,156,151,133,138,155,155,143,156,154,158,140,140,163,172,148,148,151,167,159,154,147,155,160,153,155,151,138,152,147,140,141,162,141,147,160,164,153,138,152,151,120,140,150,162,171,160,152,166,148,138,168,154,158,158,154,154,158,124,169,147,149,160,138,153,150,142,146,159,141,154,139,164,143,135,127,153,145,152,161,144,157,156,139,149,150,137,159,135,162,137,169,166,160,156,142,156,148,143,164,154,164,146,156,152,146,155,146,142,158,155,160,142,149,152,155,137,178,158,163,156,150,130,144,164,126,148,142,159,141,163,147,142,132,153,148,139,125,154,137,150,152,142,157,136,129,143,134,168,153,151,154,160,146,146,134,158,140,142,148,136,146,167,137,153,144,154,148,152,144,155,167,161,154,137,147,142,133,147,166,156,160,144,173,146,147,150,165,157,145,163,161,165,158,149,137,159,138,158,153,150,129,158,162,133,167,160,148,153,175,160,141,154,141,155,142,161,170,161,140,177,142,136,153,146,151,147,160,171,170,160,173,156,152,157,156,160,157,152,154,167,148,146,130,152,154,127,158,148,148,146,154,131,130,140,145,146,150,147,153,144,152,142,138,148,157,155,154,154,168,167,143,149,159,135,169,144,137,133,156,146,140,146,141,143,141,159,175,147,136,151,121,153,138,131,144,159,146,159,151,141,144,169,136,144,170,158,151,137,156,152,147,145,157,156,148,144,162,146,147,156,140,136,154,150,147,161,152,161,157,157,136,156,139,151,155,172,148,145,161,147,142,153,151,140,156,155,131,148,137,148,136,127,167,151,153,140,159,150,156,147,148,141,139,161,172,151,147,142,155,147,141,173,151,155,157,150,162,154,127,160,157,152,153,149,153,165,160,150,134,160,169,155,169,155,152,153,158,145,155,149,142,147,154,153,149,154,156,154,150,146,149,157,140,153,128,152,141,151,149,147,156,164,147,156,151,152,143,147,150,156,168,145,157,150,161,134,143,147,161,137,143,163,139,157,155,154,142,155,166,149,147,166,153,152,136,143,136,153,154,157,152,175,154,141,159,162,155,148,151,142,159,153,152,154,152,139,144,143,150,146,130,140,141,146,154,149,157,150,147,134,146,148,156,153,156,140,146,154,142,142,149,132,158,152,166,144,145,165,157,148,143,154,148,148,155,167,150,147,147,152,150,154,144,140,150,150,144,146,144,130,143,154,158,158,133,147,152,137,162,151,146,153,146,140,150,173,159,154,155,144,157,149,161,139,163,166,147,155,153,148,135,149,145,165,136,163,170,165,131,152,143,147,153,152,135,159,148,150,136,150,157,151,159,143,154,155,159,142,154,151,152,153,143,161,143,154,161,157,165,144,160,156,154,151,177,149,144,141,133,137,146,153,150,162,147,173,166,157,152,145,128,135,157,148,139,175,162,146,148,166,150,149,149,136,154,158,152,141,149,141,150,149,144,143,143,155,138,134,145,137,136,142,167,153,146,153,148,155,149,155,139,136,152,140,151,138,162,153,137,158,173,142,146,159,155,145,144,159,143,145,143,145,145,141,146,139,176,159,156,153,167,154,153,152,148,146,146,150,144,159,134,163,165,163,148,153,153,166,152,143,152,151,131,153,130,143,149,162,138,140,164,153,153,142,142,146,146,161,140,159,149,160,129,161,140,156,153,153,148,153,148,150,164,143,154,153,131,154,147,156,146,151,148,141,147,139,137,147,139,162,160,146,167,149,141,141,166,139,143,176,143,151,149,145,157,157,146,154,147,140,146,132,159,168,140,160,159,169,151,160,148,152,171,135,137,153,138,148,138,126,142,147,134,156,149,150,159,148,132,157,156,159,140,171,149,171,141,156,143,141,152,156,162,139,161,153,145,146,142,146,159,142,148,149,148,142,135,149,155,147,152,148,144,149,144,150,145,145,143,154,150,146,153,159,161,159,153,142,151,143,128,148,162,152,145,170,153,148,153,150,153,142,158,175,163,131,154,140,150,158,144,139,180,143,158,162,144,167,137,162,158,166,140,155,131,146,159,157,147,155,137,140,148,137,134,143,145,149,151,138,134,130,141,151,164,140,141,163,156,125,145,134,134,149,126,175,146,169,143,159,162,143,142,168,143,127,142,132,158,154,147,146,154,139,138,155,139,158,149,155,136,139,159,144,136,152,149,131,129,164,159,151,139,140,144,142,147,163,154,150,154,151,141,171,171,129,131,141,140,153,139,147,160,147,151,165,142,155,141,140,148,157,153,149,137,149,166,171,162,148,152,159,149,149,149,164,135,151,152,132,160,156,137,151,153,144,147,155,148,156,139,139,163,154,139,140,160,159,144,148,139,159,142,155,159,142,151,149,166,143,134,149,148,160,163,159,142,142,156,157,150,131,160,142,146,148,145,152,149,143,167,148,144,152,158,142,165,156,146,150,160,158,147,137,163,147,127,163,173,154,158,159,130,160,161,183,164,128,160,169,142,162,145,152,151,155,156,140,151,144,139,168,154,140,143,158,145,124,136,144,150,155,145,147,150,136,135,163,133,143,142,143,155,167,160,146,158,163,158,152,151,143,164,146,156,142,155,140,157,138,152,151,153,157,138,154,147,157,138,150,156,154,166,151,158,148,156,142,138,139,148,165,151,141,147,151,147,149,155,166,174,156,143,148,161,164,159,147,159,166,141,151,147,154,149,137,163,143,151,142,138,155,149,145,136,138,161,170,174,154,156,135,156,155,147,165,161,152,136,135,139,144,154,145,156,154,147,143,162,145,152,142,156,139,136,157,147,167,169,159,135,153,150,141,139,132,135,137,156,154,149,139,143,145,143,157,146,121,127,153,161,168,161,141,160,149,155,145,154,160,137,168,149,161,155,160,154,153,148,143,150,129,140,160,133,160,143,140,163,136,151,169,171,147,160,150,160,155,149,137,136,139,154,147,143,147,161,151,162,154,138,138,136,158,147,144,145,145,160,141,172,139,136,157,149,145,178,149,174,168,125,157,164,145,144,145,149,150,145,156,159,166,159,159,144,157,146,152,151,155,168,152,167,140,159,152,173,145,148,157,138,146,152,148,159,146,153,130,156,144,163,157,145,153,140,143,163,146,143,156,146,152,146,160,147,155,147,149,149,150,144,159,151,151,144,149,143,172,134,164,154,147,147,139,136,151,151,153,146,158,146,134,135,154,147,160,161,158,164,154,141,162,151,154,152,161,132,149,149,142,143,146,147,154,149,145,146,142,141,157,152,152,139,154,174,168,154,154,150,145,130,144,138,140,143,158,162,140,149,160,141,143,117,139,161,138,145,178,156,159,149,150,153,122,160,153,136,149,137,153,158,141,138,146,162,162,167,147,136,150,139,156,155,165,145,163,144,166,144,144,147,149,163,145,154,138,155,156,149,141,166,154,150,137,163,150,150,155,165,150,144,144,137,140,168,163,135,156,133,135,154,163,168,131,153,154,142,133,144,151,152,145,139,147,126,148,143,139,151,152,162,148,148,146,162,140,147,152,153,132,156,160,165,140,157,140,157,168,167,158,146,147,143,146,154,152,154,156,145,158,168,148,145,158,144,129,158,180,151,163,149,157,160,159,134,151,144,156,138,161,151,144,135,148,150,148,151,159,174,157,152,142,147,154,151,139,145,160,144,162,166,152,160,137,141,169,122,156,159,161,146,156,135,133,147,149,140,153,149,147,151,137,155,147,147,154,145,150,167,134,153,134,159,172,125,150,167,160,167,154,154,165,159,150,159,161,150,139,142,147,153,142,145,137,161,158,149,160,145,162,182,168,157,142,140,139,140,161,123,144,144,158,163,153,168,157,141,167,141,152,155,179,160,161,141,151,144,136,164,147,149,148,161,167,155,136,168,145,159,134,148,138,154,163,144,148,159,141,137,141,139,159,143,152,161,139,150,139,147,149,145,124,141,148,158,149,153,173,149,159,153,159,142,151,121,154,154,143,149,162,170,149,146,145,139,166,156,160,150,150,146,147,141,133,144,126,152,138,147,152,150,151,167,153,161,142,153,156,156,166,135,180,151,138,157,143,157,148,142,139,158,141,140,154,147,167,142,155,156,141,149,154,145,114,164,143,135,144,120,152,140,154,128,150,162,142,143,156,142,139,148,137,146,168,166,155,139,157,156,145,162,147,151,163,166,145,138,150,144,143,147,145,164,144,156,166,169,156,160,155,166,148,161,119,127,170,130,142,145,158,146,163,142,158,138,148,155,150,179,151,140,162,156,136,130,156,167,150,151,154,139,153,143,152,149,151,160,149,159,139,131,155,151,159,142,164,148,146,152,146,145,165,152,150,160,146,159,146,148,150,158,147,144,145,134,166,145,159,156,154,159,150,161,143,150,144,157,130,146,148,156,135,163,146,145,136,142,150,135,148,155,156,154,151,152,136,175,147,160,164,163,131,140,169,139,143,162,159,153,172,151,144,149,151,153,147,167,148,136,155,148,128,136,151,165,150,157,143,135,155,157,149,139,167,161,159,165,165,147,147,141,163,127,133,169,156,132,151,129,152,152,136,144,143,145,147,156,139,131,146,125,145,142,150,152,163,153,150,160,143,138,152,161,140,152,137,147,153,155,139,146,153,160,136,146,146,152,164,151,147,154,146,141,151,144,166,155,138,148,155,143,139,144,165,140,140,148,152,150,139,131,143,158,148,166,145,148,158,137,154,176,154,153,159,133,137,153,131,138,152,150,139,169,156,155,154,153,154,150,145,141,159,159,144,136,136,134,155,153,162,133,159,149,146,152,150,149,150,161,149,162,172,146,152,158,152,141,144,133,153,135,148,165,156,148,175,150,158,130,162,137,145,146,160,141,133,165,132,159,129,165,167,143,139,127,139,132,148,157,149,144,144,136,149,143,161,141,143,157,152,136,149,155,149,146,134,154,154,150,161,149,135,158,149,156,143,138,135,154,145,152,134,153,172,152,149,163,158,171,136,165,150,146,153,151,159,151,149,147,150,152,146,128,151,141,135,133,144,159,156,138,159,140,149,157,141,160,158,150,150,139,146,159,142,144,148,143,155,150,142,153,152,151,144,141,161,166,129,155,134,144,158,152,143,148,145,142,148,149,147,140,144,155,156,145,126,160,138,132,135,167,147,150,170,141,155,155,156,150,147,161,133,132,149,150,154,137,162,129,153,154,157,138,149,152,136,156,139,144,153,137,158,153,161,149,151,144,151,145,158,155,137,151,146,148,125,152,145,169,150,155,153,139,141,159,141,165,149,143,152,142,143,146,136,153,142,154,154,157,151,144,131,144,162,135,151,157,163,166,140,147,153,146,153,152,161,153,165,143,145,146,158,141,157,145,147,141,141,145,159,129,132,149,147,130,161,151,165,146,172,156,136,155,158,155,140,156,146,163,157,157,150,163,158,165,158,164,168,144,140,153,164,146,136,145,149,136,143,126,142,149,124,154,145,157,153,165,162,155,147,149,142,132,149,140,149,146,160,140,140,146,165,152,161,165,164,167,134,142,134,161,153,134,167,151,155,169,139,143,150,154,141,146,148,151,153,136,149,147,146,140,149,158,143,153,152,143,142,150,150,158,159,167,159,126,164,154,148,141,147,152,152,166,165,138,151,150,149,136,152,150,122,148,146,140,137,151,165,157,169,155,125,148,159,151,139,167,145,140,158,146,144,154,155,146,142,134,153,149,146,148,141,142,147,145,153,165,131,145,151,141,150,144,143,142,158,137,130,159,142,147,132,147,148,150,144,147,153,139,151,164,148,144,150,148,169,147,161,167,159,144,150,135,142,152,154,159,168,141,158,154,151,146,155,150,144,135,138,146,156,151,145,140,149,143,151,143,154,146,160,135,134,150,158,149,131,146,147,152,151,143,156,157,142,150,163,143,145,160,156,140,146,158,157,147,164,165,153,148,155,153,152,144,139,156,146,168,141,136,151,143,144,144,134,138,152,152,135,153,144,149,152,129,162,153,168,138,158,159,152,159,158,146,155,149,138,140,148,138,163,147,149,149,144,156,144,165,148,156,147,146,152,145,156,169,150,155,169,158,153,150,142,136,162,154,176,134,146,140,146,149,167,157,151,153,148,147,144,152,159,132,157,156,171,147,140,123,164,151,166,161,129,142,139,144,149,126,156,176,168,156,159,160,156,144,121,171,152,151,147,159,168,157,154,140,141,153,154,149,162,141,161,139,141,148,163,144,142,146,160,153,155,149,151,164,176,139,146,134,147,160,154,143,152,147,156,156,136,144,149,131,143,152,149,155,133,154,151,167,156,152,158,155,165,148,158,159,147,143,139,151,151,144,167,161,157,136,166,146,134,133,140,148,145,150,153,156,162,152,141,159,169,149,154,142,161,136,145,153,159,139,128,150,157,135,155,158,134,147,147,168,148,163,164,143,159,144,125,155,146,155,141,150,151,158,140,152,136,147,149,150,137,150,161,153,133,140,152,159,141,144,138,151,144,149,150,154,177,154,130,139,144,148,153,147,149,165,146,133,150,128,135,173,152,144,146,164,149,168,140,153,152,144,149,149,146,152,148,159,159,158,171,142,147,128,137,136,162,149,144,175,149,158,151,153,148,155,178,149,124,152,135,158,136,149,139,150,141,155,162,155,140,154,143,161,159,140,157,156,163,144,161,149,146,149,154,144,169,144,164,149,138,152,137,153,155,177,153,151,145,170,144,151,151,172,136,142,162,167,169,149,144,139,153,148,145,152,150,169,155,134,145,143,148,167,142,138,153,141,154,148,150,159,136,150,144,139,154,139,166,156,147,146,157,164,135,139,169,139,157,152,147,161,147,151,139,147,144,159,157,144,135,141,165,157,148,150,128,165,146,137,147,153,154,136,148,144,135,160,142,141,152,133,125,149,141,154,139,149,114,138,174,159,159,150,137,161,162,166,134,143,139,146,136,132,130,148,150,157,140,169,148,149,150,148,147,148,145,158,148,166,147,151,147,149,158,150,145,134,139,142,143,140,142,142,153,131,168,149,160,152,160,159,133,139,150,151,135,152,129,147,145,145,137,157,141,160,142,139,161,125,144,138,148,155,155,149,150,161,155,140,167,153,149,149,147,147,147,134,145,154,160,145,171,149,154,161,163,141,160,136,157,155,159,140,155,148,142,143,137,146,161,156,140,162,144,150,127,146,138,137,142,149,139,135,172,143,139,155,161,146,158,136,151,150,153,149,141,149,146,154,143,119,143,152,134,147,140,146,143,165,149,159,153,156,169,138,168,163,140,161,149,140,144,158,156,144,148,158,141,157,155,150,155,142,157,158,163,142,158,144,141,143,135,142,157,140,161,135,137,149,135,160,162,158,149,145,151,149,134,163,145,147,127,150,135,156,145,143,160,172,148,157,144,157,139,144,153,158,149,144,151,156,153,157,158,157,174,141,136,142,149,161,143,134,159,164,145,146,137,159,150,144,162,129,148,154,165,131,155,152,145,143,159,143,151,158,154,137,150,138,149,152,133,160,146,134,147,145,147,150,147,152,144,161,135,144,148,150,146,152,143,139,159,187,161,150,148,138,158,151,153,130,136,129,158,138,162,151,157,146,140,137,147,158,149,142,145,161,147,147,140,141,160,143,146,143,147,143,159,161,153,163,141,156,163,145,143,147,156,158,155,125,145,154,146,162,139,152,169,134,143,142,173,156,155,153,143,144,163,146,144,145,144,165,149,147,139,133,164,155,143,158,148,138,141,143,153,147,146,152,159,142,154,154,149,132,149,152,151,160,177,141,160,152,147,154,126,151,137,155,141,149,152,135,149,150,154,156,150,163,145,147,158,152,152,150,159,143,151,155,165,162,153,143,157,147,154,158,153,150,156,156,162,133,167,154,145,158,154,133,149,151,151,161,153,153,147,162,144,159,143,160,154,152,173,158,157,147,172,165,151,151,163,160,146,141,162,145,132,137,145,152,150,150,157,141,145,159,151,150,172,144,144,167,138,146,140,150,161,130,153,146,147,153,150,166,160,155,154,163,141,159,154,132,158,150,153,128,153,156,146,156,147,147,153,138,116,169,150,139,157,156,152,157,174,151,161,132,137,163,152,167,131,148,148,133,149,153,151,155,141,143,155,166,132,161,145,150,167,173,160,149,144,166,154,154,161,138,135,129,133,148,158,162,157,167,151,169,139,141,146,154,141,158,169,154,161,158,143,158,152,153,170,144,149,150,156,149,144,151,150,146,167,151,155,152,159,151,142,136,140,158,141,153,162,158,163,148,150,148,147,177,150,163,147,142,141,147,154,159,150,153,160,136,151,157,145,145,145,164,155,148,154,148,157,148,140,164,155,138,143,140,150,164,154,154,154,144,149,156,144,144,155,145,155,143,152,145,152,144,137,144,145,148,170,144,173,144,142,158,153,132,148,157,148,153,150,142,141,156,161,150,153,155,143,146,147,158,151,144,154,171,149,146,159,162,155,150,135,145,140,167,175,145,154,140,148,133,149,158,159,162,148,131,142,138,163,147,158,159,136,164,146,131,141,149,131,168,161,152,140,155,162,147,128,145,162,159,166,138,153,160,152,140,146,155,155,155,156,164,135,146,141,168,152,139,137,155,173,138,155,144,142,162,158,180,143,144,147,140,164,147,145,145,150,147,141,131,153,155,163,154,147,148,162,149,156,158,139,166,139,140,170,148,141,141,151,141,141,150,183,166,150,145,127,142,157,123,145,156,161,157,147,170,149,158,141,153,156,140,146,147,152,168,158,160,142,152,140,147,159,138,148,151,151,145,157,158,141,151,167,146,148,134,155,159,148,155,153,151,148,140,143,168,153,159,158,161,143,146,150,152,137,137,142,160,154,146,157,142,146,130,161,149,143,140,148,153,147,150,154,133,144,156,132,156,121,141,150,140,161,152,166,161,163,164,141,153,152,161,148,139,146,164,148,166,150,154,147
156,158,136,139,158,137,155,148,155,131,124,147,164,159,138,142,157,152,155,137,150,163,133,145,151,133,141,151,128,166,150,151,159,147,146,136,158,142,151,147,157,166,132,144,166,132,138,152,140,149,162,145,162,159,135,149,152,169,140,130,139,158,154,139,161,144,142,137,152,174,166,145,139,145,137,157,137,160,141,147,151,157,158,156,155,153,155,139,143,150,139,151,136,153,153,140,159,164,148,156,126,138,144,134,158,166,161,146,158,158,141,146,160,153,130,150,170,150,159,139,145,165,152,166,161,152,151,157,133,145,143,148,148,146,163,154,160,147,153,145,144,139,143,147,164,135,158,151,160,146,151,146,135,155,149,134,166,148,153,134,142,164,147,140,147,147,132,161,136,148,172,154,150,144,163,148,143,154,154,130,166,169,145,153,137,151,159,154,150,152,162,160,152,153,149,144,149,156,147,135,145,139,165,141,160,143,166,151,147,170,134,145,155,155,157,136,126,143,150,145,136,153,150,147,149,156,138,154,148,154,153,143,146,148,155,169,150,154,159,147,145,144,160,142,157,145,158,130,149,161,151,151,162,153,155,163,153,165,128,141,166,177,151,140,132,152,136,164,149,141,145,159,150,137,148,130,147,152,153,145,156,124,154,133,135,144,142,141,152,140,148,144,158,155,152,156,139,157,136,158,149,144,135,142,132,132,152,138,158,145,157,153,143,140,151,137,152,160,163,158,138,160,164,142,148,144,141,150,157,146,164,163,149,154,147,166,151,183,158,153,133,141,146,137,135,150,141,147,146,148,147,144,168,150,142,156,135,144,162,145,153,116,165,147,154,138,151,162,169,163,168,152,140,136,145,156,154,145,147,149,164,170,146,148,143,151,153,140,143,157,151,155,149,152,139,145,138,150,146,143,148,149,144,155,174,169,143,145,146,142,144,176,147,141,138,141,148,150,134,143,155,140,153,144,135,154,142,150,134,150,139,145,140,152,145,152,142,145,140,154,142,139,154,145,142,155,155,143,159,133,144,146,153,160,140,136,147,140,151,149,157,167,144,151,152,150,155,140,143,164,171,147,150,144,146,147,167,149,148,168,144,154,143,138,143,148,128,153,155,138,146,138,166,136,155,143,174,147,149,147,163,153,161,163,141,150,159,149,130,163,138,148,143,154,149,143,132,135,156,162,151,145,132,156,156,165,152,150,148,146,161,139,169,132,155,150,154,153,157,150,143,146,147,158,161,158,160,142,148,153,171,146,159,142,141,140,147,149,153,129,151,142,140,152,150,155,155,144,165,135,166,150,137,135,150,140,144,134,165,141,143,162,134,162,143,167,144,140,155,124,153,142,157,129,168,121,165,143,141,148,156,156,153,147,161,144,154,146,141,139,150,155,138,143,134,154,137,151,168,128,140,167,133,154,155,152,150,136,138,170,139,135,136,166,173,145,147,160,149,154,152,139,151,153,166,138,150,158,170,149,161,138,158,149,152,171,144,154,141,141,139,166,162,157,174,140,149,140,178,144,147,159,149,149,142,127,141,161,169,162,156,143,138,146,138,151,138,158,174,163,143,137,153,166,153,149,142,163,163,147,150,151,160,159,138,164,161,157,160,139,157,151,147,152,146,167,145,149,143,148,145,149,166,142,146,128,163,146,160,171,147,160,155,156,159,163,140,152,146,157,156,146,151,163,162,139,155,149,155,150,169,150,137,154,165,158,137,156,162,138,139,146,139,145,158,163,164,145,144,151,149,153,137,154,142,154,147,160,154,161,147,157,158,166,146,151,150,136,163,165,155,139,158,148,140,151,134,151,169,145,156,141,152,157,143,136,153,153,165,145,153,159,148,134,131,155,157,153,144,159,159,132,128,156,151,144,148,167,134,134,146,136,135,157,128,143,171,149,155,155,153,156,170,144,127,132,155,143,150,167,142,151,148,158,120,160,142,136,165,141,151,143,140,155,143,159,152,151,146,140,154,170,153,156,155,159,141,132,146,131,156,133,147,136,157,144,144,133,144,147,141,156,148,167,162,154,154,150,150,135,141,148,149,147,146,123,151,156,146,151,137,145,158,141,141,140,148,165,146,183,146,170,150,151,155,148,151,145,150,155,128,146,139,134,129,161,146,163,135,149,158,171,173,173,159,141,147,168,150,152,165,180,146,155,149,140,130,153,159,147,143,148,162,162,157,153,150,142,151,121,150,165,152,146,141,142,154,160,148,159,161,149,150,145,143,138,152,143,151,148,160,136,160,135,164,142,156,150,155,146,129,168,157,149,159,158,163,140,163,156,164,157,143,154,153,161,161,145,146,171,157,161,138,129,175,139,154,163,161,140,152,153,152,144,148,170,154,139,160,150,144,137,150,148,150,134,156,152,156,159,151,141,132,157,152,140,139,142,153,154,167,158,160,140,156,151,146,145,141,154,134,162,153,134,143,156,140,146,148,154,129,156,150,152,152,147,132,150,127,151,166,160,146,137,152,140,127,160,152,142,144,145,158,159,145,176,162,131,161,153,139,168,146,149,148,152,159,157,158,147,175,165,158,161,151,151,143,148,138,157,152,158,153,129,147,146,158,146,157,164,146,155,151,157,148,147,167,162,171,154,145,149,151,153,137,158,147,136,164,144,147,138,160,163,153,150,154,141,162,137,150,143,156,142,154,162,159,139,157,159,153,146,149,152,163,151,149,144,151,146,160,173,143,138,147,148,150,160,152,141,161,154,151,145,158,148,142,134,176,148,151,162,131,155,147,142,153,150,161,157,160,159,158,158,143,135,138,169,143,145,156,138,141,173,149,146,143,142,154,157,162,160,128,166,133,159,153,150,149,172,133,151,157,151,146,137,160,141,139,156,142,146,150,147,142,142,145,138,149,151,152,152,166,157,151,148,161,158,153,149,175,155,162,145,138,151,152,150,148,125,142,152,152,142,165,153,157,140,132,148,147,153,150,130,147,137,156,165,163,153,152,162,160,131,161,144,136,151,155,170,149,139,161,157,145,141,135,164,158,143,126,145,166,143,148,144,139,142,149,146,158,144,149,139,145,150,155,174,159,153,140,156,161,153,151,165,151,173,161,167,149,147,154,176,150,140,131,146,146,145,135,153,139,148,147,146,154,141,142,152,146,159,152,159,141,142,131,136,131,144,148,149,146,152,153,123,156,156,151,147,138,139,140,144,138,146,163,156,123,175,146,153,154,148,133,137,159,138,162,149,158,148,144,160,168,146,156,137,164,138,147,158,142,148,138,141,149,168,156,144,166,151,168,161,151,155,149,152,136,158,140,154,143,156,147,147,147,150,141,153,162,162,156,148,145,166,139,140,152,145,150,164,152,149,153,138,146,143,158,145,151,179,152,151,129,138,163,168,141,145,138,145,144,152,159,145,153,149,160,147,152,156,153,156,149,149,144,136,131,130,141,141,165,144,144,163,151,160,152,143,160,142,124,157,133,146,140,184,136,149,135,141,173,148,158,168,146,156,120,151,148,142,148,149,144,158,166,154,158,138,149,156,149,149,137,154,154,153,167,140,168,140,153,151,155,153,144,159,145,159,158,154,164,165,175,161,167,149,160,158,150,151,135,153,155,145,166,153,143,149,140,136,151,146,134,166,136,169,156,152,139,152,136,154,161,155,158,144,136,166,144,149,153,151,151,167,148,143,137,135,136,145,141,147,142,158,141,154,148,141,156,149,143,168,155,146,153,162,162,148,150,147,169,151,136,154,147,147,147,160,139,130,158,130,163,146,139,157,142,144,150,149,136,165,151,155,147,174,146,137,151,148,161,149,158,167,147,138,150,165,150,132,146,145,155,148,160,156,136,153,158,133,157,148,171,171,159,161,148,153,141,148,150,159,165,153,145,165,129,140,152,148,133,155,139,117,155,158,155,144,150,151,152,151,137,169,145,159,160,157,148,147,143,139,137,140,153,134,144,151,166,159,142,177,133,145,145,152,158,145,149,159,144,171,148,167,160,142,169,154,155,147,155,144,154,132,142,165,136,134,151,151,153,145,153,148,161,149,144,142,155,152,155,152,163,136,128,156,140,152,145,143,167,154,158,159,169,161,150,152,161,146,146,146,162,168,150,160,148,157,158,142,148,159,157,153,158,151,137,149,137,146,151,162,159,157,142,131,138,135,160,149,152,152,148,155,154,156,144,161,153,139,148,158,141,165,148,160,152,142,183,144,139,145,163,164,161,137,153,153,154,140,130,154,146,139,140,156,157,143,143,138,143,146,150,137,160,137,153,164,126,152,131,148,157,160,169,131,161,139,154,158,149,144,122,152,153,141,154,145,160,151,155,125,153,156,156,143,153,133,148,131,148,147,124,150,151,156,151,157,156,158,166,160,151,156,116,144,156,153,148,162,156,159,165,145,178,162,158,140,151,140,169,155,153,150,145,154,153,152,149,154,147,153,140,159,141,143,151,143,140,162,157,157,149,144,146,144,159,144,149,156,160,153,166,142,141,154,160,152,148,134,140,149,150,155,153,152,139,147,155,149,159,151,158,157,148,147,170,143,140,155,174,153,142,170,147,148,148,146,133,144,156,139,147,153,153,151,125,161,164,172,141,153,149,145,156,156,145,166,154,149,145,156,157,137,151,148,153,145,152,142,145,147,143,156,138,141,147,127,137,165,136,153,167,142,181,160,152,149,147,165,134,150,151,157,146,151,161,130,147,137,140,146,151,150,134,149,143,153,162,148,147,152,140,149,174,166,154,166,155,133,154,159,148,148,155,160,144,142,158,157,147,161,157,153,151,163,159,133,161,140,161,144,163,151,161,170,155,150,171,150,159,144,151,150,166,145,136,149,152,139,156,154,146,137,146,157,164,158,138,149,157,157,164,142,149,154,159,145,141,150,132,148,163,146,141,155,153,135,140,171,153,150,132,153,140,142,157,162,138,151,152,161,152,146,155,155,147,157,163,153,136,147,140,147,142,156,146,178,156,136,151,138,154,146,140,154,137,145,161,152,143,169,144,160,166,158,146,130,167,162,164,154,163,165,146,151,158,143,169,176,136,141,148,154,151,159,147,149,164,147,153,153,140,143,161,144,144,153,159,158,128,137,157,148,151,179,141,144,158,150,167,145,138,149,141,155,147,140,151,136,158,151,161,138,154,138,155,137,139,152,166,150,153,155,160,154,148,141,160,161,153,160,155,146,130,141,135,148,153,147,145,148,180,156,146,154,146,156,143,150,132,169,158,149,138,148,145,150,159,158,159,160,151,163,156,160,147,153,143,141,148,146,146,158,151,153,155,153,156,132,140,150,132,163,152,134,140,150,151,142,155,122,170,156,151,144,144,152,153,151,149,159,142,162,148,150,155,140,152,152,153,144,152,158,158,155,166,140,162,151,138,144,167,152,155,143,154,146,143,146,147,143,147,153,158,168,157,158,147,140,147,161,150,139,142,139,151,139,132,158,154,159,144,147,165,169,160,141,140,148,138,167,135,158,134,134,157,146,146,155,160,139,161,148,138,131,152,154,162,144,164,153,152,149,148,151,150,164,168,142,153,146,146,161,157,148,164,134,137,152,143,140,147,131,161,166,160,147,145,147,156,159,148,139,157,127,152,152,140,151,140,154,156,143,150,147,170,149,143,138,165,151,144,151,155,151,130,157,150,146,145,150,127,132,157,140,151,155,149,138,134,153,129,150,144,145,137,163,146,164,158,155,167,157,152,152,144,157,141,142,142,149,147,142,155,153,135,139,164,140,146,159,134,143,157,161,147,148,151,146,150,151,158,150,139,161,162,152,153,148,160,161,146,163,157,154,156,156,148,150,155,143,129,150,164,155,142,170,148,156,142,142,138,153,159,138,148,160,150,142,152,139,158,152,160,149,157,152,160,162,123,156,176,157,137,160,148,152,160,160,150,166,140,140,156,148,149,155,144,142,156,141,156,144,163,155,158,154,150,142,129,159,157,165,160,155,146,150,151,132,134,141,145,155,150,147,149,154,162,157,143,143,148,137,161,148,158,153,151,156,158,163,140,147,147,148,159,150,136,150,153,167,164,154,133,152,147,146,149,152,145,146,138,157,155,151,152,163,142,166,154,149,151,133,154,169,146,156,138,168,175,156,169,135,130,164,147,149,149,163,158,145,138,163,153,147,158,158,151,160,151,168,139,151,140,138,158,149,173,151,158,167,143,143,162,160,155,137,153,132,160,138,148,158,158,132,133,155,160,147,161,145,150,151,157,147,146,174,156,162,139,166,146,150,147,140,156,147,154,148,163,164,143,163,147,161,161,143,159,172,150,140,153,155,158,150,142,144,144,151,143,139,157,147,155,166,140,155,160,167,143,139,130,170,163,159,130,147,147,151,151,142,148,152,165,159,152,152,146,145,140,152,135,160,156,142,153,158,160,144,136,157,153,149,152,146,160,141,151,145,175,158,148,151,135,163,133,126,161,135,135,149,148,155,138,146,143,135,162,145,155,141,162,147,142,153,155,144,138,148,155,160,155,138,153,137,151,126,151,149,152,148,153,153,147,146,146,147,147,147,155,143,153,153,188,154,161,146,145,136,150,137,153,163,149,148,155,154,157,163,158,153,129,149,135,147,160,158,136,147,154,145,158,133,142,158,146,152,149,172,153,154,169,163,158,133,147,155,138,150,157,153,152,141,163,159,141,161,140,173,147,171,143,156,141,147,165,151,175,156,148,173,140,150,134,142,155,142,142,140,141,142,147,152,150,155,152,150,166,142,140,144,161,155,133,151,146,135,150,155,173,142,163,151,175,141,142,127,154,159,154,148,159,156,151,159,156,129,141,139,146,158,153,142,149,157,154,161,147,151,148,145,156,160,166,161,141,154,158,163,157,155,147,170,153,153,142,160,166,143,139,153,136,156,155,134,146,137,145,141,158,162,148,156,167,165,146,166,151,165,155,134,166,159,150,143,159,147,167,155,146,146,155,156,140,152,147,153,157,134,150,176,141,147,146,151,151,164,145,154,170,169,159,157,159,144,139,142,169,140,153,134,148,119,139,154,148,144,130,139,147,165,151,148,145,150,148,147,154,168,155,162,142,129,144,140,151,137,151,144,159,142,153,166,148,140,141,146,162,160,155,141,149,131,167,141,150,160,160,150,146,140,170,153,159,158,156,153,133,157,143,148,149,143,147,141,164,129,145,139,150,146,126,151,140,150,154,182,164,163,166,161,160,143,136,128,147,153,126,179,155,155,129,142,137,134,137,146,144,154,157,155,154,145,139,139,143,143,135,147,143,146,140,145,157,160,145,151,146,155,149,138,156,141,155,156,147,170,143,150,123,149,163,169,141,144,155,161,152,155,171,158,147,144,161,159,150,142,158,154,151,153,153,151,153,135,138,146,153,154,135,149,153,139,146,154,156,142,138,141,143,165,130,163,126,174,153,150,132,141,160,157,160,141,163,161,153,145,136,155,125,146,137,142,134,141,154,136,154,137,154,165,148,150,141,151,156,147,170,178,140,151,148,145,162,151,154,160,129,141,163,141,170,142,129,144,143,141,152,139,143,148,142,152,147,130,162,159,133,150,141,165,137,149,140,130,165,145,149,169,158,146,167,158,148,150,156,160,153,155,166,161,138,160,135,136,152,152,135,147,162,147,155,163,149,141,144,151,166,155,153,137,139,171,161,159,137,150,147,145,162,156,156,146,150,132,150,166,156,134,133,149,158,137,146,160,158,155,156,144,135,163,145,146,152,157,147,146,134,144,167,130,139,160,157,146,141,127,157,151,155,148,143,175,158,146,167,144,150,162,146,156,135,153,170,139,156,158,146,142,146,150,156,162,156,143,151,156,159,148,135,149,168,157,143,151,148,148,133,151,150,144,135,145,160,158,153,129,160,165,156,149,147,163,155,156,133,148,141,151,135,137,166,162,153,169,143,147,155,160,154,142,141,155,143,132,144,135,145,174,139,155,152,141,161,134,160,170,161,148,144,144,132,151,150,154,134,141,149,152,157,147,140,165,129,153,146,142,152,150,148,142,147,158,173,171,166,137,168,161,144,149,154,145,144,148,151,148,148,145,149,163,155,136,131,154,140,137,161,164,186,138,163,154,131,142,162,139,154,146,141,137,153,150,141,145,144,122,156,150,158,159,142,166,140,153,149,145,144,153,145,146,155,160,152,139,146,144,148,139,160,141,155,128,171,163,156,143,178,152,160,142,155,151,143,148,164,159,163,127,154,137,171,164,164,125,154,148,146,129,149,143,158,154,153,156,150,169,145,156,161,151,138,142,163,152,136,140,139,160,166,156,157,148,150,141,159,158,160,152,150,136,154,155,163,147,153,158,155,169,155,143,143,138,151,141,159,151,142,163,139,146,136,141,141,135,145,153,143,153,146,152,163,129,156,143,160,165,141,151,140,154,148,156,148,148,139,168,159,151,154,169,150,158,144,148,146,142,147,138,147,143,159,150,155,145,154,124,148,152,151,148,136,154,140,152,157,137,143,145,149,165,169,155,152,134,128,149,157,148,142,148,155,157,143,154,131,135,142,139,156,143,174,153,170,156,148,153,143,168,144,137,150,172,155,145,150,149,139,134,164,146,132,138,135,156,154,130,147,150,165,140,169,153,166,159,167,160,157,183,138,140,141,130,146,141,154,146,142,137,158,130,151,149,136,156,122,152,146,142,143,142,156,156,168,144,149,143,168,140,150,152,138,145,163,141,122,151,135,150,155,156,134,141,165,150,151,151,143,146,146,159,152,148,148,148,154,142,156,132,147,150,148,162,140,146,154,150,163,156,139,161,161,147,147,136,143,145,140,148,147,136,153,142,164,142,129,147,163,154,161,150,161,150,160,146,159,151,166,143,138,146,149,142,148,164,158,145,125,154,161,166,140,141,173,162,155,147,137,155,138,146,162,160,140,158,135,134,142,137,146,145,157,155,142,142,151,132,153,169,162,152,145,144,159,151,141,169,152,139,125,147,158,140,138,149,143,157,158,137,142,152,161,148,138,152,152,141,152,145,147,158,129,154,157,149,123,150,158,146,149,150,138,159,152,148,147,179,146,154,154,131,163,147,176,137,136,143,162,147,145,148,145,156,133,147,166,135,149,140,158,157,153,147,163,135,151,159,168,157,164,142,162,163,147,146,157,169,151,165,156,137,144,137,132,138,157,160,147,158,154,152,146,148,129,153,161,166,148,137,139,148,152,141,152,164,149,148,153,166,155,160,152,156,155,157,132,140,139,134,141,150,163,163,158,140,164,145,160,147,156,158,141,132,171,158,148,150,148,154,144,160,159,143,148,145,149,145,149,138,138,136,142,135,144,148,176,157,155,148,138,145,154,150,130,157,153,147,148,139,130,147,169,159,131,161,135,154,159,159,163,153,173,153,151,151,158,160,146,130,152,142,166,151,157,150,136,139,136,150,143,172,161,157,137,161,147,148,145,149,155,151,141,149,177,168,147,146,149,151,139,150,173,137,140,136,148,151,139,137,154,148,167,125,169,153,141,158,162,154,158,144,154,146,159,150,144,128,140,144,155,142,158,145,160,159,162,151,155,156,144,147,145,150,127,141,168,152,159,139,140,139,147,145,140,146,134,163,147,149,141,152,135,143,156,145,149,143,158,151,147,138,156,133,146,163,155,168,156,135,132,148,146,149,140,131,146,144,134,149,152,138,172,151,147,165,152,127,135,155,146,146,132,144,149,164,147,152,165,154,161,142,133,150,128,154,144,147,135,128,145,143,159,154,154,161,138,153,144,164,143,146,135,162,163,152,147,129,148,157,150,150,164,143,150,128,141,156,156,155,138,153,161,155,154,146,142,142,147,138,162,140,165,170,152,153,141,144,171,155,146,147,141,148,159,134,149,140,137,151,140,149,151,139,143,168,155,162,141,139,164,144,141,139,152,120,156,140,162,151,167,159,139,147,137,160,149,150,151,148,171,138,146,144,148,141,130,159,133,145,141,158,159,129,129,168,171,153,152,149,157,160,157,140,159,155,143,150,144,158,145,145,156,140,159,163,157,148,151,167,146,139,164,143,162,133,168,166,134,149,146,145,140,144,137,156,147,140,151,147,146,147,148,145,162,144,151,150,136,142,146,158,145,142,139,156,143,141,146,156,158,160,145,156,155,154,144,163,142,152,153,142,151,152,130,148,150,153,124,147,136,142,144,142,146,146,153,141,179,144,147,158,165,145,159,139,153,160,137,146,147,136,153,133,141,148,153,142,148,173,156,157,154,152,136,147,156,148,145,156,142,154,150,142,163,154,154,136,149,151,146,148,149,167,141,156,156,157,149,164,156,141,123,148,166,154,143,150,151,158,152,146,166,150,150,143,166,143,137,150,135,163,151,146,151,157,152,149,147,138,143,150,145,140,152,161,150,156,151,158,176,135,141,162,141,157,156,143,140,142,130,154,153,153,135,144,147,160,151,157,166,134,156,135,141,141,170,145,167,155,141,177,143,143,139,157,153,123,150,179,149,156,144,161,141,135,133,156,153,136,148,163,164,166,150,150,153,155,162,147,148,128,128,168,146,143,146,176,157,154,145,150,146,150,147,157,153,136,152,144,165,153,142,157,149,154,160,159,132,147,152,144,150,152,154,156,158,160,149,150,163,161,157,141,172,139,158,149,155,153,161,160,150,155,148,156,164,151,148,146,147,146,165,157,161,140,154,121,173,147,161,162,147,160,157,152,179,160,142,138,150,164,162,140,156,137,142,135,156,161,149,146,145,158,141,146,150,137,141,156,141,151,131,145,127,153,150,151,149,149,170,169,138,147,150,137,145,158,159,160,164,152,151,158,144,136,160,149,153,148,158,157,165,141,150,136,138,140,138,159,151,136,134,143,150,140,148,146,147,136,149,154,150,153,139,158,133,162,133,141,150,142,160,138,161,142,149,152,139,141,170,162,138,142,158,175,120,155,152,158,152,160,148,141,172,152,147,153,149,149,158,143,150,151,156,137,158,136,167,160,174,150,145,152,153,159,168,146,130,155,149,149,128,162,145,144,155,172,150,160,143,166,146,140,160,139,131,154,167,147,127,162,153,149,139,148,142,144,156,136,124,148,153,151,183,128,138,156,139,144,157,158,170,133,155,135,146,168,142,156,154,151,161,156,160,150,152,137,150,142,138,158,160,155,148,148,136,151,142,153,127,151,170,158,135,136,139,137,145,166,142,166,150,133,159,133,152,135,124,156,144,163,139,158,142,128,168,134,144,141,146,133,133,149,163,149,160,168,144,132,163,141,167,144,147,149,158,140,140,146,133,145,158,140,146,162,155,156,145,149,144,156,160,148,154,152,148,158,142,159,162,153,156,158,147,143,139,164,143,142,148,142,144,158,147,146,143,156,140,162,150,147,160,139,143,136,157,145,151,141,150,147,140,160,146,160,155,141,132,136,127,152,152,135,151,149,161,147,130,153,150,153,149,164,137,147,139,143,139,141,143,149,139,167,157,173,156,149,138,139,147,143,159,170,160,151,151,136,151,140,154,160,148,142,162,147,157,164,158,151,156,161,137,158,150,156,153,150,143,150,143,157,154,165,155,158,149,149,142,167,153,144,148,147,147,146,147,158,158,164,156,155,141,144,151,148,154,135,150,125,170,157,162,144,159,152,152,167,148,166,154,155,156,138,143,153,136,153,148,163,138,148,152,145,145,140,142,150,144,158,152,163,142,169,138,145,169,155,152,163,149,158,145,151,135,152,142,150,163,151,147,141,150,147,156,130,165,155,141,142,131,152,164,158,137,158,165,157,148,161,149,145,152,143,149,147,144,163,153,143,156,158,138,139,152,147,157,159,181,155,138,146,159,159,158,142,143,151,151,158,154,147,128,140,152,144,139,164,154,164,137,159,160,164,162,146,146,144,155,144,134,146,133,139,154,153,154,148,146,159,172,141,166,143,145,154,151,147,154,140,159,148,157,157,148,169,154,136,143,128,149,128,170,147,158,155,159,150,135,151,142,143,149,153,132,146,132,160,144,158,142,149,156,145,154,157,150,139,164,156,139,150,155,155,131,140,137,141,136,170,139,153,155,152,143,154,169,159,151,145,155,145,131,152,148,135,170,148,161,136,153,136,136,149,158,155,164,144,152,135,144,154,140,154,164,156,154,157,152,154,145,160,155,144,149,150,140,156,142,149,151,145,153,153,136,157,148,160,123,146,158,154,134,146,159,160,177,159,169,144,148,146,149,154,153,164,152,152,181,149,137,160,154,150,123,136,143,154,144,145,145,129,152,144,153,158,163,173,166,152,150,146,132,142,146,139,155,160,150,155,150,146,166,176,147,158,139,151,162,139,172,145,155,152,151,142,141,150,152,144,157,153,153,155,144,170,145,148,145,172,163,145,129,147,145,150,153,141,143,145,153,131,146,143,162,130,156,147,142,142,146,152,143,147,153,157,155,163,144,160,146,141,145,144,146,164,134,155,149,159,133,148,139,150,153,158,151,155,147,148,146,174,156,154,173,166,164,137,151,135,159,149,135,146,146,158,151,157,138,143,143,158,151,160,145,146,165,160,149,149,162,153,157,139,144,165,155,146,156,161,157,175,161,143,142,155,149,147,153,146,145,157,156,150,148,149,146,158,159,145,139,122,153,158,148,155,144,150,143,154,141,168,145,145,157,158,153,157,183,133,141,138,152,152,145,155,141,146,152,171,154,158,164,160,150,153,154,162,131,130,141,136,150,147,135,142,154,167,144,146,138,140,166,154,140,144,146,145,163,157,150,148,148,153,161,155,150,158,145,151,161,145,154,155,140,151,160,145,153,147,141,163,161,136,159,127,135,146,150,157,130,152,146,161,148,120,176,134,150,153,147,172,161,155,152,141,146,138,141,149,154,169,147,140,155,163,148,139,158,141,155,152,162,166,140,149,152,139,145,151,161,175,149,142,135,150,150,140,131,148,156,152,160,142,155,154,142,160,145,154,134,124,152,167,164,138,138,149,128,152,136,153,144,149,150,158,145,136,148,162,131,153,165,152,149,178,162,150,135,155,145,144,157,156,155,146,150,149,151,146,144,162,145,152,155,148,129,164,132,158,164,154,145,149,163,151,154,138,150,149,150,170,167,169,145,154,156,132,147,150,148,153,147,115,141,154,152,153,149,154,141,154,147,152,131,133,149,150,146,161,152,146,161,140,160,147,145,162,158,144,136,142,161,156,144,163,146,145,139,155,164,163,144,150,167,152,142,156,155,168,159,145,156,143,142,163,161,152,152,154,157,161,161,139,157,163,134,162,144,152,160,137,164,149,143,160,138,154,146,123,147,151,158,155,146,159,158,147,145,151,144,161,150,139,159,146,144,149,137,156,147,148,152,163,144,149,133,142,140,136,162,151,143,133,156,163,134,154,147,141,142,150,153,157,154,135,138,147,159,141,163,166,137,139,138,151,143,151,162,137,126,154,161,163,146,157,152,158,132,154,167,141,139,160,163,157,146,133,133,144,138,149,131,161,150,140,149,154,154,146,146,156,137,154,145,148,164,149,143,148,153,135,172,167,167,145,155,153,151,154,149,160,160,126,168,132,157,149,138,147,157,144,151,144,158,146,143,153,129,136,165,158,154,150,158,173,151,149,141,135,151,153,147,150,152,159,149,144,167,147,156,172,150,129,140,136,146,147,137,152,154,162,155,155,138,142,148,147,151,148,137,148,151,153,146,143,169,159,150,147,143,144,154,138,155,146,129,154,163,151,163,149,150,151,152,162,160,138,142,159,147,163,167,153,129,152,144,144,148,136,139,152,147,135,151,157,143,143,164,148,143,151,134,154,157,164,152,158,149,125,141,168,138,144,141,145,126,147,146,171,145,133,148,140,149,138,156,156,175,164,151,149,155,161,162,146,139,159,138,141,143,143,149,154,150,149,139,147,138,130,140,138,151,150,128,154,136,131,147,168,156,154,126,147,145,151,171,144,162,143,157,157,143,151,150,158,140,155,153,126,143,148,145,141,153,174,137,155,169,149,147,136,131,141,150,140,137,134,148,150,162,129,142,167,139,165,126,159,144,146,182,153,160,142,150,147,151,164,144,145,151,143,145,153,155,162,173,151,157,147,145,147,144,143,147,152,145,148,132,147,135,138,145,136,148,142,142,146,165,142,138,162,154,129,130,138,151,145,139,132,152,141,156,134,139,157,157,168,160,136,157,170,134,138,157,156,140,149,154,153,140,133,159,149,160,151,157,154,149,151,155,148,150,164,145,144,157,147,143,145,150,140,143,142,143,146,153,160,152,141,159,131,148,164,177,155,160,135,155,153,146,134,148,144,148,136,156,133,150,134,151,151,154,146,174,140,133,132,165,142,144,156,148,142,167,142,149,134,137,150,156,147,148,131,139,153,167,150,152,166,150,141,162,144,171,167,164,149,139,160,152,155,140,136,166,157,129,153,152,142,152,147,135,149,147,155,158,161,164,146,161,143,153,145,132,170,148,149,155,150,149,137,147,167,142,155,152,161,150,169,150,149,145,157,159,139,151,135,141,143,146,146,130,148,141,162,148,152,154,155,152,148,157,153,144,149,148,146,147,158,139,144,151,148,147,163,145,151,157,160,173,158,139,163,138,147,127,154,145,141,154,148,132,155,149,144,159,150,167,163,161,153,147,136,140,152,145,151,161,140,150,148,142,143,154,139,134,165,158,154,134,153,159,160,160,139,157,155,141,152,141,140,151,146,155,151,153,161,151,159,154,161,134,149,160,155,150,155,165,154,142,166,166,148,144,167,139,147,160,147,140,157,154,152,140,163,150,166,153,162,133,147,149,160,143,134,149,159,161,159,146,175,167,147,146,154,147,135,139,138,138,157,149,140,158,138,142,149,151,141,144,138,124,144,138,149,149,160,165,152,167,151,134,154,133,135,132,149,154,139,157,151,150,147,145,145,158,139,150,148,121,134,144,135,130,160,157,149,143,164,140,142,148,142,152,129,149,149,156,177,137,128,152,162,146,158,145,154,161,134,147,162,130,142,136,149,147,137,181,156,152,146,150,143,154,149,155,157,152,164,151,140,153,156,160,141,168,157,162,162,152,164,143,146,155,152,149,155,161,154,153,131,146,145,170,139,136,146,153,137,133,140,173,143,140,145,153,149,161,140,146,138,127,139,155,144,148,153,143,142,163,146,127,144,143,168,155,153,162,163,138,131,133,136,148,146,141,150,148,155,168,154,152,168,147,147,133,142,154,149,153,148,171,145,145,140,151,147,162,132,147,128,176,139,156,151,162,138,156,158,181,152,147,163,155,140,167,148,157,143,142,153,147,164,148,161,142,160,155,161,141,151,156,149,136,153,147,159,159,143,177,145,146,151,161,152,166,158,147,143,148,139,140,159,156,148,161,169,149,148,150,173,172,162,156,137,143,151,129,177,136,166,147,139,154,164,153,155,156,146,136,144,164,146,159,172,146,163,151,149,140,157,151,151,148,151,182,159,132,134,141,163,160,145,151,151,134,137,154,147,136,138,139,151,149,163,143,145,147,148,136,130,156,137,152,143,154,138,149,137,155,189,147,155,157,163,132,144,148,157,152,142,133,159,142,144,148,163,144,145,154,138,146,132,156,138,173,139,157,140,160,141,156,162,157,162,142,151,136,151,141,145,161,151,147,148,164,148,162,144,152,140,135,143,146,157,167,156,140,162,152,157,148,152,152,146,162,162,158,147,159,147,137,138,160,161,149,126,150,169,153,170,143,151,146,150,161,153,148,151,147,176,143,176,151,152,136,149,151,153,146,158,146,147,161,146,158,160,168,146,161,148,148,139,146,148,146,143,147,144,158,149,165,135,164,151,161,163,155,153,141,152,147,150,142,136,156,160,146,139,142,155,132,157,142,134,133,141,147,153,138,164,156,143,148,148,143,154,149,144,148,141,145,146,138,162,147,133,149,149,153,152,154,155,143,153,171,145,151,148,156,156,142,149,166,148,146,148,150,161,161,145,158,141,156,150,155,124,146,127,157,142,152,154,149,143,159,159,145,155,163,153,136,130,135,139,171,141,168,153,138,160,156,163,136,164,152,176,144,139,155,155,154,144,148,151,157,148,162,149,146,152,147,179,167,143,149,152,143,148,136,158,140,163,143,150,160,162,151,152,130,155,145,164,143,138,129,152,155,142,151,168,138,133,147,167,150,144,148,145,158,147,162,156,160,142,162,142,151,146,163,130,158,160,154,140,134,144,147,169,132,161,153,165,155,141,173,167,140,157,135,155,145,143,164,168,151,160,154,150,142,146,162,160,148,151,151,155,166,175,141,154,156,147,152,163,153,138,153,140,137,149,154,141,151,148,152,157,144,148,154,166,153,169,172,133,165,146,131,154,148,140,170,156,144,132,171,152,150,160,133,147,155,145,159,158,157,141,167,146,152,173,167,157,144,143,151,148,159,148,146,149,146,148,159,128,162,142,130,153,153,150,143,155,146,152,152,151,146,154,146,163,149,152,146,153,147,142,141,141,159,147,148,133,170,151,163,161,139,155,153,146,159,154,158,144,168,125,153,151,156,160,143,163,165,141,154,142,129,155,137,155,150,155,149,139,143,164,143,174,155,134,145,157,149,166,153,170,149,127,140,141,167,128,151,140,140,130,157,166,153,155,163,125,173,137,161,141,142,151,148,175,145,125,153,156,146,160,141,144,158,151,172,140,134,153,167,150,151,166,154,147,160,142,161,161,147,178,137,137,139,150,153,153,156,145,147,155,159,151,164,151,152,135,135,169,140,143,161,163,141,148,147,142,157,128,137,152,160,151,145,182,154,154,143,160,144,150,145,141,148,157,135,173,143,162,144,144,159,158,148,169,165,138,135,155,148,156,152,144,163,161,165,139,137,159,139,152,161,153,140,149,150,150,135,142,179,133,173,175,149,135,155,150,142,163,145,153,162,150,155,137,149,162,166,138,161,147,159,155,143,159,149,150,148,151,160,153,151,154,147,147,161,135,135,136,161,153,146,153,162,131,166,152,144,161,177,136,170,152,142,158,166,143,146,132,163,160,144,146,132,156,174,152,149,152,159,151,154,145,142,151,144,126,151,135,164,150,138,163,149,129,130,129,153,156,145,145,145,155,154,188,155,140,169,165,150,147,147,128,153,146,153,157,158,163,150,154,129,138,174,152,171,152,155,161,137,170,158,139,154,150,149,148,147,144,136,157,149,160,151,157,141,153,162,135,141,155,126,165,162,167,129,156,142,153,161,131,171,143,153,152,145,143,148,149,138,132,153,155,147,145,134,159,149,159,163,146,167,157,157,157,151,144,155,140,148,144,165,147,144,159,146,141,142,145,162,155,138,155,142,168,155,146,171,167,156,152,134,153,133,148,155,147,162,145,150,143,138,144,148,140,146,158,140,151,140,142,163,144,155,173,156,145,165,164,165,153,160,158,141,174,132,160,156,158,138,157,153,151,152,149,133,154,153,154,159,138,147,174,166,140,156,158,141,174,157,167,154,163,156,143,145,159,150,160,145,157,159,172,179,147,163,170,128,165,150,136,151,148,129,149,151,137,168,138,154,163,141,142,152,149,150,141,137,149,164,155,153,158,149,144,151,157,163,142,149,152,144,141,158,159,131,131,148,149,180,146,142,169,132,154,163,144,155,150,154,137,161,144,151,141,134,149,150,163,153,147,152,149,148,162,141,165,139,150,147,144,149,127,152,142,142,148,152,137,154,146,145,146,142,133,143,163,165,154,146,165,139,143,156,136,148,135,132,142,146,134,147,167,152,172,139,147,122,147,158,155,159,149,138,141,132,164,152,153,147,165,143,153,127,141,154,165,141,140,147,138,136,159,145,163,144,139,122,157,135,153,162,143,157,176,155,145,148,158,152,132,155,161,144,140,145,155,147,134,144,140,147,173,145,128,151,150,155,152,148,146,164,156,158,151,147,149,136,153,164,133,165,127,143,144,151,138,154,145,150,146,144,157,144,157,151,133,152,134,156,146,148,122,156,171,144,153,143,140,156,160,144,165,162,158,134,162,146,164,142,144,139,150,152,160,144,156,137,163,156,154,159,144,153,153,137,153,138,144,129,172,143,150,141,139,145,144,135,158,149,147,162,149,124,158,159,159,143,141,148,156,153,161,137,136,167,161,155,145,151,132,146,130,148,135,172,145,148,136,153,150,149,144,144,156,148,134,144,145,137,131,123,145,142,155,153,140,148,166,145,154,143,149,147,167,151,142,159,160,146,149,141,138,145,152,155,154,142,123,140,141,156,160,152,149,134,146,151,144,173,156,154,157,152,156,152,150,136,139,162,142,147,146,141,133,162,163,141,137,133,162,152,127,143,154,128,143,153,153,145,154,135,135,143,153,151,166,142,150,138,129,153,164,154,167,136,148,143,133,154,154,154,139,154,155,152,164,157,141,171,147,146,146,150,127,143,149,148,154,149,163,154,152,156,144,159,144,149,157,153,159,140,138,159,147,150,162,162,151,143,150,138,131,131,147,154,153,150,168,145,144,167,169,160,145,144,157,143,142,144,159,149,151,142,184,144,151,163,136,162,159,152,145,159,153,150,130,140,155,147,151,146,152,148,145,173,156,124,150,144,139,146,137,152,144,149,156,155,138,138,150,141,154,137,131,146,166,143,154,160,149,151,161,150,143,176,147,160,167,159,160,155,161,140,149,154,152,162,156,146,157,173,153,136,151,150,146,152,160,148,147,153,140,132,125,167,137,143,152,152,135,152,159,151,153,139,159,158,159,147,148,160,152,158,149,145,136,146,165,177,145,140,137,146,145,141,144,140,148,139,134,147,148,152,155,160,115,163,159,155,156,149,150,142,152,169,160,155,129,140,148,151,150,173,135,151,141,144,134,152,149,142,164,144,140,152,153,153,148,151,136,146,147,137,165,128,133,167,171,156,149,144,140,167,138,173,171,145,152,161,162,158,143,147,145,169,130,153,143,160,152,159,147,138,143,144,159,126,158,148,154,161,145,141,145,162,147,166,139,137,149,125,130,154,155,152,137,148,153,167,126,132,148,154,141,150,159,148,152,159,169,136,150,161,130,148,138,142,126,144,135,154,152,152,156,141,140,152,153,167,146,134,154,159,145,148,151,146,148,137,144,162,150,132,137,137,147,137,146,150,157,147,162,145,146,168,151,156,130,153,157,156,145,159,150,145,153,156,158,149,134,158,133,154,160,160,142,156,153,153,149,144,162,148,146,159,153,156,154,137,139,150,165,152,138,154,149,146,144,164,127,162,139,158,156,142,158,145,144,156,135,156,146,142,150,139,149,151,180,154,135,153,140,149,146,162,146,156,152,144,141,159,137,156,148,150,155,148,150,132,139,158,146,150,156,143,142,156,141,150,163,130,158,147,143,140,146,165,161,145,168,160,148,163,147,172,141,131,155,131,153,158,141,162,138,149,173,150,138,154,138,153,157,149,144,172,152,145,137,133,164,145,167,143,146,139,159,160,142,142,149,144,162,143,148,121,148,135,135,153,154,146,144,136,144,149,150,141,169,141,159,153,134,140,160,131,158,148,155,134,140,157,133,161,137,128,150,143,140,140,154,142,157,142,140,162,129,158,140,142,131,154,144,147,143,145,154,143,156,134,156,138,174,175,138,139,135,158,140,171,142,163,147,134,148,136,156,159,137,131,162,148,163,144,146,166,165,136,160,133,161,137,166,144,147,151,174,142,157,141,166,150,162,135,135,131,152,147,148,145,160,159,163,147,143,158,134,151,151,155,172,156,156,144,148,166,154,129,148,154,134,151,138,140,159,151,152,135,142,147,129,148,171,159,148,134,146,129,144,152,167,141,149,154,141,155,156,139,161,166,122,156,144,151,153,152,138,146,168,143,144,158,161,165,152,155,157,147,160,141,128,129,140,144,146,148,146,141,153,159,154,154,148,158,157,140,149,171,146,156,149,153,140,159,162,148,147,150,150,157,139,134,147,155,153,158,149,157,154,150,149,154,140,169,145,145,144,155,150,143,125,146,162,114,133,180,145,137,162,149,142,167,155,162,138,154,166,155,131,148,128,140,139,166,136,147,134,159,141,140,140,148,158,156,167,135,143,176,139,145,163,150,157,151,152,158,158,143,131,145,151,144,162,145,154,164,149,146,145,153,147,148,152,163,160,129,124,139,141,164,135,151,159,118,143,158,143,145,150,155,159,136,148,154,147,148,166,163,170,139,125,143,161,149,137,157,162,148,161,167,159,152,160,144,150,140,152,165,155,160,141,147,142,170,145,156,150,143,143,159,127,150,160,156,167,151,165,155,124,161,162,151,135,135,143,155,138,140,155,134,137,150,147,138,151,155,131,147,147,153,144,151,139,153,152,156,164,166,141,136,155,162,146,151,146,153,150,149,162,140,153,150,145,145,149,154,147,132,147,144,154,137,132,152,150,147,156,157,159,145,160,145,156,147,141,168,145,176,135,160,150,141,154,145,161,151,150,139,148,160,153,170,151,149,154,140,131,163,136,152,151,165,140,168,152,152,150,161,142,168,146,159,157,160,165,145,162,156,142,134,143,152,143,155,164,142,162,129,133,171,154,136,170,158,149,145,162,153,147,159,146,151,155,151,119,150,156,159,154,141,143,154,149,156,160,150,143,158,157,143,146,148,153,130,139,141,125,142,158,150,144,129,138,153,148,181,154,157,149,164,143,150,142,150,132,155,153,156,140,142,155,164,155,156,143,151,154,143,163,157,132,163,171,171,157,174,130,148,156,144,143,143,155,132,134,148,142,149,143,165,150,156,166,148,158,162,157,140,149,149,138,149,152,131,148,146,142,148,159,138,149,156,146,163,158,150,152,170,151,149,146,153,150,156,154,155,143,142,147,142,136,147,151,144,138,156,149,159,144,173,141,145,135,145,160,140,157,148,146,138,161,157,146,144,160,149,149,149,132,136,130,143,135,140,151,144,148,162,147,146,169,142,151,143,166,158,146,140,159,145,162,136,145,149,152,144,151,157,158,139,135,145,147,157,141,162,145,160,129,148,163,136,134,155,157,152,155,157,157,140,140,142,146,145,159,151,159,148,153,139,139,147,147,141,152,162,139,142,138,157,140,146,136,161,151,131,135,144,155,142,160,158,146,126,147,154,134,149,157,141,150,153,146,141,151,162,142,157,138,138,163,130,132,151,142,163,156,162,151,157,160,159,166,151,152,148,143,146,149,180,149,156,164,166,156,179,143,153,138,140,135,154,140,154,164,145,139,164,146,157,159,159,150,151,150,158,156,155,146,164,145,151,163,152,155,136,146,141,158,147,132,168,166,148,153,147,154,132,136,155,144,173,149,142,149,151,162,149,151,155,149,147,141,171,167,149,165,135,169,168,148,147,156,143,152,160,148,163,164,133,159,132,156,134,139,141,123,146,141,152,149,154,146,157,159,151,152,138,161,157,153,167,134,162,159,153,153,146,142,145,139,146,167,159,148,148,159,156,158,143,138,165,140,165,150,155,141,160,153,152,153,148,153,141,147,159,169,153,164,146,141,149,139,153,161,146,171,134,160,158,146,157,149,155,154,146,148,160,151,160,141,153,130,164,150,148,166,173,156,172,161,138,169,149,145,133,140,159,154,160,164,145,163,146,146,144,132,141,147,148,151,166,139,161,149,150,149,147,132,137,141,172,152,144,145,150,162,145,152,156,137,137,135,145,151,152,154,154,151,153,167,150,158,167,149,150,159,158,136,156,161,144,156,162,135,153,136,141,144,133,145,152,161,155,154,156,150,151,149,151,152,155,162,141,151,169,147,147,161,154,135,161,143,179,127,140,155,130,163,146,139,154,167,150,152,167,130,166,160,136,158,152,157,164,151,163,149,164,149,137,148,152,168,165,140,159,149,148,164,151,147,148,163,154,152,153,149,148,152,141,131,148,133,155,151,150,172,143,144,142,153,135,136,133,161,142,135,155,140,159,138,151,138,143,146,155,154,152,144,149,134,165,161,160,149,141,158,160,157,143,133,147,140,167,156,159,142,144,166,168,145,150,143,141,150,157,153,163,170,164,153,140,164,142,155,162,142,144,134,170,161,152,162,147,139,157,138,149,158,139,156,170,140,147,143,152,143,139,157,143,145,173,170,143,154,142,138,155,158,140,163,153,169,156,154,138,165,163,149,151,151,155,154,167,149,151,170,133,150,159,152,158,147,151,130,165,155,165,165,149,151,139,161,145,147,162,163,149,152,144,169,152,151,145,162,136,145,145,130,152,152,141,140,175,142,152,152,174,135,154,158,146,121,150,147,141,144,152,159,140,151,156,161,154,115,160,137,180,163,126,158,158,141,151,160,149,165,148,165,161,150,153,143,165,145,147,155,165,157,137,151,144,160,160,118,149,133,139,150,144,146,154,158,123,149,154,150,127,144,126,141,140,165,160,146,136,149,132,151,152,155,134,152,135,153,167,158,145,162,161,147,143,147,161,160,145,123,147,148,145,146,160,132,148,152,153,127,146,158,155,156,144,150,156,130,133,155,153,139,157,148,140,153,144,155,159,151,158,148,144,142,152,163,145,154,130,151,149,163,153,148,129,145,151,151,144,167,167,145,147,146,162,158,162,167,138,145,158,136,132,154,146,157,157,148,147,152,166,150,157,164,144,160,144,157,141,135,145,140,142,156,149,151,160,131,149,145,141,144,158,158
157,156,150,148,167,141,148,166,152,145,153,139,133,149,157,168,153,166,145,154,158,146,152,142,136,151,155,159,131,150,158,158,139,152,132,151,152,145,161,133,138,154,140,156,150,149,150,151,149,131,160,145,146,137,144,148,141,143,153,163,154,138,148,166,156,147,166,138,148,146,152,137,165,158,165,158,167,144,140,149,131,161,152,153,149,133,146,161,145,144,147,156,168,138,148,152,154,140,171,162,157,148,144,158,169,142,144,175,144,153,152,154,142,154,150,148,159,162,136,160,153,146,156,130,143,147,143,143,151,142,154,135,152,137,149,137,131,144,148,156,155,143,150,136,153,160,148,135,155,138,156,145,143,165,160,169,136,159,159,153,153,150,145,147,156,153,135,138,155,161,138,157,143,163,137,140,129,147,175,160,145,174,155,139,136,153,153,151,173,148,162,156,145,149,153,140,166,124,153,154,137,137,158,163,149,164,169,161,157,164,147,153,172,147,180,135,170,139,163,152,146,138,134,146,163,151,145,154,155,147,150,146,139,140,147,151,139,139,137,161,141,143,155,148,152,164,142,150,151,180,156,140,159,147,144,132,162,147,144,140,136,146,161,135,129,145,156,147,149,143,152,126,148,160,154,143,152,146,128,161,154,145,142,139,129,160,150,160,131,152,156,154,162,159,135,146,147,156,156,157,162,161,139,133,150,142,145,154,145,154,152,137,146,143,138,159,142,147,147,155,142,149,146,155,149,144,142,149,149,146,141,138,171,154,152,158,146,151,150,134,143,143,156,150,166,138,139,147,152,140,144,159,157,150,148,168,149,155,151,162,152,146,161,153,134,148,153,154,156,151,147,157,154,150,138,143,160,163,133,160,134,150,167,153,149,139,156,150,139,148,144,140,153,136,158,145,165,157,162,155,143,165,144,135,151,157,148,155,147,144,148,148,150,143,152,153,137,159,140,154,153,152,138,160,146,134,146,138,148,170,148,133,142,146,151,146,144,147,151,175,157,161,139,157,154,165,135,145,139,139,175,156,158,166,149,169,142,156,152,146,157,137,158,156,146,167,153,159,161,151,149,143,142,149,143,139,150,161,140,152,156,147,150,139,147,142,141,162,142,154,175,161,160,136,148,144,139,142,158,155,148,162,161,153,150,149,124,143,140,147,138,134,148,131,178,165,163,143,127,153,149,149,151,166,138,180,148,156,143,153,140,130,150,150,147,145,140,151,158,161,157,171,145,152,164,135,147,152,131,128,143,153,145,145,135,142,167,149,155,156,145,142,148,149,138,153,150,156,136,140,153,154,149,144,167,161,173,133,141,147,141,167,141,165,134,139,167,153,138,169,142,147,141,148,135,135,146,151,131,175,148,160,147,152,146,170,144,129,146,145,144,168,133,163,151,136,161,156,150,143,160,143,150,157,140,152,153,147,156,138,136,161,141,148,146,162,137,148,149,144,148,160,144,148,170,142,167,158,149,157,134,141,148,152,159,159,147,148,136,142,151,140,144,142,145,139,153,147,159,138,143,151,166,156,165,162,155,151,154,152,170,161,152,162,138,146,151,158,131,144,152,138,148,139,159,156,153,148,160,150,134,140,143,161,154,161,153,162,151,150,140,162,157,139,138,160,138,136,154,155,144,147,149,132,147,158,150,154,139,158,150,137,148,154,156,122,173,154,146,153,142,144,133,150,142,160,156,160,139,152,148,135,158,146,156,154,158,165,136,141,151,159,151,135,133,148,138,158,145,141,136,147,149,155,152,132,150,148,157,153,142,148,162,150,142,152,139,148,139,140,155,131,160,161,160,154,159,161,159,153,173,151,162,164,146,127,133,148,135,147,129,147,135,163,165,146,139,143,147,144,164,157,156,154,160,133,166,154,135,147,143,142,169,152,149,139,142,145,148,156,160,150,163,146,162,143,163,140,154,150,134,133,176,146,141,152,153,153,135,145,147,151,157,143,158,155,140,133,160,140,160,161,162,163,148,147,153,156,158,152,123,140,144,149,163,140,159,140,124,150,140,161,161,155,150,140,150,156,137,129,139,144,149,173,164,156,127,159,152,158,139,144,158,150,147,142,149,145,144,146,145,160,153,157,136,148,128,153,164,143,146,131,161,125,154,158,167,153,165,135,156,148,148,145,154,129,161,162,144,163,148,155,160,159,152,148,184,139,144,150,142,153,165,148,146,149,112,145,129,146,139,161,162,138,151,149,157,141,149,158,146,157,126,149,145,148,150,138,151,156,159,144,149,154,129,143,152,146,125,153,179,148,162,144,132,144,137,142,144,145,146,154,143,157,143,145,148,154,150,135,166,166,154,135,164,160,148,158,150,141,156,168,145,163,158,173,156,135,152,144,163,131,157,151,158,140,154,148,141,160,136,151,146,143,159,155,156,135,133,140,160,134,155,152,163,143,141,141,146,165,154,137,145,159,167,167,145,153,135,163,140,147,152,161,150,155,151,148,146,165,147,151,137,150,150,143,139,143,147,139,163,157,146,161,149,158,148,148,133,123,158,142,167,148,139,129,140,148,163,141,156,135,156,149,146,149,157,126,138,162,160,149,154,153,158,164,143,129,138,138,143,155,153,161,164,160,147,140,154,131,146,135,137,163,168,143,147,167,140,141,154,143,150,145,152,150,149,152,160,169,155,165,166,149,144,160,144,148,137,135,151,136,151,139,156,149,141,153,159,158,144,146,157,148,157,153,141,150,149,130,153,134,161,156,158,152,159,142,135,158,155,146,146,149,143,159,144,155,147,141,146,157,122,156,164,131,150,161,157,153,152,158,156,143,137,138,146,144,141,171,136,164,135,151,148,129,150,160,146,155,142,165,163,158,149,163,152,144,152,157,152,162,143,160,156,159,138,133,140,141,167,168,163,168,159,153,146,154,157,166,166,157,159,147,135,160,149,134,145,146,130,139,156,149,152,154,153,152,153,142,160,146,159,148,156,140,159,159,158,147,139,137,144,146,121,147,151,153,165,147,146,159,135,170,141,155,165,149,162,165,141,144,148,157,139,160,154,159,145,123,146,165,144,143,160,151,144,143,165,145,146,135,131,137,140,153,160,157,167,140,164,142,159,160,172,159,152,134,139,160,150,163,141,130,143,138,158,152,154,131,174,162,166,157,161,153,146,143,140,155,153,153,149,160,136,149,158,152,149,144,159,151,139,144,149,146,156,160,136,161,157,144,174,153,143,150,142,148,162,130,135,144,159,145,150,158,149,127,147,149,153,147,134,147,151,125,161,154,162,152,160,163,143,160,149,152,133,141,159,156,129,144,148,142,154,161,146,149,151,149,172,134,160,148,157,155,159,137,122,147,135,165,148,137,138,129,155,150,163,149,143,125,149,132,154,151,140,146,146,163,140,140,138,154,150,154,123,140,155,146,142,147,152,152,145,155,148,152,139,151,163,153,157,131,140,135,131,134,141,150,152,135,146,145,147,155,136,147,161,158,155,139,147,144,166,144,137,128,144,155,145,145,157,143,131,146,135,159,144,137,161,153,137,157,148,144,161,152,155,137,143,157,147,182,161,148,158,151,160,144,151,162,134,142,151,133,146,137,167,156,149,163,166,160,148,178,161,140,145,133,149,156,167,142,169,135,154,146,153,151,152,139,165,147,157,154,152,176,134,152,138,157,145,179,148,140,139,151,151,141,154,145,141,161,155,133,151,156,151,172,138,142,165,146,150,142,141,154,159,137,150,152,145,139,153,155,146,142,149,170,154,151,154,143,155,130,154,144,159,132,146,165,156,134,160,149,146,159,146,142,151,153,167,169,160,174,155,143,160,145,154,132,165,147,157,156,153,151,150,163,147,139,157,153,164,144,158,140,156,170,152,152,167,146,145,135,152,151,166,172,160,153,133,158,172,140,161,148,159,142,155,150,158,143,153,145,150,146,144,140,135,149,123,171,169,145,150,164,128,153,153,156,132,154,147,153,163,150,151,148,167,159,156,156,151,156,140,166,155,160,141,146,160,169,133,169,155,154,138,141,144,149,162,154,175,154,148,154,155,153,159,130,137,145,148,154,145,139,158,135,143,159,149,154,149,145,146,137,145,157,153,164,144,156,147,162,145,132,138,133,141,132,160,147,175,135,147,144,132,135,167,152,137,164,164,130,132,152,157,151,135,146,136,169,157,124,130,147,134,158,138,150,167,149,145,160,134,151,164,160,142,145,151,143,142,129,160,144,149,135,158,157,143,134,164,151,154,143,158,147,157,149,156,151,157,146,165,139,154,148,165,142,142,137,134,134,137,137,152,158,133,142,141,154,155,136,142,157,143,150,161,134,144,161,152,161,141,141,160,142,137,157,132,159,148,154,168,160,146,158,169,144,139,163,142,151,162,157,149,144,159,152,151,140,158,134,155,140,165,142,140,163,144,158,148,155,153,169,159,156,142,151,139,162,134,149,162,151,155,171,139,137,134,136,155,161,145,132,163,161,151,143,160,136,155,145,138,154,147,140,140,150,160,158,149,141,143,151,171,151,165,154,178,154,158,138,154,147,156,163,129,167,154,158,145,156,163,148,131,128,149,143,150,161,137,165,149,125,137,169,146,149,167,158,149,127,150,158,148,158,145,144,159,129,123,153,155,152,152,155,162,139,157,182,154,161,148,148,151,139,156,135,147,134,143,134,144,147,179,133,161,158,168,132,153,143,163,137,143,131,149,150,147,152,170,161,136,159,150,145,153,153,140,157,150,158,143,157,149,138,157,146,152,159,149,172,142,152,134,125,149,150,160,147,141,159,160,145,158,155,150,155,160,148,141,161,161,156,151,155,157,143,156,159,158,151,157,147,156,143,123,141,133,139,159,147,156,145,142,153,152,169,154,142,132,138,147,149,137,128,138,153,150,157,142,149,144,135,159,140,140,168,159,155,166,152,157,145,136,155,161,158,144,159,144,152,158,159,137,143,175,133,141,152,165,169,152,162,148,159,143,153,169,125,135,152,146,148,149,151,129,153,178,144,151,136,139,166,153,151,150,168,145,147,148,166,119,165,130,152,151,141,162,141,141,149,158,149,145,141,156,149,158,139,140,145,152,143,155,141,152,163,145,160,150,139,156,151,142,173,158,140,144,141,147,148,146,153,149,155,159,155,162,146,154,157,138,157,154,138,146,141,161,145,141,131,141,150,146,147,137,156,162,165,163,154,139,157,150,139,150,155,161,145,149,159,135,169,172,143,156,148,143,165,151,148,158,152,152,147,146,145,161,160,140,163,156,146,134,160,151,143,124,152,145,161,139,141,162,159,156,144,142,159,156,157,151,155,147,159,130,137,150,143,140,133,158,144,164,136,158,163,155,158,137,144,141,159,148,159,171,159,151,143,161,143,163,146,154,160,126,151,162,153,150,158,153,154,159,153,158,156,156,141,139,134,158,140,149,141,148,163,151,157,159,145,149,159,156,156,150,143,146,150,142,149,134,158,171,168,139,154,162,139,157,155,147,123,181,144,157,165,131,124,138,137,146,153,165,154,165,146,137,146,151,146,147,165,142,126,137,136,151,162,154,144,151,139,132,155,141,154,145,167,146,143,162,160,150,144,147,146,143,140,142,158,142,142,144,133,140,137,154,148,154,136,149,145,152,144,144,144,157,141,141,148,138,171,140,131,153,167,140,141,135,162,137,144,144,158,147,149,142,154,148,139,141,148,150,145,146,154,144,142,153,163,145,145,168,165,140,142,136,145,164,150,142,162,134,157,145,155,158,155,144,159,155,139,160,153,148,153,143,169,150,142,154,148,168,156,147,148,137,133,142,151,115,151,143,162,155,141,143,145,141,144,158,160,165,172,148,152,138,156,159,148,147,154,135,150,140,153,175,146,159,163,143,150,134,146,142,144,142,148,135,154,153,153,168,153,165,151,139,170,140,139,155,144,159,146,155,139,142,151,166,150,143,152,144,154,151,140,153,149,146,160,144,148,164,130,154,143,143,134,156,158,147,156,155,157,155,142,162,147,142,144,155,155,148,131,142,175,136,157,148,137,149,139,141,158,144,160,150,139,159,145,133,144,149,157,126,142,131,150,162,135,149,147,142,133,147,151,157,132,161,133,157,148,146,151,141,139,155,150,144,144,145,155,128,151,163,143,157,151,148,149,143,155,155,143,123,148,149,145,141,148,161,143,129,149,134,158,158,134,159,149,155,126,154,167,152,151,157,149,152,171,157,149,136,132,126,150,160,146,144,146,154,149,159,133,161,173,144,151,161,145,160,149,166,156,147,153,150,155,150,123,158,151,165,141,148,144,150,173,140,142,142,149,145,156,148,161,158,146,154,133,149,165,138,143,141,140,161,148,141,143,158,175,138,137,156,150,141,135,145,130,150,138,141,157,153,137,164,159,142,131,157,140,145,144,163,144,158,162,136,142,155,154,173,150,136,149,143,159,152,170,166,151,160,161,148,146,164,155,158,153,156,163,144,157,154,163,137,129,144,136,141,159,153,155,155,149,142,141,153,144,150,155,160,144,145,136,161,167,142,141,163,149,139,140,169,149,150,137,138,166,146,158,144,150,144,137,137,153,151,153,150,155,152,139,149,146,147,151,152,144,161,159,149,152,139,161,153,150,146,145,158,170,149,150,160,138,157,145,132,139,165,152,149,151,139,140,156,139,155,138,158,161,157,140,146,165,135,152,165,141,158,155,148,153,125,166,157,137,162,143,149,180,160,148,140,149,149,151,143,155,160,151,162,159,180,131,155,140,148,137,128,152,137,142,163,144,133,157,139,147,146,146,148,149,135,128,162,146,167,141,147,154,156,130,157,147,138,133,172,154,151,130,131,174,169,125,167,156,152,144,159,145,160,147,140,148,137,137,135,147,143,132,165,157,143,166,144,143,137,143,154,159,141,151,158,144,131,167,144,135,134,147,158,158,154,141,138,152,161,147,163,139,163,127,125,143,140,148,152,147,154,156,160,142,134,166,148,152,135,139,142,144,149,155,151,165,168,159,171,161,131,146,136,161,156,154,161,156,156,144,145,137,135,145,152,154,138,152,153,166,177,158,144,153,154,163,152,163,142,142,139,150,148,148,151,154,169,152,162,140,150,165,148,126,148,155,163,164,156,144,149,143,159,124,147,164,161,163,150,153,153,145,159,144,161,152,142,144,149,139,163,149,143,167,173,150,135,151,165,139,152,151,138,126,152,141,162,149,132,164,141,152,161,126,152,152,125,120,142,130,159,141,150,149,151,146,140,145,163,157,141,164,160,153,163,155,149,152,142,151,163,153,149,139,146,138,164,155,134,157,137,150,160,136,141,172,140,146,154,156,156,169,153,145,154,158,163,156,145,156,148,163,138,173,143,144,160,150,146,116,154,147,158,141,157,141,174,159,139,148,161,145,146,163,126,148,157,145,138,152,160,147,149,141,156,140,142,138,168,130,150,148,168,153,153,162,136,160,151,151,146,151,164,156,149,146,151,151,148,147,152,148,150,146,145,159,149,152,154,154,152,162,150,144,155,154,142,157,141,148,145,150,161,147,163,159,139,148,142,134,157,137,143,151,149,151,138,148,139,136,151,161,156,142,158,152,171,152,134,149,135,142,144,157,161,153,153,161,148,146,151,149,164,152,159,159,152,156,164,153,162,133,155,162,138,148,164,157,155,149,151,152,150,158,148,138,146,143,137,151,152,145,166,153,154,153,150,136,140,151,152,144,150,151,152,147,158,156,134,168,151,151,177,134,158,144,130,143,137,145,153,147,140,150,143,143,149,142,153,131,140,160,152,149,160,153,143,161,145,155,158,143,152,127,142,158,146,149,140,145,147,157,142,127,163,141,171,154,148,139,172,154,151,157,143,156,156,133,130,142,138,153,141,154,144,155,152,150,146,157,142,136,131,155,152,155,157,155,145,140,145,167,165,150,159,148,133,147,145,141,168,141,153,159,139,159,158,140,145,148,164,133,162,116,120,143,142,138,161,130,161,148,144,160,166,160,148,164,140,132,151,140,164,153,134,162,148,147,166,146,165,152,134,150,163,138,176,127,153,150,132,160,159,172,149,161,145,119,154,165,153,146,157,142,149,141,155,172,159,142,140,165,145,146,162,154,140,134,157,178,176,136,154,157,145,152,156,150,145,171,129,142,160,148,153,160,156,153,146,144,160,142,150,155,159,171,143,146,150,161,135,148,161,130,149,159,151,157,152,150,156,133,138,161,165,145,170,145,157,159,151,144,151,162,170,146,145,144,155,169,159,139,146,146,152,143,124,147,155,156,145,150,169,141,133,158,154,147,148,141,167,161,138,157,142,144,160,156,136,123,141,173,156,175,152,155,141,135,159,136,131,181,149,154,147,153,147,157,139,132,140,145,153,144,163,136,150,155,155,155,140,144,149,143,166,154,124,152,148,157,154,157,157,149,148,156,153,132,158,137,147,134,151,187,150,129,160,141,172,160,158,145,139,161,174,151,147,168,169,166,158,149,152,147,138,151,138,136,157,152,171,165,139,147,156,162,135,150,166,152,145,167,161,161,138,139,139,147,147,152,152,140,142,147,153,144,152,145,149,152,167,161,139,136,140,142,140,163,143,152,143,149,162,157,138,145,149,159,144,152,141,132,149,150,146,167,148,139,148,164,145,157,128,160,157,156,150,150,147,163,155,170,141,142,164,154,161,166,138,157,149,153,155,148,140,149,136,144,149,145,153,150,150,136,145,138,139,167,152,136,144,157,156,134,130,157,143,163,137,154,151,146,148,159,143,152,144,145,143,152,164,150,164,142,145,173,165,152,149,146,151,166,156,159,128,163,152,121,155,154,146,141,141,136,143,158,152,168,153,143,152,155,149,141,175,140,147,139,148,156,134,158,137,148,143,162,137,155,150,147,152,140,151,149,147,156,137,163,141,150,160,133,149,159,141,156,147,142,154,168,142,157,158,148,159,151,146,157,138,154,147,144,162,153,149,157,151,146,136,135,148,146,159,132,136,157,153,139,167,142,161,138,134,150,147,147,141,156,154,141,170,147,120,152,152,159,146,128,143,135,147,156,153,158,155,140,145,142,164,153,159,136,154,152,157,143,157,151,157,176,161,157,154,151,146,159,152,135,164,134,143,154,155,159,142,138,149,151,141,135,154,129,148,151,146,151,156,131,137,139,140,160,164,140,147,157,155,165,146,167,149,156,140,169,145,146,174,160,152,144,147,147,161,155,147,146,135,141,149,142,145,157,139,161,151,169,155,132,164,177,151,167,140,150,144,143,160,156,150,140,143,148,161,147,141,144,150,133,147,158,153,145,158,148,142,138,138,148,142,154,139,139,137,139,176,157,161,139,162,131,145,161,138,149,161,140,146,159,143,159,146,158,120,151,134,142,149,134,168,157,152,151,138,147,144,161,128,149,125,142,142,169,133,137,166,153,157,162,160,175,131,143,154,162,152,136,147,160,158,147,148,162,157,169,144,167,167,160,168,130,143,151,154,163,148,159,145,133,149,161,158,160,141,156,141,152,155,129,158,157,147,153,146,140,149,144,160,142,146,152,154,146,148,158,141,140,143,146,139,154,165,156,148,162,142,147,147,157,161,154,150,155,133,163,156,143,152,139,148,151,155,157,156,148,140,143,146,145,157,156,150,151,155,155,140,160,123,158,149,144,158,142,151,152,144,148,146,155,139,147,146,154,146,156,159,151,136,143,142,146,130,154,143,131,135,149,142,141,155,148,123,131,150,149,157,137,154,133,143,140,151,153,137,154,157,163,160,151,153,154,169,142,151,142,138,155,144,162,160,151,167,136,162,137,153,170,149,146,155,152,144,143,141,123,151,139,155,161,150,137,153,157,132,154,146,164,171,166,148,172,150,119,160,173,148,157,143,149,150,146,153,168,151,165,157,144,150,161,136,135,147,142,150,146,143,137,151,142,146,156,156,140,146,164,151,156,138,155,133,160,139,133,143,143,156,144,137,137,163,143,146,155,148,158,153,163,146,152,135,173,144,149,146,134,130,132,148,158,167,166,138,168,150,159,162,148,169,154,148,141,148,161,145,141,130,154,159,151,148,160,139,162,148,149,157,160,162,139,153,149,146,132,162,155,156,139,156,164,159,143,149,144,164,150,138,157,132,146,146,155,160,137,131,154,159,141,148,161,151,154,164,149,150,157,143,152,170,158,143,143,136,149,161,137,140,167,144,151,162,135,152,148,132,141,143,148,167,162,156,140,159,139,146,164,153,153,147,154,139,141,154,166,162,150,165,148,151,137,162,153,135,162,176,154,135,145,142,150,150,148,142,136,122,141,142,162,163,143,142,142,156,158,150,150,163,144,145,143,137,134,160,147,148,147,159,147,146,135,152,146,153,158,147,156,164,182,147,137,147,161,148,144,143,145,171,140,137,158,164,154,136,153,139,146,150,155,139,144,161,155,155,150,140,130,146,139,152,146,154,147,143,156,143,138,155,148,152,153,164,171,142,142,164,184,160,157,147,140,142,145,148,148,143,150,148,140,154,152,160,155,139,155,149,155,155,154,149,155,152,145,144,130,156,168,157,164,165,155,149,160,148,152,142,152,150,149,157,139,154,145,159,149,147,135,147,154,141,177,146,143,153,134,144,140,126,154,157,157,167,164,164,158,152,154,149,145,158,144,142,153,148,162,157,150,149,151,131,151,139,145,139,158,142,137,156,172,170,158,147,143,155,150,159,158,157,153,149,144,158,153,162,145,159,141,138,166,141,156,156,165,128,150,148,163,159,139,154,141,145,141,142,144,163,158,129,154,169,153,152,157,168,147,142,141,139,153,135,130,152,166,153,160,167,144,156,157,147,152,155,143,152,150,145,161,151,153,146,143,140,138,151,148,148,139,168,137,153,144,154,153,143,138,164,150,145,144,146,155,152,138,167,148,140,138,162,162,163,167,154,161,161,161,163,146,146,151,140,145,148,144,139,155,148,152,151,150,145,170,147,147,150,157,145,142,154,181,158,156,145,157,148,155,157,150,165,138,165,160,149,164,167,142,142,140,142,140,151,144,151,159,135,144,148,161,144,151,149,165,146,149,142,164,157,134,163,154,148,147,157,146,156,148,155,157,160,149,150,149,160,163,161,137,172,143,154,156,154,140,155,152,173,159,129,153,143,156,157,143,142,156,142,141,133,143,142,155,171,172,161,162,159,161,142,160,138,158,157,147,141,155,139,137,158,150,151,167,149,170,137,152,155,150,146,143,145,147,152,148,136,147,136,145,137,147,169,140,172,153,155,155,147,154,153,165,155,153,143,149,135,166,148,164,130,146,160,145,178,144,151,159,143,156,140,133,151,164,136,147,163,156,134,138,155,150,163,128,135,152,145,162,157,142,142,141,151,151,134,133,147,153,164,143,140,146,172,148,156,170,148,146,136,147,156,138,156,127,149,151,156,168,152,167,161,139,141,150,145,150,156,151,158,150,125,149,155,152,136,163,163,166,139,139,155,149,147,164,157,151,152,180,138,159,150,136,158,143,156,149,164,137,147,131,136,155,157,140,150,130,159,154,141,149,159,156,146,158,141,138,134,150,147,138,140,144,132,148,158,150,154,153,138,130,154,154,163,158,145,158,159,155,153,149,144,153,158,143,151,146,156,139,149,164,150,149,159,133,149,144,142,152,160,148,151,169,160,159,143,159,144,160,144,135,152,148,148,128,159,150,148,158,135,156,146,165,147,145,152,153,156,159,140,153,144,151,149,155,150,154,152,172,161,169,157,161,148,147,146,143,144,152,154,149,163,164,164,153,146,149,145,159,172,158,149,157,152,147,145,159,149,158,158,158,167,155,160,164,131,161,146,145,151,161,136,141,146,170,141,140,140,156,141,139,142,143,149,142,157,149,153,146,151,150,137,150,151,150,149,157,152,155,142,154,148,151,143,143,152,159,136,158,176,172,154,138,154,135,139,148,157,139,172,142,140,144,166,158,174,152,128,169,145,133,146,157,146,166,150,165,151,133,152,157,164,154,162,136,150,165,139,153,138,152,143,151,150,172,141,168,140,154,153,125,153,144,155,148,138,130,139,136,127,143,132,157,150,147,151,142,146,135,147,168,136,155,144,149,151,148,149,130,140,152,150,149,146,157,142,156,151,150,138,158,147,150,144,145,161,149,128,135,160,137,165,135,151,157,152,158,144,134,136,140,149,138,151,153,140,154,144,167,153,163,141,145,134,167,158,157,159,145,136,140,173,144,140,155,134,159,147,136,146,148,158,150,152,145,159,147,167,151,151,134,129,152,138,157,167,155,157,166,158,160,144,139,137,144,150,135,151,155,135,167,172,159,152,155,162,139,164,149,122,150,159,156,155,162,168,136,150,147,133,162,152,132,145,134,159,151,132,152,176,153,165,135,136,163,164,156,148,140,147,145,146,150,143,158,156,141,136,136,152,155,122,140,162,153,153,147,133,157,139,164,165,157,161,153,160,145,133,150,134,149,145,157,136,155,169,146,143,157,134,138,146,148,153,176,152,141,176,156,145,133,150,148,147,152,146,150,143,142,151,158,153,149,152,142,158,145,162,156,142,165,180,146,146,145,164,152,152,134,131,123,160,150,143,155,152,133,155,157,154,140,145,152,163,153,158,143,154,152,150,162,152,129,141,147,150,146,134,141,138,168,151,160,134,158,139,144,138,139,152,146,133,152,138,146,155,160,156,133,136,139,142,164,149,157,153,144,137,156,154,139,148,149,150,153,156,144,152,151,150,152,145,151,158,153,149,138,147,135,156,144,160,169,165,159,158,143,132,159,155,146,140,149,155,140,168,161,134,160,140,151,159,135,133,157,138,144,157,157,147,150,158,142,153,147,141,147,143,150,142,160,157,126,156,137,169,173,146,137,161,155,153,152,161,154,165,155,145,146,153,142,138,141,157,143,148,166,158,147,154,144,148,159,149,166,145,142,144,153,140,133,140,145,141,134,134,141,166,164,143,143,173,137,152,146,154,153,139,150,140,156,143,151,154,148,132,145,143,151,155,154,165,153,143,150,155,148,144,159,147,159,148,150,154,155,155,147,150,142,152,144,150,154,149,148,152,133,164,135,148,145,143,161,148,154,143,150,143,170,144,144,155,158,151,146,153,161,143,155,148,156,169,165,152,147,146,134,163,154,158,158,150,150,163,143,160,151,147,158,163,154,161,146,154,143,143,154,132,143,173,147,166,153,124,154,150,160,155,135,149,140,158,141,158,152,154,138,145,158,147,145,156,164,145,153,155,129,157,143,152,156,142,150,151,144,147,140,154,146,137,153,156,137,175,143,128,145,137,148,131,140,146,162,159,145,132,156,147,143,151,143,159,168,164,145,142,154,156,139,150,149,163,137,151,165,139,144,150,156,131,160,149,147,140,135,158,146,148,140,153,149,133,157,151,159,151,160,135,154,157,145,160,153,148,157,147,148,154,181,143,143,158,147,151,142,151,155,151,164,157,156,142,140,135,154,139,162,137,150,135,149,139,156,134,143,159,141,141,151,149,138,152,131,157,155,135,151,152,155,153,151,140,151,141,160,153,150,170,144,146,156,156,147,137,147,139,147,163,166,144,155,147,156,147,152,154,162,148,142,161,142,160,132,131,143,133,148,156,160,160,152,160,155,138,155,177,147,161,174,161,142,134,145,145,183,143,148,144,145,162,134,158,135,154,161,133,168,177,156,153,172,163,161,159,153,145,139,155,154,149,166,141,156,145,139,162,153,171,144,162,121,145,152,138,156,139,164,150,138,155,148,158,131,151,148,149,146,134,157,156,142,153,144,161,164,154,137,140,149,160,133,153,153,133,161,154,151,156,152,147,140,137,142,152,147,145,140,162,157,147,154,132,150,160,148,158,148,171,159,152,139,154,141,151,161,153,138,146,157,153,143,154,156,148,143,136,152,150,147,137,157,155,153,153,155,155,134,148,162,152,154,152,157,159,131,145,147,130,138,142,151,154,159,141,154,143,144,154,150,125,168,150,167,154,152,162,138,150,134,157,136,157,141,134,140,143,144,158,134,166,145,141,149,145,178,141,124,154,154,155,160,150,160,162,148,148,150,153,151,142,144,146,152,153,146,151,136,151,157,151,145,177,139,142,153,181,147,133,140,153,144,162,151,156,135,159,188,149,153,151,140,148,153,148,166,156,143,144,149,128,169,155,140,157,156,144,168,160,163,162,152,164,154,130,153,144,166,143,170,132,149,158,171,180,159,156,156,160,150,152,159,159,151,143,158,146,147,153,146,157,162,145,148,159,153,163,153,144,155,156,147,163,153,132,156,151,160,169,135,165,136,136,154,143,150,174,144,135,141,149,146,154,140,167,155,138,134,153,164,138,151,145,153,146,154,151,143,145,165,162,145,127,152,144,129,145,155,147,144,158,172,144,146,154,145,137,147,142,149,165,154,165,136,146,137,153,149,143,138,117,148,160,140,150,168,137,148,144,138,145,143,154,140,141,153,136,146,159,151,159,172,142,152,133,127,149,146,149,156,149,136,151,150,138,147,157,180,154,147,146,149,142,150,151,135,171,148,150,152,149,148,156,143,149,171,159,164,139,157,139,157,160,160,168,154,142,136,132,143,153,143,139,147,136,142,149,156,146,152,153,148,158,145,148,150,150,149,156,153,156,148,143,139,159,160,170,152,167,145,141,171,162,155,171,147,183,163,144,160,137,131,154,156,143,157,157,151,139,147,148,149,149,158,161,139,155,138,159,158,149,147,147,153,152,155,164,151,134,135,139,157,176,159,147,161,158,157,149,144,140,159,146,153,151,141,130,140,134,145,154,144,142,141,157,156,151,141,156,156,156,155,145,154,143,135,132,166,142,152,177,168,142,169,162,154,140,158,162,144,145,151,161,137,148,165,153,144,157,135,143,159,167,150,136,140,149,143,144,141,142,144,159,151,147,154,133,147,148,139,157,139,159,138,141,126,153,139,158,152,142,140,174,147,155,147,164,156,144,138,157,154,159,158,161,140,163,160,150,162,135,133,159,151,145,155,162,156,151,153,160,139,152,147,151,137,154,149,157,156,134,160,155,147,156,140,153,157,154,135,158,148,166,152,155,160,139,144,157,148,158,140,133,156,169,158,158,152,151,146,145,148,160,142,165,143,139,140,147,160,136,137,140,150,153,151,153,146,158,156,167,142,150,140,146,133,147,149,168,154,143,156,142,157,143,139,161,148,145,143,147,158,151,152,150,173,145,152,141,144,133,156,160,147,140,128,144,154,127,153,174,147,149,155,132,167,137,148,139,152,142,169,149,159,169,165,145,151,151,149,137,140,142,141,136,155,146,146,152,155,156,160,145,139,142,152,161,162,156,165,164,146,145,127,137,153,166,154,170,151,160,136,144,140,155,146,146,139,150,156,139,138,167,148,159,135,166,140,159,140,146,163,160,156,151,160,170,161,158,137,151,148,146,161,158,136,154,148,136,146,129,139,160,141,141,159,152,150,148,156,142,154,152,139,133,138,176,131,156,156,150,166,156,152,147,157,146,126,150,125,141,165,148,149,159,134,153,153,142,129,157,135,144,140,160,125,144,166,147,133,193,135,144,134,165,155,148,145,149,158,162,159,140,136,149,139,139,136,150,164,158,150,154,151,148,141,152,150,148,144,151,154,146,143,162,138,143,133,141,139,152,144,152,143,177,144,149,153,157,138,155,152,140,152,141,148,152,159,132,124,135,163,144,141,147,155,152,130,146,146,146,158,149,148,134,168,155,141,161,150,145,158,157,154,153,133,145,141,162,161,143,135,150,138,157,137,146,165,153,151,156,159,148,164,146,161,159,146,144,160,156,138,153,142,157,166,151,147,141,142,147,149,142,155,156,160,145,154,140,157,156,152,145,150,136,161,159,146,148,161,157,136,140,163,164,144,136,147,134,153,148,140,155,123,142,131,128,158,175,146,159,159,147,147,178,140,151,140,149,152,141,144,148,140,165,151,165,134,151,152,161,156,151,138,160,146,158,164,156,151,162,146,139,160,169,158,159,152,160,148,140,148,147,172,151,149,142,150,128,142,140,139,142,144,149,157,160,169,152,144,152,144,146,145,159,164,152,168,168,151,156,139,159,165,143,160,158,155,152,165,145,163,136,139,150,171,143,153,130,123,137,133,135,151,148,152,144,139,150,158,153,149,150,160,159,123,149,160,146,164,144,167,135,135,138,137,127,153,172,152,149,140,162,135,137,152,138,136,165,155,161,141,158,141,162,137,142,163,161,151,165,159,142,145,150,145,147,157,129,162,160,137,138,169,142,153,164,142,155,151,165,158,148,141,148,152,147,146,163,140,154,138,137,148,158,149,165,149,157,135,153,145,157,154,156,145,130,147,131,146,140,157,144,152,168,178,152,165,154,143,161,144,160,145,126,157,130,141,152,153,158,157,145,151,160,157,162,146,154,167,148,139,142,143,133,152,137,169,151,144,158,151,138,158,149,149,136,157,131,142,166,135,144,145,154,136,157,129,154,144,162,146,145,150,153,151,141,164,134,149,139,155,154,138,150,149,147,164,133,162,142,142,152,165,164,143,132,140,155,153,152,151,148,158,133,156,163,137,149,154,146,131,141,149,162,131,173,150,141,148,141,169,137,167,136,162,163,156,148,144,149,133,146,153,153,172,147,153,148,167,145,149,146,161,163,155,147,149,143,152,138,140,162,144,153,152,157,151,159,134,173,139,136,151,141,148,136,144,160,157,160,149,145,143,150,153,150,136,145,129,143,148,128,132,134,153,137,139,156,147,169,141,153,149,153,155,164,141,157,141,139,159,162,138,154,136,133,151,164,163,166,145,142,139,145,143,151,145,132,139,154,148,132,140,147,181,139,147,129,145,144,145,161,150,152,129,158,139,140,145,158,156,165,143,172,147,147,162,160,155,156,138,151,141,144,160,154,144,172,142,152,152,165,165,144,145,162,124,131,159,161,140,158,144,149,153,148,143,155,155,144,131,155,132,154,150,145,141,148,145,117,144,155,158,132,150,145,159,146,135,138,156,152,144,144,138,136,126,166,166,151,146,140,133,154,161,147,137,135,151,154,137,154,160,144,165,154,164,141,170,149,147,147,149,150,157,147,153,160,157,163,157,137,163,138,145,154,142,154,155,140,156,144,146,133,161,129,146,166,147,136,149,141,152,166,147,151,165,170,162,160,140,168,151,176,141,154,149,143,140,159,145,151,144,129,157,165,131,149,148,148,141,157,142,161,158,150,157,142,149,168,136,150,143,162,159,157,132,140,146,148,164,147,157,146,142,147,140,152,144,165,145,145,159,149,161,143,152,160,148,172,144,151,157,135,150,129,131,145,146,147,141,143,148,151,130,152,141,150,150,159,113,148,160,154,141,170,157,157,147,152,144,139,181,136,149,147,161,134,151,129,153,148,139,152,141,133,139,133,131,147,143,151,164,158,130,143,145,157,145,163,138,148,146,137,150,153,137,142,134,136,140,131,144,160,143,160,150,161,145,146,129,139,137,150,138,156,161,141,142,156,158,143,154,160,154,156,140,160,132,152,155,144,154,165,142,151,145,135,148,132,155,160,158,143,149,150,152,156,155,148,156,158,158,143,139,150,150,147,165,143,152,154,144,151,140,145,146,154,141,155,130,153,153,162,150,140,154,163,143,162,140,141,150,154,136,159,150,136,148,144,169,147,157,161,142,144,152,165,133,161,144,146,143,154,135,158,136,152,132,158,129,147,159,144,161,146,149,140,172,148,146,158,154,162,147,145,141,145,155,159,142,143,153,169,141,138,172,139,148,141,162,153,148,145,148,144,142,175,151,167,140,140,156,148,148,143,157,145,138,138,156,160,143,156,150,153,149,156,150,168,145,150,149,154,156,168,149,160,150,142,160,138,152,168,142,159,161,149,152,158,150,142,132,163,143,153,149,142,160,146,155,147,157,153,154,132,146,153,157,174,145,153,154,127,140,158,154,148,145,126,144,142,153,136,149,146,155,158,167,139,152,142,143,127,155,150,160,149,159,127,154,163,161,155,157,147,156,140,143,156,148,145,144,136,163,145,145,144,148,156,136,131,141,133,147,139,160,163,150,159,155,185,167,160,147,149,134,153,164,144,162,156,153,148,149,125,148,142,150,153,151,146,159,161,157,161,159,132,150,129,156,134,154,161,151,153,158,139,154,148,150,144,146,131,137,137,135,143,166,146,160,151,141,161,162,135,165,146,149,154,159,154,147,177,129,141,140,148,137,149,161,149,156,151,143,157,160,158,170,159,152,149,161,159,133,163,163,151,148,142,139,158,147,153,139,138,142,137,148,159,158,131,156,143,141,163,164,141,145,145,155,140,152,154,144,151,163,158,150,162,154,159,138,148,150,162,164,154,136,160,151,142,138,148,147,154,152,140,146,152,145,152,150,156,159,139,157,151,156,156,147,157,152,161,154,161,154,160,143,150,156,131,143,141,134,171,143,124,159,138,145,141,158,132,165,155,153,155,141,157,137,141,169,142,144,151,148,127,149,163,138,157,145,136,147,164,140,121,139,132,160,156,135,147,168,140,144,144,153,150,162,150,153,166,153,159,145,153,155,149,142,152,142,151,148,156,163,145,146,153,145,147,139,134,148,142,137,139,163,141,159,177,155,150,147,154,149,141,162,151,158,144,152,134,148,158,166,153,157,160,148,168,156,140,141,160,138,147,134,150,142,150,163,147,152,128,152,148,143,162,155,151,145,143,139,141,167,152,162,128,132,165,133,138,159,149,163,149,161,162,156,148,137,151,156,156,141,147,147,142,127,158,151,154,157,156,142,165,149,161,141,141,145,143,151,133,161,150,170,158,148,144,146,148,143,155,153,150,134,147,146,147,147,139,143,155,147,155,154,140,157,152,164,160,145,145,137,139,143,154,144,152,144,135,132,155,143,136,148,130,145,155,141,148,157,117,160,148,156,183,140,162,135,168,145,150,127,138,133,130,159,162,151,124,136,132,142,161,158,146,151,149,155,161,130,162,147,170,166,133,160,148,144,132,143,156,137,160,161,157,154,144,137,140,137,135,136,140,141,145,151,148,154,162,146,174,142,139,127,146,130,167,143,150,126,160,146,160,146,164,148,144,135,154,148,150,154,148,152,151,141,160,153,151,170,173,163,147,131,147,149,142,148,148,132,147,140,163,152,145,150,140,152,151,149,147,158,152,147,154,154,133,142,148,151,134,146,153,143,143,145,154,166,149,142,148,146,141,150,144,150,163,156,152,147,161,146,151,168,143,147,148,153,136,136,157,160,155,161,150,150,157,157,148,144,158,141,150,163,164,143,159,157,162,145,154,141,143,144,135,140,141,140,156,155,162,162,165,142,155,151,162,166,140,172,139,135,145,155,146,159,141,158,147,132,153,137,157,146,137,158,133,148,159,151,134,154,149,154,148,148,159,165,137,148,144,147,143,138,167,137,157,144,155,160,151,150,142,156,164,141,140,159,156,157,153,116,156,151,156,146,155,150,144,143,154,133,151,165,157,151,138,166,166,159,165,147,149,148,140,152,155,142,134,174,148,154,150,142,131,144,154,139,125,159,148,145,159,140,134,160,155,158,157,140,149,132,159,136,142,152,146,143,148,135,145,170,153,155,153,158,144,153,180,148,145,142,161,146,181,159,143,144,142,149,141,154,156,158,147,150,156,148,152,147,162,128,151,156,170,167,158,151,147,145,163,141,160,145,138,162,160,154,152,141,163,146,164,154,137,153,149,143,141,130,163,168,152,152,133,134,158,141,151,136,148,134,149,143,151,145,160,173,167,154,137,157,147,139,169,156,149,159,179,142,145,149,147,156,144,149,162,150,154,158,169,153,142,159,161,156,143,147,167,143,166,142,161,130,149,151,142,154,137,157,133,151,141,138,168,152,166,152,146,147,161,135,159,153,165,134,149,145,145,151,163,150,158,168,149,158,133,153,156,156,153,156,131,152,154,146,141,160,150,158,143,146,142,149,167,152,157,143,164,140,148,141,164,150,136,158,156,141,142,147,148,142,136,153,144,156,155,159,143,142,141,156,143,138,163,157,152,141,143,157,166,142,163,151,153,163,153,151,141,168,160,145,159,142,152,160,147,143,169,156,146,167,142,157,160,155,151,159,157,136,138,141,147,143,155,139,159,152,117,154,162,148,150,136,141,141,170,157,136,131,142,151,142,168,164,146,152,137,162,120,144,137,156,156,152,148,141,150,163,156,168,146,161,150,152,141,147,158,168,160,151,156,146,147,138,146,160,165,158,140,140,159,153,149,164,139,144,159,156,147,147,137,151,135,152,163,154,140,137,153,148,163,129,157,152,138,136,152,139,156,162,148,167,139,165,145,188,127,162,144,148,165,161,118,145,143,166,150,147,156,147,167,134,162,150,144,127,166,152,142,156,145,140,161,138,141,137,161,161,143,128,139,147,151,136,158,150,148,138,148,162,149,143,171,146,144,146,161,142,154,156,150,145,147,149,148,136,138,148,168,161,144,127,153,140,145,153,151,163,147,154,147,152,163,151,157,148,150,148,144,156,168,138,152,168,154,162,149,162,141,177,127,130,144,138,147,158,154,136,141,157,140,163,135,168,157,137,152,139,152,142,141,165,154,158,150,140,147,147,157,159,168,153,135,169,154,168,154,141,150,154,142,138,155,151,148,138,141,161,175,151,156,148,156,150,145,155,146,153,145,140,172,141,140,163,146,141,148,147,150,157,146,161,153,157,134,160,158,154,138,140,148,146,146,133,155,155,163,134,156,141,158,145,141,150,150,147,147,160,150,148,160,135,151,158,168,144,143,147,126,155,155,152,140,147,147,144,126,162,160,162,139,150,149,173,139,152,139,137,157,144,131,133,145,145,150,164,158,148,146,157,170,150,169,154,150,135,144,147,136,167,153,158,135,132,154,155,130,139,151,160,141,151,150,163,142,166,133,147,140,158,139,138,151,145,134,135,149,142,144,112,147,173,154,148,147,158,153,132,144,158,151,157,149,184,155,157,145,145,129,137,157,159,149,134,160,145,148,143,140,157,139,149,142,151,143,161,152,139,143,160,167,149,147,159,157,134,154,159,167,147,160,144,139,142,146,155,141,150,166,150,145,167,154,128,122,154,152,157,154,148,146,153,137,154,148,157,142,128,149,138,170,152,170,150,171,151,147,167,147,142,151,142,143,145,156,163,141,161,140,149,139,143,155,131,151,158,152,156,140,168,152,157,152,162,142,152,162,163,147,155,156,148,148,164,156,152,156,150,141,142,165,148,147,150,149,141,147,138,154,150,138,139,144,162,148,143,159,141,153,156,144,156,141,166,139,149,145,150,140,140,157,143,157,164,149,168,152,140,167,148,144,146,146,144,154,154,150,156,152,146,158,153,136,161,143,170,146,148,162,158,173,131,142,145,163,163,157,142,148,134,164,145,144,155,142,137,131,170,153,163,157,122,156,147,151,138,147,133,157,156,165,135,154,131,160,147,160,142,150,160,146,162,132,156,143,136,146,155,136,137,169,143,149,162,128,152,144,139,168,151,148,136,133,146,147,154,152,150,151,159,148,154,128,137,148,141,137,149,148,167,160,158,143,144,157,169,140,167,138,143,148,169,154,140,150,135,160,162,125,143,150,147,141,163,139,165,136,131,150,134,157,141,142,131,153,142,145,137,173,154,139,167,151,151,153,173,148,164,143,133,151,145,152,134,149,157,140,150,158,156,133,174,161,137,158,164,148,128,165,160,148,149,151,152,151,150,144,166,135,149,153,147,142,143,142,151,141,150,145,163,172,145,140,155,129,148,151,150,127,140,168,153,161,124,149,147,156,143,147,146,143,151,155,160,146,143,161,159,158,153,135,144,155,135,154,141,148,152,162,133,145,148,169,133,149,149,170,164,140,149,152,152,125,147,142,149,141,172,164,162,165,158,154,154,142,144,156,156,151,133,130,148,152,145,160,148,142,153,165,145,159,163,152,148,149,139,146,144,157,150,156,137,153,151,157,144,161,146,141,141,142,151,155,143,147,159,136,143,126,145,137,145,139,151,160,152,163,160,146,151,132,160,146,142,149,143,142,161,138,150,142,160,149,145,165,162,152,166,146,140,133,138,151,148,139,141,133,154,168,147,162,162,157,157,146,143,165,173,152,145,152,138,164,152,151,130,135,152,142,146,157,142,156,138,153,132,134,161,142,159,165,149,153,152,155,150,148,161,163,136,154,156,137,154,143,156,158,147,152,151,150,123,146,152,154,154,148,143,139,138,161,142,127,132,159,148,141,139,141,144,145,154,143,139,164,156,151,138,141,156,150,141,139,149,168,159,148,136,142,151,173,144,149,157,145,137,145,147,156,138,147,146,151,139,156,144,165,130,155,154,148,151,139,135,166,155,132,142,158,154,149,157,157,150,149,140,158,154,150,160,148,134,142,168,144,151,142,146,152,149,162,151,155,148,141,158,157,137,156,158,144,133,142,155,158,135,153,159,146,148,166,158,146,139,144,168,143,150,148,137,179,147,153,149,146,152,158,148,151,137,138,138,176,141,136,160,135,149,152,153,158,128,152,155,156,159,159,153,146,159,144,153,137,155,171,145,143,156,149,150,159,134,144,150,165,154,152,160,152,137,164,142,141,146,167,156,148,144,141,139,140,157,164,141,148,140,141
150,149,136,147,140,151,157,155,150,168,163,149,141,154,157,163,142,153,159,151,137,153,133,144,145,157,147,141,155,136,141,159,129,142,158,167,135,152,155,162,143,154,124,167,138,137,133,155,147,163,154,141,143,151,160,154,139,143,157,145,162,153,142,144,159,131,148,132,144,154,142,147,149,140,151,163,154,154,173,141,151,152,152,143,152,152,155,137,147,157,137,143,154,144,165,153,153,139,153,167,159,134,143,161,135,152,152,169,153,160,160,144,152,137,151,140,155,151,165,141,166,136,165,156,149,144,139,148,151,160,141,166,151,155,151,140,148,142,146,137,139,140,149,155,175,159,156,154,164,142,153,138,175,153,155,159,153,172,161,131,142,135,165,148,140,148,132,149,160,149,140,147,156,151,153,140,141,144,146,140,120,153,165,145,142,163,161,151,156,154,149,166,166,146,146,141,163,146,164,171,138,146,145,147,146,151,121,151,152,158,151,123,147,138,158,145,145,170,136,147,148,158,154,148,143,150,155,128,154,150,148,133,141,156,151,173,162,128,151,155,120,139,148,146,147,128,149,154,152,153,144,158,149,157,180,136,142,148,146,138,160,158,171,137,150,166,154,157,154,156,150,161,129,155,160,169,158,143,140,141,125,164,122,143,169,157,151,156,161,138,160,160,147,152,168,142,163,145,172,149,145,165,161,126,134,146,158,163,145,147,152,125,146,146,169,141,154,141,154,147,157,156,172,148,149,165,175,145,154,147,153,133,149,142,142,145,147,150,137,151,141,139,149,150,155,161,149,173,143,155,133,136,154,145,144,154,142,142,156,156,143,173,127,160,155,157,170,151,158,152,150,164,137,152,168,154,153,144,155,142,146,145,139,157,160,141,153,161,140,140,151,147,154,134,149,137,163,171,151,148,149,126,151,148,168,154,174,159,126,149,137,142,155,143,157,146,132,144,126,145,151,144,134,137,147,151,142,151,150,139,153,149,140,150,144,153,150,136,150,127,148,135,149,153,141,145,152,130,146,167,166,152,127,144,151,150,151,152,146,157,150,158,147,160,146,146,147,132,141,147,163,152,148,136,143,143,153,144,164,142,164,149,155,149,145,156,130,131,150,149,148,158,131,169,160,145,146,140,146,150,174,140,130,146,159,166,143,163,154,142,150,135,146,145,151,161,154,160,147,154,156,148,138,150,170,150,143,143,143,149,151,150,164,144,159,148,149,155,138,139,147,144,150,151,149,157,163,137,153,154,148,145,144,143,137,147,152,148,134,160,156,171,157,151,151,150,163,149,135,142,149,139,155,148,155,169,156,155,141,133,126,146,163,184,152,139,152,154,152,163,143,153,161,162,149,170,151,155,141,165,146,144,140,164,148,140,174,143,150,157,155,147,159,143,148,170,148,144,163,134,160,138,147,134,142,150,165,140,148,158,164,149,154,158,173,146,144,176,153,143,151,146,143,153,149,171,167,147,140,143,151,149,147,164,130,136,143,142,150,166,151,148,150,140,145,144,141,147,167,135,172,143,143,133,148,152,164,149,163,143,138,132,144,155,169,139,141,174,159,137,152,131,143,157,142,153,138,149,162,144,146,147,136,161,161,155,145,165,161,149,144,153,148,141,162,129,151,170,145,151,149,145,138,139,152,151,136,142,156,164,138,148,145,140,146,170,143,138,157,154,133,132,136,143,158,167,156,153,151,136,151,158,156,144,159,134,151,147,161,142,147,151,152,155,129,155,147,162,126,148,169,153,143,151,152,145,137,145,159,147,175,166,160,156,156,161,136,141,164,141,139,146,175,143,162,134,134,151,148,152,145,152,173,165,156,163,146,131,144,169,134,154,146,156,149,171,137,139,146,168,140,153,150,156,141,148,140,153,159,160,167,145,141,151,152,162,131,135,162,152,149,130,146,127,152,160,142,159,166,158,148,128,154,165,174,156,145,133,141,144,151,147,145,151,140,144,142,170,132,137,170,153,145,161,159,147,152,151,151,162,167,148,153,161,150,158,161,153,145,158,144,142,130,135,141,128,149,153,136,154,157,140,136,162,152,149,160,154,140,144,143,151,153,157,175,144,149,151,153,132,166,158,129,161,160,159,145,150,150,150,141,150,145,147,141,140,159,141,163,155,161,156,132,147,143,152,174,136,148,157,135,181,157,136,147,151,151,139,148,143,142,147,166,161,161,136,166,156,155,159,142,140,142,143,140,147,149,122,133,147,164,151,140,145,136,141,145,139,159,137,151,164,151,151,147,131,151,149,153,135,145,146,140,162,145,138,140,162,148,159,157,164,164,155,156,161,155,153,160,170,145,159,148,150,152,150,149,150,148,145,135,154,148,163,157,166,163,165,142,147,151,159,154,153,155,158,157,153,149,141,167,139,152,153,134,139,158,150,166,142,156,168,139,161,134,150,153,145,130,155,154,156,145,169,149,141,145,163,139,161,126,149,156,157,132,146,145,161,141,167,154,146,144,153,158,148,159,152,146,154,171,148,133,146,121,154,153,163,150,152,152,152,162,153,153,137,156,159,145,136,142,137,153,149,155,164,148,138,150,147,149,154,154,139,159,144,133,154,145,163,151,128,153,157,143,147,153,146,158,152,143,147,158,145,168,155,148,159,150,148,133,151,131,148,155,148,150,161,149,148,156,138,138,156,135,150,152,136,150,148,148,154,135,151,158,166,157,157,160,151,150,156,150,150,145,153,149,150,157,145,140,171,156,163,146,149,157,140,147,153,151,153,160,136,145,155,148,137,144,142,133,143,145,159,153,150,144,137,141,153,149,139,149,164,139,150,143,141,148,142,168,174,161,145,144,161,151,128,153,129,145,138,145,156,170,166,159,158,156,130,158,168,139,141,146,149,157,136,141,146,145,150,148,147,172,139,153,143,156,140,149,142,152,159,161,132,169,144,141,157,147,167,136,150,159,155,156,152,171,139,160,147,153,149,158,148,151,142,142,133,145,123,152,149,159,150,168,149,161,161,168,162,142,135,156,130,160,150,159,140,140,148,165,135,140,141,152,155,149,143,133,150,158,159,145,150,150,137,151,149,146,158,156,139,147,141,152,154,147,123,160,150,151,150,154,170,144,162,159,142,159,164,150,151,156,160,161,146,160,142,139,143,139,156,149,143,176,158,137,147,159,151,151,172,145,149,149,157,158,160,145,149,138,142,167,149,145,127,177,151,158,146,150,136,152,163,140,145,158,143,160,155,138,154,152,135,143,138,160,154,145,144,168,149,146,155,164,156,150,161,158,167,143,147,145,172,152,166,162,163,157,133,143,141,158,149,135,165,156,149,121,156,159,169,154,158,147,151,140,162,149,149,149,144,167,145,158,151,151,143,135,143,136,155,140,148,145,126,142,149,130,136,152,148,161,147,155,146,144,152,157,159,161,155,158,153,141,142,156,154,147,141,159,155,144,165,145,135,153,152,157,128,157,153,143,155,146,147,159,145,169,162,135,162,143,137,161,158,149,140,148,143,162,146,155,139,148,152,150,139,158,147,118,142,159,160,152,145,157,133,141,144,161,158,141,152,162,149,135,152,150,152,139,150,140,167,157,141,156,163,154,157,133,166,155,173,138,160,149,153,154,186,155,151,137,138,154,140,146,144,151,136,148,151,137,144,154,153,146,139,159,147,146,136,145,145,163,168,144,151,140,121,152,135,136,157,151,150,135,145,159,148,164,158,149,168,145,153,151,141,155,134,143,152,140,156,138,144,157,145,141,164,154,124,166,131,163,155,132,162,149,145,157,130,133,124,158,157,137,146,164,167,139,143,140,151,156,147,146,165,167,148,158,153,157,163,151,153,153,158,172,153,135,162,125,140,151,154,157,144,145,180,164,142,150,152,148,139,140,133,155,151,149,157,152,149,147,159,144,147,148,170,156,143,162,137,156,134,146,151,141,159,157,155,142,172,147,136,147,177,172,141,153,164,139,174,149,145,152,155,126,152,139,165,151,142,145,144,158,141,137,157,144,139,164,160,164,163,156,132,146,166,143,140,162,149,133,153,141,143,148,155,127,151,142,137,168,134,160,156,170,148,161,159,151,141,148,174,149,158,154,144,142,159,154,149,149,157,153,141,148,140,164,153,166,150,152,145,171,144,141,175,160,148,143,152,158,137,158,148,158,147,149,157,136,167,151,162,149,152,143,159,130,140,146,149,156,150,167,174,156,165,158,142,132,158,151,145,146,138,167,165,147,160,143,139,154,146,171,152,161,139,161,145,154,139,145,138,136,149,139,132,152,148,151,162,143,141,146,154,155,134,160,139,151,137,148,165,139,149,151,156,136,151,148,165,149,186,147,142,164,128,162,136,160,143,165,143,148,143,140,148,159,138,159,146,148,162,147,144,145,155,156,149,160,156,155,155,172,155,144,141,149,157,156,154,175,170,142,163,153,153,154,151,152,143,148,139,153,153,141,146,140,166,161,157,144,165,155,137,137,148,165,158,151,147,149,157,151,151,155,144,128,140,135,151,161,152,154,163,163,131,141,158,144,149,151,151,167,145,138,147,156,142,165,148,159,154,151,143,157,133,146,156,151,135,142,147,159,152,159,154,154,153,178,141,142,135,153,161,160,171,153,162,154,138,154,154,126,167,125,167,158,146,154,154,151,158,144,149,123,151,160,145,179,141,159,143,154,153,134,135,152,174,150,136,128,158,132,153,130,154,150,150,136,155,149,140,155,140,124,151,167,149,145,139,156,143,154,142,152,159,157,137,146,147,138,148,137,162,166,148,175,149,144,158,139,159,142,137,130,156,155,158,155,149,134,150,132,144,152,152,150,160,163,157,148,130,136,150,135,157,161,143,157,141,145,146,155,162,141,165,136,156,175,149,151,143,166,142,164,137,149,144,136,129,145,158,140,144,159,155,145,135,151,131,154,128,132,161,145,158,140,166,148,157,136,146,152,151,157,164,171,160,155,143,171,166,158,133,153,149,160,168,150,135,143,147,148,157,160,160,129,137,152,148,152,141,174,170,146,151,160,175,146,171,160,161,152,143,164,145,138,159,150,151,151,160,154,151,145,159,144,153,142,155,138,149,146,131,152,153,157,161,148,143,147,149,158,147,166,153,144,140,150,159,145,152,144,146,147,159,147,127,148,134,142,139,133,152,147,136,142,146,145,157,140,156,156,155,134,158,157,169,145,157,158,157,147,146,163,132,167,161,161,141,146,161,152,139,158,142,141,156,148,147,162,154,145,151,139,137,145,156,166,167,136,156,157,142,141,144,135,145,135,161,154,136,145,150,148,145,151,148,151,148,158,157,155,156,145,144,149,152,156,142,169,150,162,166,132,161,126,167,153,140,151,138,165,128,146,166,141,144,158,152,139,137,159,151,136,146,144,143,147,170,155,154,169,151,165,131,151,156,156,141,161,135,146,158,151,166,142,167,156,147,154,151,148,161,156,157,135,135,158,152,148,168,153,136,149,157,143,170,146,151,159,149,177,142,146,158,148,149,163,160,162,144,164,155,159,144,152,161,148,145,151,147,153,146,141,145,145,159,134,155,140,166,149,151,138,147,148,155,135,162,161,139,146,146,135,166,152,140,159,147,161,161,154,146,157,160,148,131,171,156,158,147,132,175,145,159,140,157,160,137,147,152,137,142,148,134,158,165,136,158,158,163,144,159,137,146,148,153,149,140,151,153,158,144,134,149,146,142,154,153,136,128,155,170,165,144,140,145,134,134,144,152,130,156,174,146,159,164,140,144,148,147,156,156,151,163,141,165,155,148,161,143,126,166,160,162,162,162,148,139,127,149,144,167,138,152,160,153,151,171,159,170,141,153,147,153,146,145,152,138,129,141,142,149,157,139,170,161,143,147,161,157,155,153,145,137,142,146,145,149,165,176,165,145,151,141,162,145,166,140,156,142,150,162,163,157,154,152,150,157,139,133,162,140,148,154,127,128,134,142,153,158,158,145,152,148,159,143,155,130,166,131,164,157,136,147,159,151,156,162,139,149,144,141,146,153,155,152,163,145,144,137,148,150,155,158,153,147,154,151,154,160,155,163,138,162,142,155,144,117,139,162,156,150,156,140,140,158,132,150,168,149,154,162,143,155,154,151,159,136,148,152,155,148,141,148,139,157,146,152,152,175,165,169,142,145,140,152,130,153,146,143,170,150,155,141,148,152,138,152,152,151,156,145,160,161,138,128,156,153,142,159,143,143,159,151,142,161,138,151,146,155,152,138,149,153,131,159,145,143,157,152,153,140,158,147,147,136,139,153,132,167,142,149,161,138,146,135,170,146,167,152,168,148,145,162,152,140,150,164,133,159,144,127,176,139,158,157,156,162,153,151,147,132,152,153,141,160,156,155,141,165,134,168,139,155,149,132,144,147,157,143,154,149,152,145,146,142,150,146,157,146,148,147,150,145,145,154,157,155,146,153,150,140,142,146,171,143,142,134,141,143,132,149,146,144,147,131,154,159,150,165,156,138,162,167,141,142,139,139,146,123,150,149,150,164,143,160,137,136,165,153,133,164,151,153,144,154,143,149,134,143,149,144,137,148,154,143,163,150,153,126,151,147,154,159,163,142,148,157,152,146,162,150,128,160,145,139,156,153,139,135,159,162,147,161,161,140,163,136,166,138,146,154,152,162,147,165,142,158,166,126,146,158,141,146,142,159,144,189,144,130,142,141,150,149,144,148,160,151,154,137,145,151,142,163,151,131,135,149,167,162,133,154,146,172,157,147,175,150,136,150,150,161,162,158,153,140,175,148,166,160,140,140,139,155,145,135,150,154,149,154,160,166,150,143,148,138,162,147,159,149,144,124,157,153,159,153,134,149,150,145,158,147,143,149,159,147,160,157,144,149,136,155,137,166,145,139,157,148,135,137,160,157,167,144,147,161,160,170,134,155,162,154,158,143,164,164,151,138,155,153,148,161,153,157,136,153,169,144,137,159,152,134,169,141,165,150,162,152,132,154,138,150,146,151,145,153,158,145,158,159,136,159,142,165,149,153,147,158,122,144,135,146,137,144,151,157,152,152,149,144,151,155,158,146,164,137,142,146,157,162,163,162,132,140,147,140,133,176,153,140,136,140,122,154,145,151,147,168,146,148,151,160,136,155,156,155,163,158,144,168,137,152,166,142,149,143,155,153,156,139,153,147,157,151,165,145,149,151,156,144,152,145,147,136,140,137,146,155,148,147,177,142,149,147,155,131,158,151,143,143,138,160,141,146,154,147,139,176,123,141,142,158,143,155,154,141,160,142,152,146,156,157,141,153,137,158,146,135,168,166,158,150,152,140,157,133,148,154,141,163,150,134,162,144,147,147,143,154,137,155,160,160,140,150,152,148,151,166,160,152,133,147,153,157,156,151,151,148,158,152,167,159,135,146,149,140,153,163,142,149,139,130,139,139,145,143,153,145,145,134,138,149,155,149,160,150,158,160,161,149,157,150,151,133,171,139,140,158,143,136,151,153,146,147,152,157,135,157,135,157,146,156,147,144,149,161,136,152,162,148,165,154,149,135,167,147,152,160,156,137,130,152,133,159,145,147,149,151,144,151,155,145,150,143,155,161,151,123,155,158,147,143,140,153,165,166,169,159,151,155,164,153,162,148,148,153,143,160,131,159,146,150,153,171,144,161,167,136,171,143,165,147,139,150,157,155,133,159,164,165,148,142,147,153,127,149,137,142,172,171,162,145,153,142,156,153,149,164,148,152,150,153,151,153,123,147,152,150,162,134,147,139,160,153,152,163,159,166,152,153,150,150,131,154,147,162,140,135,157,159,157,147,144,145,159,143,141,149,134,147,148,137,148,147,156,166,147,143,155,137,159,154,162,144,154,142,147,162,158,148,148,157,145,142,153,168,147,133,159,146,136,139,143,142,156,127,151,155,145,153,142,149,147,146,146,144,135,131,154,170,148,151,137,141,137,137,163,163,151,148,157,146,153,145,155,154,156,135,137,163,159,146,135,158,139,152,152,145,157,151,158,165,148,147,140,166,133,141,159,132,155,151,154,145,143,147,141,169,153,155,153,152,159,134,124,148,165,148,143,144,139,156,130,156,166,161,146,140,151,163,148,149,135,158,142,148,140,160,142,161,122,149,150,150,140,160,163,160,132,165,134,171,153,170,157,150,122,131,133,152,152,132,151,157,159,153,151,145,151,146,140,163,152,141,144,141,144,137,141,132,169,159,142,148,143,169,139,136,151,142,148,142,150,163,140,138,154,162,152,136,163,129,162,150,157,140,140,130,150,135,143,152,146,129,165,144,131,145,143,175,171,137,137,132,130,157,168,151,149,139,145,143,175,127,176,137,150,130,143,139,137,141,151,142,147,150,147,152,157,174,137,145,162,171,154,154,129,167,166,142,127,131,161,152,168,138,139,131,157,175,135,161,149,162,168,146,160,139,155,145,145,157,147,150,153,149,153,161,134,147,155,166,148,166,142,167,148,149,159,160,162,152,151,143,145,136,148,147,128,141,141,149,161,154,133,156,148,150,158,141,147,132,154,155,150,147,131,145,151,156,153,156,154,136,136,151,159,145,146,148,162,145,146,168,160,140,147,160,160,145,149,152,159,161,154,159,153,143,149,146,156,142,164,154,149,136,137,157,169,154,126,156,149,143,152,137,156,124,142,154,163,148,131,141,146,150,157,148,147,152,157,150,163,157,165,147,155,174,150,154,153,142,149,147,138,145,131,146,162,143,139,156,166,140,150,150,145,146,158,141,150,146,159,142,160,173,168,160,152,157,146,135,171,160,147,134,150,161,143,163,159,136,142,152,179,157,155,154,157,163,178,151,140,168,147,144,157,159,130,150,151,149,162,149,140,150,146,154,159,143,139,152,175,141,141,155,145,138,135,163,144,160,154,140,155,131,158,163,148,151,154,155,152,156,163,150,141,157,132,147,131,147,150,144,150,141,126,128,148,149,138,147,149,149,157,158,138,156,128,157,129,147,166,150,148,152,158,160,141,159,143,142,120,169,156,152,151,143,146,160,129,151,167,151,158,150,147,142,131,147,148,163,150,154,157,143,148,157,140,147,160,146,148,147,166,146,143,137,148,160,157,159,145,155,169,155,169,168,163,148,149,142,144,156,154,154,164,169,138,155,147,149,163,157,154,141,164,139,129,143,160,135,165,147,142,162,158,138,154,143,156,152,133,148,157,162,148,146,133,155,131,149,143,134,165,149,159,148,168,155,136,162,152,158,148,155,141,140,131,153,156,153,130,135,147,159,152,128,149,142,157,162,139,148,135,174,171,146,137,151,141,141,143,136,163,154,145,151,135,153,148,149,134,158,141,160,157,149,146,149,164,143,151,146,159,153,157,135,148,148,155,143,154,170,152,163,159,145,157,138,142,130,164,129,167,134,143,141,158,151,143,154,149,141,143,143,134,159,153,136,142,150,157,165,152,130,144,159,159,150,154,152,149,148,145,141,157,138,144,163,158,148,147,149,157,142,145,133,164,145,144,153,137,142,136,153,146,153,155,130,154,148,161,159,148,133,130,136,155,149,135,174,159,147,144,152,147,174,140,139,141,155,137,147,145,156,141,140,149,143,145,147,150,128,138,157,159,162,159,151,146,155,143,175,162,155,136,159,134,150,144,159,136,138,152,132,148,164,132,150,137,145,145,135,146,156,155,147,148,158,139,148,147,154,140,145,141,157,150,141,157,158,147,140,153,172,160,135,148,145,151,148,173,138,166,158,156,133,150,149,158,165,131,140,153,158,168,145,150,141,145,163,155,152,152,154,153,146,160,139,174,153,149,137,140,140,136,147,157,147,135,170,153,143,152,161,143,168,156,137,154,141,140,137,147,156,130,124,145,149,154,143,151,161,154,152,139,144,143,161,155,154,155,165,149,165,163,153,132,146,144,165,167,150,133,172,166,139,147,158,149,135,147,146,143,158,154,140,151,150,152,173,146,141,153,150,147,156,149,158,156,131,170,153,156,154,133,137,144,150,142,145,143,140,150,166,155,142,134,140,145,158,154,153,145,143,159,136,157,159,155,143,156,157,139,137,140,145,151,172,161,157,137,156,134,152,138,149,163,143,162,170,154,137,159,157,145,149,158,136,147,143,143,150,150,148,135,146,138,152,158,141,157,158,166,154,133,154,156,146,150,148,132,154,151,152,144,159,145,149,141,153,167,146,146,151,158,161,144,135,139,161,148,136,168,159,167,149,144,173,163,163,140,155,127,147,145,142,130,155,172,149,156,152,152,154,146,139,159,145,153,149,140,161,151,161,148,142,156,151,161,165,165,141,154,144,145,150,159,154,137,141,134,156,156,163,178,169,169,143,140,146,156,157,130,162,171,140,149,155,150,132,150,147,164,148,147,151,140,155,139,137,152,154,142,155,160,160,124,153,164,131,148,164,153,150,139,140,135,146,156,145,138,141,169,143,141,144,124,130,155,137,136,138,139,137,142,152,134,148,164,146,145,141,139,147,136,140,155,143,157,156,142,144,158,185,162,146,159,143,146,137,166,150,144,166,156,149,167,140,147,151,147,154,137,136,159,169,161,137,146,147,148,151,138,160,152,165,165,144,154,138,143,142,161,139,146,148,149,139,146,145,160,166,165,145,163,156,174,142,174,147,139,139,148,161,153,154,169,147,159,152,131,145,142,159,143,159,141,143,164,145,149,132,150,156,161,151,165,144,159,178,149,160,143,155,153,144,161,149,150,161,146,160,141,157,142,146,137,153,161,148,166,153,151,129,142,144,166,141,146,146,157,142,150,157,143,144,161,150,160,121,151,146,175,163,145,133,128,147,160,167,135,177,142,148,140,138,132,139,151,165,163,147,155,142,137,153,155,152,142,150,133,148,152,148,146,148,147,139,141,166,158,149,150,151,157,141,151,162,142,148,146,160,157,165,160,156,165,147,149,150,152,146,152,159,154,142,160,156,159,153,152,147,149,166,152,146,146,152,145,159,140,163,153,168,149,142,154,166,142,158,155,145,166,153,150,149,142,150,136,143,147,145,130,154,137,159,155,145,150,147,163,153,156,151,163,158,162,147,149,171,119,165,150,149,136,145,135,147,155,148,141,152,150,141,160,146,143,151,186,152,126,153,149,149,151,155,152,151,142,149,160,147,156,158,149,134,141,162,139,137,152,158,142,136,146,144,133,151,145,148,150,155,151,149,146,150,146,160,148,149,150,140,155,155,138,145,162,160,143,153,148,155,152,136,151,139,149,141,154,156,159,144,164,148,150,148,157,148,148,158,133,143,143,144,125,155,157,156,141,158,138,161,134,152,157,135,155,165,151,133,146,163,141,157,173,168,166,132,139,152,157,136,148,152,173,149,127,146,164,158,142,150,159,154,144,144,156,150,158,148,138,171,145,150,168,112,150,143,141,143,154,166,152,155,152,157,150,172,172,161,150,151,140,156,155,162,159,158,156,142,153,150,151,150,141,163,128,162,151,167,156,166,152,168,151,139,154,149,162,131,145,169,143,163,150,138,149,159,136,142,135,140,155,152,159,156,161,145,139,132,151,165,148,136,157,146,138,149,150,155,141,162,150,149,142,156,155,151,176,139,148,136,151,154,159,150,145,150,158,153,173,137,139,134,144,152,133,138,128,142,156,141,166,144,153,152,149,155,158,140,145,155,149,156,157,145,152,143,133,152,153,153,134,154,144,167,157,152,139,124,141,152,125,142,154,140,154,141,131,142,160,133,141,154,152,140,157,153,160,139,168,148,136,151,159,137,156,149,144,150,146,159,127,157,145,150,158,149,162,163,145,142,166,154,139,159,156,161,166,139,153,139,138,146,162,160,154,131,153,158,159,154,150,142,149,139,169,161,150,151,150,150,146,144,157,155,143,136,153,162,155,148,148,147,148,150,154,138,143,144,137,150,153,148,146,134,154,149,165,146,145,154,151,145,161,158,152,157,168,152,149,158,142,136,156,150,154,142,154,142,146,149,160,141,151,141,130,156,143,133,151,139,144,137,162,148,149,159,162,136,146,168,136,152,149,150,146,145,145,172,149,146,143,145,135,183,144,150,138,149,140,146,150,159,130,137,153,171,155,143,161,161,144,141,129,150,143,160,159,150,149,168,160,148,143,150,153,150,160,166,147,153,140,145,148,162,147,148,153,166,137,151,145,149,155,162,156,167,148,159,164,144,134,157,132,168,156,142,145,163,157,152,151,162,134,162,141,162,156,151,139,144,146,134,154,151,146,160,155,149,165,156,139,145,154,140,160,158,169,149,163,147,129,148,130,171,137,141,156,159,174,145,145,157,137,159,153,139,149,152,140,166,163,160,158,144,144,155,149,143,154,133,141,144,144,164,150,143,149,147,148,168,151,148,157,151,152,136,139,144,156,155,159,136,152,152,140,130,139,162,142,149,171,156,146,139,137,147,142,141,146,141,167,143,142,146,149,159,151,146,139,149,146,168,158,148,147,147,129,153,157,149,161,134,156,158,157,152,152,132,137,146,141,130,140,164,146,167,150,151,146,150,152,153,160,149,139,152,136,163,143,160,145,139,147,150,154,149,144,144,137,158,151,120,148,133,146,151,139,142,163,137,162,144,161,156,156,139,159,162,146,135,148,155,149,149,151,157,146,131,150,155,159,150,160,155,150,138,137,159,130,142,139,143,148,164,147,165,141,144,157,154,133,151,162,149,155,147,146,129,159,145,167,142,142,167,144,157,136,159,164,156,131,133,133,172,134,147,154,160,145,146,149,153,141,132,146,145,151,146,147,159,139,155,136,160,143,166,172,141,142,145,148,147,155,157,138,132,161,137,149,129,141,156,155,147,129,144,149,147,151,159,157,150,141,162,163,143,131,141,155,155,148,149,149,148,165,153,135,155,159,161,134,127,124,144,166,168,169,144,136,148,145,146,146,143,157,136,149,131,152,165,153,142,165,136,132,155,162,136,156,135,157,152,151,158,134,155,144,147,142,152,131,175,140,139,149,164,154,143,162,154,169,132,151,158,158,129,148,148,158,133,131,142,151,159,181,164,153,164,142,146,169,140,145,169,135,144,146,168,171,135,160,155,160,148,145,137,142,141,153,150,149,158,141,139,142,151,146,151,149,146,145,153,149,182,161,127,157,175,155,146,167,146,156,140,159,145,124,158,153,150,151,158,136,149,150,118,146,154,148,146,142,152,130,146,142,139,150,162,148,163,144,138,147,168,157,158,137,140,164,153,162,158,151,148,163,158,145,160,146,141,149,151,158,155,152,167,144,144,154,151,144,177,159,149,158,154,146,163,157,158,150,151,164,143,137,144,129,139,139,156,137,154,155,157,156,158,149,150,158,151,160,152,148,135,146,158,162,146,166,142,150,163,156,136,157,136,150,151,139,165,144,148,154,132,169,148,157,127,148,172,147,154,147,142,152,156,162,164,143,174,155,143,136,149,157,145,134,150,154,147,139,158,163,158,146,154,157,159,155,175,165,159,151,157,162,154,147,174,170,145,157,157,163,154,165,138,145,167,143,148,163,138,147,156,146,148,146,156,145,148,150,138,158,139,149,157,150,168,154,128,144,152,138,134,141,147,166,143,150,147,164,136,151,153,130,162,141,158,157,151,144,148,138,161,147,156,146,161,160,162,148,139,159,139,144,157,145,152,134,173,146,144,127,149,145,157,156,130,141,152,149,156,143,146,144,149,144,158,151,148,129,153,163,151,162,139,153,162,142,141,166,154,147,142,155,165,152,159,150,144,144,165,151,136,147,135,149,147,153,175,144,144,141,138,153,146,162,161,138,166,160,129,135,150,130,161,161,149,157,156,153,144,151,150,124,148,142,141,139,139,133,149,149,170,139,132,137,170,153,135,140,142,154,149,136,162,136,163,151,157,155,144,156,157,157,156,143,142,149,137,152,158,166,162,154,161,165,140,147,147,159,138,153,131,147,143,152,158,119,151,153,147,158,140,145,160,141,150,146,149,136,144,155,147,148,152,126,134,172,135,132,149,154,147,135,155,146,179,161,141,160,161,138,146,137,143,150,150,133,158,153,161,144,140,141,138,145,144,142,145,151,168,143,162,153,153,153,163,157,148,159,163,168,148,152,138,157,150,139,157,148,164,151,151,156,151,169,150,167,142,146,152,153,133,160,167,141,158,160,143,161,150,151,154,138,143,147,148,159,134,155,154,137,121,148,159,145,145,138,159,147,148,162,153,172,142,130,156,162,144,147,154,158,147,145,153,124,136,137,150,161,128,163,163,140,137,154,160,156,160,181,145,163,162,144,160,152,169,146,141,171,154,150,158,136,161,145,156,150,154,154,149,142,166,157,137,144,147,157,155,135,152,164,158,143,155,151,160,147,151,147,165,163,136,142,145,150,146,155,156,148,155,140,150,155,150,137,154,146,144,139,137,148,159,164,160,161,150,141,135,160,139,136,149,164,145,125,151,162,147,145,163,146,130,139,152,156,160,144,148,148,143,136,149,152,161,144,156,157,159,138,144,142,160,136,162,148,135,178,150,162,156,149,137,120,149,136,147,143,159,146,152,154,127,147,147,147,129,156,166,154,158,133,146,164,150,154,137,143,154,156,142,136,147,153,163,173,129,165,162,165,148,144,161,146,145,150,135,145,147,141,150,129,155,128,156,147,156,150,133,150,167,156,135,148,140,139,158,174,171,155,139,157,148,138,153,153,147,153,147,150,141,165,156,146,152,137,149,136,124,150,155,152,163,144,137,147,146,155,167,139,142,144,137,143,149,154,141,153,135,122,157,147,150,147,161,145,147,154,155,134,160,152,144,151,151,150,155,152,163,145,146,157,133,138,139,144,154,143,142,151,145,150,162,134,151,163,150,146,157,149,152,158,146,126,146,140,148,142,161,144,149,148,136,156,138,169,145,161,146,144,140,146,136,151,160,153,148,152,141,132,153,144,149,141,142,143,164,139,150,158,140,176,147,148,167,151,151,164,130,135,144,152,150,151,149,164,157,144,154,159,140,164,147,150,160,151,143,145,151,152,134,152,170,144,134,143,157,166,142,151,155,159,151,163,132,153,149,180,158,169,134,173,165,135,158,144,140,141,152,160,146,150,133,162,154,156,160,129,138,152,149,163,147,151,134,144,154,135,153,150,139,175,152,161,147,153,149,143,165,151,157,144,168,154,146,151,148,130,153,154,168,174,140,164,158,160,151,129,156,130,139,131,154,145,161,141,149,144,146,137,145,151,141,148,132,141,135,141,152,162,158,139,158,147,142,158,176,155,152,155,119,152,151,133,146,155,139,148,150,167,155,138,162,154,164,142,139,146,158,158,145,132,161,164,158,147,141,151,143,154,152,151,157,144,138,150,154,153,148,138,151,146,149,172,137,161,162,154,144,134,154,143,153,167,142,131,176,129,154,152,145,164,149,157,128,149,152,149,149,140,131,133,150,154,154,147,162,162,133,148,153,152,143,148,133,140,150,159,172,143,154,145,143,155,149,146,151,161,158,135,162,136,154,148,150,153,169,139,155,135,154,147,144,141,126,147,142,158,149,156,152,137,151,143,150,149,152,148,154,143,159,154,162,138,138,148,136,165,148,146,155,143,144,155,169,137,153,169,145,145,167,159,143,133,137,141,165,141,155,163,147,144,124,133,151,136,158,173,161,150,161,133,154,151,143,159,165,143,158,141,164,168,151,156,141,133,137,136,152,163,156,143,156,142,125,161,144,154,143,157,158,143,151,153,125,142,163,157,151,163,158,141,154,152,165,144,149,149,140,150,144,162,146,159,152,152,156,148,155,151,145,155,156,161,139,166,161,158,158,151,158,147,149,154,159,143,144,131,148,142,155,149,139,159,173,157,145,163,151,154,143,156,160,136,136,152,141,143,136,157,147,141,158,153,145,164,128,151,139,180,150,163,157,163,161,165,157,164,146,152,150,143,154,157,157,148,147,155,138,158,154,156,148,157,158,160,159,164,159,140,160,159,145,144,146,154,161,152,120,158,148,133,179,149,171,141,131,157,143,141,154,156,159,170,132,158,131,148,150,155,143,145,159,151,127,163,146,154,147,156,133,141,161,146,153,160,153,149,146,154,141,142,158,146,156,145,168,142,148,137,156,147,149,147,157,164,132,152,150,163,145,134,130,137,135,169,166,135,145,155,140,147,134,163,159,153,143,160,168,146,138,149,152,139,158,162,157,155,152,159,159,147,161,167,144,134,152,154,146,141,159,146,139,152,157,144,142,146,151,144,156,138,148,144,156,143,168,144,158,134,153,180,158,128,146,156,158,145,147,150,141,169,150,152,150,142,135,150,149,146,151,175,150,149,154,170,172,164,152,135,126,148,125,147,156,146,143,175,153,139,147,155,145,136,145,161,145,145,140,158,152,135,132,151,151,149,154,164,151,151,153,162,149,139,142,157,164,136,140,143,150,144,131,156,148,151,140,136,159,162,146,153,142,130,164,137,142,152,141,145,139,156,147,151,162,138,141,151,159,159,163,162,155,151,154,172,168,149,154,146,137,151,172,166,153,141,150,157,153,164,147,132,176,157,157,149,156,160,154,152,160,151,143,145,152,154,139,152,128,160,164,148,143,157,148,147,156,148,147,150,145,167,139,137,149,156,150,159,137,150,161,148,162,147,151,163,154,154,157,151,149,142,129,146,145,155,159,146,162,140,124,153,162,140,149,155,168,173,164,145,133,128,151,147,163,150,148,150,156,170,146,139,146,135,146,143,132,144,150,147,139,142,154,134,150,163,153,142,158,133,153,151,143,139,141,143,154,146,149,153,121,159,144,136,141,148,169,150,141,133,152,159,142,133,150,141,149,168,150,171,168,146,146,147,127,140,138,154,155,151,147,153,143,161,145,159,159,141,154,139,147,169,153,141,139,151,145,146,170,139,136,158,156,158,141,166,159,141,157,164,165,144,156,153,140,144,139,148,144,147,165,147,163,133,154,148,158,158,160,157,160,150,139,136,120,135,146,166,150,158,135,137,145,137,141,152,153,148,141,156,150,149,150,122,152,153,152,141,167,148,144,137,153,179,133,154,151,152,153,149,141,155,144,149,150,156,136,145,142,150,145,148,164,145,161,148,139,161,136,135,168,187,153,135,144,145,133,159,147,155,150,158,157,137,170,137,164,171,148,143,127,163,150,154,155,159,165,155,141,137,160,132,129,144,148,152,147,145,140,130,154,151,165,134,152,156,136,149,136,153,162,160,167,145,167,160,157,158,154,159,142,151,147,163,152,166,158,138,159,159,159,155,156,154,153,141,146,153,151,152,140,139,143,129,149,143,152,152,123,155,160,144,143,168,148,152,146,160,138,138,157,159,141,150,134,149,165,141,158,133,140,154,142,147,135,165,143,156,145,162,164,145,137,154,165,157,140,140,140,148,158,154,151,151,144,154,144,156,135,145,149,135,159,164,144,157,148,151,150,145,149,148,152,162,140,154,142,153,153,138,154,154,140,149,133,145,159,149,154,167,163,154,149,155,152,169,148,140,143,133,146,151,164,146,147,157,162,147,162,167,169,150,157,141,145,155,160,146,141,151,146,148,141,166,173,151,147,145,143,153,128,148,150,144,134,139,144,132,149,147,171,133,143,138,157,152,152,143,151,161,144,149,142,157,151,151,154,182,146,120,156,134,142,162,145,142,146,144,150,151,143,142,153,147,151,148,153,162,149,138,127,149,138,144,148,151,165,137,130,157,148,151,142,154,132,148,157,165,156,135,138,134,169,150,149,158,139,151,163,145,142,134,151,145,150,130,148,140,153,160,145,163,159,121,153,149,130,152,145,142,158,166,151,137,153,154,125,144,130,145,147,150,151,148,158,136,151,133,148,147,143,154,160,162,144,137,136,164,128,146,121,159,156,140,130,169,150,165,171,162,153,150,172,144,139,144,139,152,166,135,152,148,139,153,169,133,157,151,141,147,176,158,153,152,141,138,137,157,149,156,144,149,150,159,143,162,137,138,151,139,148,150,154,152,148,163,149,156,169,175,154,160,146,129,161,147,142,152,161,162,141,137,147,147,147,144,142,145,157,175,133,162,165,153,145,179,154,133,146,166,159,156,154,156,144,166,156,149,164,165,147,152,134,150,167,152,160,158,145,162,165,155,154,145,164,135,142,179,142,159,150,174,145,139,137,144,131,150,168,165,142,162,150,160,169,145,153,150,173,135,131,158,148,155,161,159,156,137,174,145,152,159,151,151,145,147,157,143,146,156,160,142,145,136,153,159,148,166,162,149,142,142,148,150,153,153,156,164,146,145,162,163,143,159,146,144,142,145,146,147,145,157,151,138,140,161,165,152,162,148,167,158,139,150,147,156,128,148,148,149,161,140,153,170,152,150,160,150,136,159,145,154,139,173,159,159,139,171,142,149,159,151,138,126,159,156,145,148,153,150,149,150,163,160,151,151,151,153,144,158,135,148,146,153,151,154,151,148,145,150,160,145,148,141,159,167,151,150,146,154,145,158,169,166,156,147,144,153,144,137,159,166,154,141,133,155,158,161,149,155,141,140,146,179,141,152,147,146,159,138,155,162,135,147,166,156,145,161,151,144,143,148,142,147,157,152,156,177,140,153,159,154,143,146,151,141,151,148,155,155,159,162,140,156,145,152,152,164,154,149,165,162,146,141,139,147,149,162,152,149,144,150,148,139,149,160,151,155,136,157,140,177,137,158,147,145,149,155,152,143,152,148,145,156,154,149,140,156,146,145,142,145,135,160,162,138,141,146,151,163,142,162,137,156,144,142,141,141,151,154,145,148,148,149,155,145,163,166,165,149,154,151,139,155,150,145,157,144,146,158,140,126,157,135,160,127,133,145,132,144,159,150,154,157,137,149,152,154,158,128,167,148,131,153,160,150,150,152,162,144,163,149,144,154,150,138,146,147,143,145,150,149,152,131,138,153,156,146,152,145,163,162,154,147,173,148,153,142,138,151,134,140,161,156,154,143,153,138,154,150,138,175,140,155,133,155,149,164,153,150,160,145,160,157,151,148,129,162,148,137,149,139,134,156,173,147,147,159,143,164,139,167,146,157,149,166,136,150,144,140,126,146,142,157,155,142,148,141,161,159,153,164,139,150,146,134,150,140,142,155,177,122,156,132,157,139,152,150,142,153,160,160,146,154,171,156,140,165,136,144,135,146,144,150,158,150,172,160,139,148,143,162,160,147,135,142,133,141,152,156,141,156,167,140,147,149,148,170,151,151,147,150,161,157,171,158,147,143,140,163,158,155,160,164,140,165,141,148,136,157,149,160,162,161,140,145,148,150,146,150,150,161,146,148,149,165,141,154,135,144,150,143,147,148,149,180,147,144,171,140,152,149,159,148,162,153,156,142,153,162,158,142,151,150,148,149,157,165,174,156,143,135,149,155,143,157,146,163,164,151,143,128,140,168,145,134,157,149,154,145,154,126,155,133,149,154,148,157,155,156,159,147,156,153,143,158,150,145,133,165,145,146,147,157,155,149,142,140,146,144,165,133,140,143,159,143,137,143,148,149,156,155,164,145,138,135,135,147,154,147,149,153,160,152,145,154,150,147,152,143,152,149,133,153,177,149,150,153,142,162,143,132,166,163,144,156,151,147,150,143,155,161,147,141,161,142,154,162,137,140,159,137,152,137,148,136,139,153,149,172,149,146,153,136,157,160,158,150,146,162,147,170,151,140,147,161,155,158,141,151,148,155,144,146,149,131,147,151,150,141,145,156,167,161,158,153,161,130,152,148,165,154,145,166,157,160,141,159,137,152,155,170,165,147,148,140,153,145,147,141,159,148,142,156,151,147,136,150,149,146,148,159,154,153,132,161,154,153,155,168,152,168,151,148,154,139,144,151,157,161,174,151,152,156,137,156,136,153,141,151,138,156,165,151,145,137,146,145,148,144,149,150,142,158,143,149,126,154,146,139,149,138,160,151,156,143,149,149,137,145,143,161,144,151,154,148,165,147,144,162,140,157,144,141,155,158,157,157,168,158,155,148,152,151,161,161,142,156,147,150,152,149,142,140,161,140,136,144,144,162,170,155,157,141,146,146,153,162,141,162,153,150,142,150,152,145,149,142,142,145,148,128,160,171,134,154,138,135,154,141,146,148,144,158,146,141,155,131,165,145,171,141,152,160,158,135,149,158,156,154,164,155,153,136,160,139,136,141,154,149,152,148,147,160,141,154,130,163,166,134,149,120,166,165,142,143,163,148,168,160,154,150,156,171,154,159,147,160,144,154,150,153,140,140,155,153,160,147,135,167,139,157,142,137,156,144,145,146,155,140,146,162,162,141,159,130,145,141,149,123,139,151,145,139,164,148,136,139,167,135,137,144,162,153,144,160,125,153,152,146,140,153,145,136,136,160,149,136,148,163,139,130,153,152,131,148,163,145,162,168,146,146,148,158,159,135,142,139,155,153,139,153,134,145,162,158,144,155,150,156,141,150,156,167,144,144,156,146,156,141,155,157,153,147,136,154,166,151,149,154,136,159,154,153,148,164,163,154,152,153,154,134,146,145,148,153,159,170,150,138,151,146,140,166,163,144,153,158,135,161,152,167,164,151,154,147,141,157,161,153,168,151,161,142,163,156,169,156,151,155,160,155,158,153,155,143,150,141,152,151,147,151,162,152,152,158,160,144,136,157,159,172,141,145,147,158,146,166,142,147,143,148,160,146,166,162,151,141,176,151,151,141,159,175,149,149,154,163,171,138,155,151,161,153,158,121,145,151,146,170,124,131,149,148,163,160,142,150,160,152,155,144,149,134,140,162,143,156,141,160,171,141,161,146,145,151,158,161,153,162,157,135,150,159,158,156,132,145,153,150,163,145,148,149,143,147,139,153,131,146,146,169,163,126,144,131,155,152,150,154,160,144,170,161,141,174,159,160,162,158,146,134,154,146,153,168,133,143,151,154,163,145,149,175,149,162,153,148,160,144,136,147,145,139,160,159,153,141,139,146,133,143,153,139,139,146,145,159,144,144,146,136,150,135,137,154,144,139,156,141,144,157,150,164,168,156,149,127,165,153,136,149,147,162,149,140,159,155,154,145,165,155,149,151,152,141,137,161,136,157,165,149,152,148,153,166,144,148,144,136,147,140,138,162,160,143,139,142,161,161,131,152,145,141,150,152,145,148,146,146,160,131,151,145,144,133,145,149,143,149,126,138,152,140,153,154,134,137,160,152,156,155,146,155,157,158,136,133,145,148,157,163,140,159,143,145,146,155,158,147,143,145,167,144,139,169,154,164,135,172,140,147,153,154,148,175,143,142,148,145,163,146,144,166,160,145,157,144,133,151,158,153,147,143,148,151,157,144,147,142,134,147,163,153,153,123,149,134,152,164,151,139,143,165,144,129,145,161,161,143,141,171,155,144,140,156,163,155,155,145,132,144,139,144,158,129,158,148,159,160,142,161,151,153,144,148,150,151,138,143,150,153,135,150,115,142,139,149,140,152,130,141,169,161,160,157,160,163,136,157,161,148,169,149,149,145,149,160,156,135,152,160,148,141,154,151,146,165,157,150,153,128,163,156,169,164,133,146,133,144,146,132,146,147,149,141,152,149,164,138,167,130,146,161,133,166,154,145,124,166,165,157,147,151,142,137,152,160,176,151,161,141,138,149,129,146,154,166,148,135,141,130,150,152,146,156,145,161,155,153,154,147,152,159,136,158,151,158,164,139,157,154,160,160,134,151,156,167,137,163,141,161,126,132,158,142,142,135,137,150,143,145,168,161,131,143,144,176,155,162,143,149,163,147,152,148,138,161,161,143,121,147,143,145,152,135,168,146,152,153,167,131,159,158,152,152,150,163,179,138,162,136,158,157,142,137,160,147,138,162,134,130,134,148,139,153,170,147,153,129,172,150,158,146,158,144,140,167,155,136,146,138,142,162,155,136,156,134,136,160,149,154,159,159,145,130,148,148,175,158,167,156,144,136,159,149,163,159,148,161,150,158,131,141,146,133,147,156,141,148,150,141,149,172,150,155,138,138,157,129,145,153,146,154,149,131,163,143,155,151,147,143,144,154,156,155,157,146,158,153,153,152,183,156,138,153,156,166,141,155,149,148,159,136,161,137,149,146,130,153,158,150,146,155,133,140,146,161,142,156,148,151,141,150,138,139,141,158,121,152,149,148,153,155,151,164,132,141,165,150,150,147,159,135,137,141,148,141,148,150,167,144,143,145,149,156,161,137,145,136,152,137,153,155,153,149,147,143,161,155,156,161,147,156,161,155,149,163,147,161,152,154,159,147,157,148,145,147,150,138,147,128,146,149,159,154,155,167,138,161,162,157,169,146,160,151,147,157,138,134,146,142,157,139,145,146,144,144,168,130,152,151,146,146,132,147,147,169,133,144,150,148,180,141,136,144,152,155,144,133,129,150,151,146,148,151,145,135,152,148,164,147,156,150,127,152,151,156,141,152,136,159,139,165,144,159,156,142,143,164,138,147,139,159,155,145,142,130,144,173,138,150,169,157,139,159,154,136,138,148,158,153,155,164,151,143,140,157,152,143,138,131,156,151,154,148,138,146,156,145,156,138,150,158,159,141,133,159,180,159,145,146,158,145,155,149,148,147,145,156,166,139,155,164,152,150,144,144,141,152,146,144,139,147,154,164,138,143,161,159,155,150,162,140,152,150,152
